equivalent_panel_id,panel_ix,panel_iy,panel_center_x_m,panel_center_y_m,panel_center_radius_m,panel_grid_point_count,equivalent_cell_size_m,panel_visible_fraction,panel_q_abs_mean_W_m2,panel_q_abs_max_W_m2,panel_temperature_grid_mean_C,panel_temperature_grid_min_C,panel_temperature_grid_max_C,panel_temperature_five_point_mean_C,panel_delta_rms_C,panel_delta_peak_to_peak_C,panel_delta_max_abs_from_mean_C,panel_temperature_gradient_C_per_m,T_center_C,T_upper_right_C,T_upper_left_C,T_lower_right_C,T_lower_left_C
P_0000_0029,0,29,-26.6085,-3.9014999999999986,26.89300977019865,12,0.783,1.0,34.219175758226825,47.60060675875747,33.43234274618083,32.525006982752814,34.099704197575704,33.24826496054069,0.635074795156089,1.5746972148228906,0.8514392370350166,2.0111075540522227,32.71911648414323,34.099704197575704,32.99699441267245,33.90050272555925,32.525006982752814
P_0000_0030,0,30,-26.6085,-3.1184999999999974,26.79061989764328,14,0.783,1.0,36.504291031701776,51.71605161302103,33.54790655432931,32.14500947264355,34.30560426116688,33.45451795237851,0.6986186754404846,1.8866088995240489,1.035522590735681,2.409462196071582,33.28544075008887,34.30560426116688,32.41899536164283,34.156923025293054,33.105626363700935
P_0000_0031,0,31,-26.6085,-2.3354999999999997,26.710799922503256,20,0.783,1.0,39.4626519951692,55.37269230593338,33.696926876324696,32.5849002532334,34.48798683506118,33.58801468036728,0.7448354562657344,1.903086581827779,1.0031144271338803,2.4305064902015054,33.545815630417906,34.48798683506118,32.97316514491649,34.348205538207424,32.5849002532334
P_0000_0032,0,32,-26.6085,-1.5524999999999984,26.653752615719984,16,0.783,1.0,43.40096875425483,57.30484492041232,33.89384521377227,33.03662531465528,34.58380236058281,33.806668765330606,0.6481995152700566,1.5471770459275263,0.7771335952522023,1.975960467340391,33.717218840612645,34.58380236058281,33.179822959241335,34.51587435156097,33.03662531465528
P_0000_0033,0,33,-26.6085,-0.7695000000000007,26.619624386906736,16,0.783,1.0,45.368942933084014,58.448088669218,33.991592030963005,33.214572160089745,34.639986479465904,33.91641610318193,0.6145363144248396,1.4254143193761593,0.7235703762839734,1.8204525151675086,33.83969823481294,34.639986479465904,33.28636420327621,34.60145943826484,33.214572160089745
P_0000_0034,0,34,-26.6085,0.013500000000000512,26.60850342465731,21,0.783,1.0,44.24469613600828,58.84293449431699,33.93402081977681,31.93911306389276,34.658328440685864,33.958059452910064,0.6041374001971203,1.3567913629923396,0.6990786383848189,1.7328114469889393,33.875185361755314,34.65713809129488,33.30952905744846,34.64809802574911,33.30034672830254
P_0000_0035,0,35,-26.6085,0.7965000000000018,26.62041856357634,16,0.783,1.0,45.84176059030331,58.76330044069752,34.012165917049316,33.242053214079306,34.65361483924369,33.93653486874397,0.61432896836753,1.4115616251643814,0.717079970499718,1.8027606962508063,33.858001860231695,34.62886663908927,33.242053214079306,34.65361483924369,33.30013779107588
P_0000_0036,0,36,-26.6085,1.5794999999999995,26.65533891174524,16,0.783,1.0,44.29406877344681,58.04033905386452,33.932720996377384,33.082476782842775,34.61579827213143,33.84599393304849,0.6476205463496063,1.533321489288653,0.7698043390829383,1.9582649927058149,33.758432272525965,34.56136626017644,33.082476782842775,34.61579827213143,33.211896077565825
P_0000_0037,0,37,-26.6085,2.3625000000000007,26.71317424979667,20,0.783,1.0,40.828569671580446,56.52846880135829,33.75637861636959,32.653737128259934,34.53806853809522,33.647459975043475,0.7434015761229408,1.8843314098352835,0.9937228467835411,2.4065535246938485,33.60531131534532,34.416594726445055,32.653737128259934,34.53806853809522,33.023588167071864
P_0000_0038,0,38,-26.6085,3.145500000000002,26.793776189630307,14,0.783,1.0,38.328016280976115,53.39718106091178,33.627328993599775,32.223077538556936,34.37858486824382,33.53415606429924,0.6996257100317214,1.8861499056192201,1.0417211016746393,2.4088759969594125,33.36336759243005,34.24366166368668,33.19273123451103,34.37858486824382,32.4924349626246
P_0000_0039,0,39,-26.6085,3.9284999999999997,26.89694005830403,12,0.783,1.0,36.478193453830016,49.70201856862091,33.530751514244194,32.63064057042084,34.19099908751252,33.34720326662172,0.6330224953077849,1.5603585170916858,0.8437958208908043,1.9927950409855502,32.8200872445442,34.005581977297254,32.63064057042084,34.19099908751252,33.08870745333377
P_0001_0024,1,24,-25.825499999999998,-7.816499999999998,26.982478064477323,8,0.783,1.0,27.752218902052622,39.85374127106816,33.08399964181498,32.186695557278085,33.69038480273991,33.023962843688025,0.48873550473124877,1.5036892454618282,0.83726728640994,1.920420492288414,32.92043319850512,33.69038480273991,33.14092619443187,33.181374465485135,32.186695557278085
P_0001_0025,1,25,-25.825499999999998,-7.0335,26.766146015069108,17,0.783,1.0,34.556776098834916,51.5006755750569,33.43032438659173,32.256623866800226,34.275530650953385,33.37966862811474,0.6853656436690185,1.7504878284856318,0.8958620228386422,2.2356166391898236,33.63390040934166,34.275530650953385,32.637211235916595,33.82665802189433,32.52504282246775
P_0001_0026,1,26,-25.825499999999998,-6.250499999999999,26.571134723605613,16,0.783,1.0,43.45427539407713,58.39582353548173,33.879096101144285,32.88614760097215,34.6214057168109,33.87433187595534,0.6421280512204663,1.7352581158387466,0.9881842749831904,2.2161661760392675,34.10001515616591,34.6214057168109,33.394212108266004,34.36987879756174,32.88614760097215
P_0001_0027,1,27,-25.825499999999998,-5.467499999999998,26.39791670757372,16,0.783,1.0,51.338050443671605,63.92120019274149,34.27496360837448,33.52360331325781,34.898249069851374,34.29787773399382,0.5244311275474368,1.3746457565935657,0.7742744207360133,1.7556139930952308,34.52570070234799,34.898249069851374,33.84557296958195,34.69626261492999,33.52360331325781
P_0001_0028,1,28,-25.825499999999998,-4.6845,26.246923448282466,20,0.783,1.0,57.86949301155247,69.3957061467332,34.602362130028226,33.93633657228719,35.172061460575776,34.618959461496615,0.4601117146084246,1.235724888288587,0.6826228892094264,1.5781927053494085,34.78678211066989,35.172061460575776,34.24083771589187,34.95877944805835,33.93633657228719
P_0001_0029,1,29,-25.825499999999998,-3.9014999999999986,26.118540397579647,16,0.783,1.0,62.891589571862426,72.85244889860037,34.85364552558378,34.304896950071736,35.34455307640911,34.86757567108716,0.4095845309449867,1.039656126337377,0.5626787210154234,1.3277856019634442,34.995835924179914,35.34455307640911,34.47392117128567,35.218671233489374,34.304896950071736
P_0001_0030,1,30,-25.825499999999998,-3.1184999999999974,26.01310232363683,16,0.783,1.0,66.33418509878979,75.61056162496646,35.02552176968645,34.52329846356781,35.481835777424635,35.047624790408065,0.38826169314859194,0.958537313856823,0.5243263268402529,1.2241855860240394,35.19803822991531,35.481835777424635,34.65289632509399,35.382055156038575,34.52329846356781
P_0001_0031,1,31,-25.825499999999998,-2.3354999999999997,25.93088911896389,20,0.783,1.0,69.26119535280738,78.18298791875472,35.17123534273208,34.6904161139953,35.60955791629192,35.18900005641309,0.37050916008701923,0.9191418022966218,0.49858394241779536,1.1738720335844466,35.319285180613974,35.60955791629192,34.814595780472416,35.51114529069184,34.6904161139953
P_0001_0032,1,32,-25.825499999999998,-1.5524999999999984,25.87212218779124,16,0.783,1.0,71.35380206907179,79.5962319100848,35.27489797967951,34.83958351113927,35.67905830163778,35.29147521281374,0.3563380591611495,0.8394747904985138,0.45189170167446946,1.072126169219047,35.40846775982021,35.67905830163778,34.90086531773841,35.629401173733015,34.83958351113927
P_0001_0033,1,33,-25.825499999999998,-0.7695000000000007,25.836961518336476,16,0.783,1.0,72.53188223634481,80.46658656004689,35.33269913901243,34.916869049684294,35.72118915559122,35.351971395058605,0.3513506558387983,0.8043201059069247,0.43510234537431103,1.027228743176149,35.47771033858379,35.72118915559122,34.951909742110786,35.69217868932293,34.916869049684294
P_0001_0034,1,34,-25.825499999999998,0.013500000000000512,25.82550352848904,20,0.783,1.0,73.12765075383989,80.81138944183824,35.360976279852295,34.95941131589899,35.73697082307348,35.3786808326088,0.3489763005967204,0.7773757035916447,0.41926951670981083,0.9928169905384989,35.50100527272974,35.736787019490635,34.96858630287858,35.72761425204607,34.95941131589899
P_0001_0035,1,35,-25.825499999999998,0.7965000000000018,25.837779751751114,16,0.783,1.0,73.00469989356408,80.7817983315264,35.35305621071676,34.94407653258304,35.73494834077195,35.37187225633494,0.3509687518249364,0.7908718081889106,0.427795723751899,1.0100533948772803,35.4958014456019,35.71906356021464,34.94407653258304,35.73494834077195,34.96547140250317
P_0001_0036,1,36,-25.825499999999998,1.5794999999999995,25.873756404897993,16,0.783,1.0,72.24690208826377,80.33172604353702,35.31336490939428,34.88517321036676,35.7105302544183,35.330376925450196,0.35593788902247414,0.8253570440515432,0.44520371508343715,1.054095841700566,35.448884921537854,35.67463531673269,34.88517321036676,35.7105302544183,34.932660924195375
P_0001_0037,1,37,-25.825499999999998,2.3625000000000007,25.93333485111392,20,0.783,1.0,70.6271130292186,79.33876441417962,35.23004681586944,34.75858380427326,35.65917329316221,35.24781982317226,0.36921691535630863,0.9005894888889543,0.4892360188989997,1.150178146729188,35.37805710032575,35.57851066744081,34.75858380427326,35.65917329316221,34.86477425065925
P_0001_0038,1,38,-25.825499999999998,3.145500000000002,26.016352943869745,16,0.783,1.0,68.17292043242028,77.2916910728572,35.104702488871084,34.60976819857791,35.553791629579564,35.126394113942766,0.386970616433338,0.9440234310016535,0.5166259153648554,1.2056493371668626,35.27511175495533,35.46764403197477,34.60976819857791,35.553791629579564,34.72565495462624
P_0001_0039,1,39,-25.825499999999998,3.9284999999999997,26.12258720915675,16,0.783,1.0,65.15060726746562,74.9538607084638,34.950917884320056,34.409750232684075,35.434846061613825,34.965316357699635,0.4082489619466995,1.02509582892975,0.5555661250155595,1.3091900752614942,35.09515550021763,35.32183716230321,34.409750232684075,35.434846061613825,34.56499283167943
P_0001_0040,1,40,-25.825499999999998,4.711500000000001,26.25175579842232,20,0.783,1.0,60.60132836437492,71.91740031856932,34.72020363095464,34.06432325812426,35.27972879557359,34.7367115391635,0.4573159378098666,1.2154055374493282,0.6723882810392396,1.5522420657079543,34.90443430757,35.084856534140044,34.06432325812426,35.27972879557359,34.35021480040962
P_0001_0041,1,41,-25.825499999999998,5.494500000000002,26.403522123004723,16,0.783,1.0,54.54270345371337,66.96824731704348,34.41402502424292,33.67051971326862,35.0288717320164,34.422182118630346,0.5165831089929535,1.3583520187477802,0.7516624053617278,1.7348046216446746,34.5916976401204,34.841295268574015,33.67051971326862,35.0288717320164,33.97852623917231
P_0001_0042,1,42,-25.825499999999998,6.277500000000003,26.577499064057925,20,0.783,1.0,45.81618723046722,61.8631530217564,33.973610315835835,32.80714818342574,34.77231642233488,33.96625264788888,0.7051737599448307,1.9651682389091434,1.159104464463141,2.50979340856851,34.26069327956708,34.4453725974484,32.80714818342574,34.77231642233488,33.545732756668315
P_0001_0043,1,43,-25.825499999999998,7.060500000000005,26.77325364052714,13,0.783,1.0,37.981185465677676,53.49021882516375,33.57483398754896,32.43118624189674,34.349399705578605,33.46435525736058,0.7535684112007861,1.918213463681866,1.0331690154638409,2.449825624114771,33.81295522318601,34.01487393839716,32.71336117774439,34.349399705578605,32.43118624189674
P_0001_0044,1,44,-25.825499999999998,7.843499999999999,26.990312011905306,8,0.783,1.0,32.322789588505586,44.26670607178137,33.28374909219931,32.39341930011585,33.88320511016451,33.167911312222806,0.5087645759849472,1.4897858100486587,0.7744920121069541,1.9026638697939446,32.84115192828216,33.38800602849483,32.39341930011585,33.88320511016451,33.33377419405667
P_0002_0022,2,22,-25.0425,-9.3825,26.74244028692969,21,0.783,1.0,37.50709028502734,56.99659751518127,33.553099950570356,32.08803085297325,34.523658942533814,33.4224490989561,0.7785039379151522,2.024507161221834,1.1012098435777133,2.5855774728248195,33.47339711460376,34.523658942533814,32.62376135603205,33.9922763002989,32.49915178131198
P_0002_0023,2,23,-25.0425,-8.599499999999999,26.47788145792635,20,0.783,1.0,48.26941531347557,65.2952387402,34.09628558308477,32.934504491113444,34.94006581059398,34.03396050924596,0.7249915645466277,2.0055613194805346,1.0994560181325141,2.5613809955051527,34.10475780813482,34.94006581059398,33.55407570684474,34.636398729542805,32.934504491113444
P_0002_0024,2,24,-25.0425,-7.816499999999998,26.23403282951365,20,0.783,1.0,57.81571949170954,72.10722187366392,34.57580942029955,33.711766743302974,35.28159294626448,34.55978183043392,0.5793911940560033,1.569826202961508,0.8480150871309462,2.004886593820572,34.66641275875418,35.28159294626448,34.10763318497425,35.031503518873706,33.711766743302974
P_0002_0025,2,25,-25.0425,-7.0335,26.01147686118572,25,0.783,1.0,65.97507324457783,79.10766239541545,34.98507334473307,34.220684959022776,35.63204742910284,34.96654008039354,0.5066450596824379,1.4113624700800642,0.7458551213707665,1.8025063474841176,35.014787560683374,35.63204742910284,34.60748813680743,35.35769231635129,34.220684959022776
P_0002_0026,2,26,-25.0425,-6.250499999999999,25.810764353269356,20,0.783,1.0,72.52085378676455,83.75724833075154,35.3129651315037,34.69104966075497,35.86443457333161,35.29366304947318,0.44521407064047,1.173384912576637,0.6026133887182112,1.4985758781310816,35.3021621655663,35.86443457333161,34.91686940751862,35.693799440194425,34.69104966075497
P_0002_0027,2,27,-25.0425,-5.467499999999998,25.632408441268254,20,0.783,1.0,77.28085270636333,87.70659113292362,35.55107335283415,34.98473655199416,36.06170060440797,35.54568382216462,0.41537608506726903,1.0769640524138069,0.560947270170459,1.3754330171312987,35.595590032516384,36.06170060440797,35.16953281584557,35.91685910605901,34.98473655199416
P_0002_0028,2,28,-25.0425,-4.6845,25.476878664781527,25,0.783,1.0,81.68932466198197,91.79144840927492,35.771276165154006,35.22535368470318,36.26518838229612,35.76142753124877,0.3937379715545877,1.0398346975929371,0.536073846545591,1.328013662315373,35.787544118472,36.26518838229612,35.42298766038181,36.106063810390765,35.22535368470318
P_0002_0029,2,29,-25.0425,-3.9014999999999986,25.344595252242637,20,0.783,1.0,85.29236740109107,94.45191229010858,35.95089728018336,35.46655049990653,36.39762895441692,35.93918366665773,0.3715809038231719,0.9310784545103914,0.4726331667512014,1.189116800140985,35.94683927554246,36.39762895441692,35.58417078709806,36.30072881632469,35.46655049990653
P_0002_0030,2,30,-25.0425,-3.1184999999999974,25.235923769499703,20,0.783,1.0,87.86268625577412,96.6190944934725,36.078685409771325,35.61934562165118,36.50493550369555,36.073955563011324,0.35997787425324185,0.8855898820443713,0.45460994136014676,1.1310215607207807,36.10527706919965,36.50493550369555,35.713391556359056,36.42682806415121,35.61934562165118
P_0002_0031,2,31,-25.0425,-2.3354999999999997,25.151170280923314,25,0.783,1.0,90.10983795873966,98.67999028161692,36.189991182551665,35.741037251539865,36.606864181771016,36.18251289080489,0.35112133669777684,0.865826930231151,0.44147563926502187,1.1057815200908696,36.20258314717171,36.606864181771016,35.83387351210166,36.5282063614402,35.741037251539865
P_0002_0032,2,32,-25.0425,-1.5524999999999984,25.09057716554165,20,0.783,1.0,91.75492682247389,99.83543996253115,36.27095086033445,35.85288800099687,36.66319538070627,36.26276412383646,0.3433615628533625,0.8103073797093998,0.4098761228395915,1.0348753252993612,36.274995549944606,36.66319538070627,35.90013082907495,36.62261085845961,35.85288800099687
P_0002_0033,2,33,-25.0425,-0.7695000000000007,25.054319717366106,20,0.783,1.0,92.7067417695799,100.56676082307789,36.31722911432795,35.91233292527619,36.69789694108982,36.31138180083269,0.3400728565491913,0.7855640158136339,0.3990488755565025,1.003274605125969,36.33231972099179,36.69789694108982,35.940341822944845,36.67401759386081,35.91233292527619
P_0002_0034,2,34,-25.0425,0.013500000000000512,25.042503638813752,25,0.783,1.0,93.21966170292139,100.89438744736964,36.34111437077783,35.94653564188292,36.71276670627191,36.33419943865912,0.3387740476958992,0.7662310643889896,0.3876637967762022,0.9785837348518385,36.35291235362888,36.71276670627191,35.95532810209039,36.703454389421495,35.94653564188292
P_0002_0035,2,35,-25.0425,0.7965000000000018,25.055163509743856,20,0.783,1.0,93.17955942679922,100.88197259455735,36.33719146113112,35.939470909638146,36.71179455548855,36.33102468960457,0.33976225453896436,0.7723236458504061,0.39155377996642216,0.9863648095152058,36.35010112977187,36.70003630274312,35.939470909638146,36.71179455548855,35.95372055038115
P_0002_0036,2,36,-25.0425,1.5794999999999995,25.09226228342116,20,0.783,1.0,92.64802684166588,100.57093409598336,36.30866321755359,35.89756320182687,36.69380046236614,36.300927407924156,0.3428956849780627,0.7962372605392716,0.4033642060972866,1.016905824443514,36.31444252917322,36.66727959882081,35.89756320182687,36.69380046236614,35.93155124743373
P_0002_0037,2,37,-25.0425,2.3625000000000007,25.153691826449652,25,0.783,1.0,91.47575563515089,99.8357667770418,36.24755513786691,35.80844781348583,36.654254983194,36.23998753339437,0.3495387309782088,0.8458071697081735,0.43153971990854245,1.0802134989887273,36.26014172858555,36.5939563541437,35.80844781348583,36.654254983194,35.88313678756276
P_0002_0038,2,38,-25.0425,3.145500000000002,25.239274484422094,20,0.783,1.0,89.70142158940462,98.30022394136326,36.15603620206521,35.70422154123031,36.57534195520839,36.150756198158504,0.3584185966820265,0.8711204139780762,0.4465346569281934,1.112542035731898,36.17985912758781,36.50896683984684,35.70422154123031,36.57534195520839,35.78539152691917
P_0002_0039,2,39,-25.0425,3.9284999999999997,25.34876562083448,20,0.783,1.0,87.55138509669425,96.553324099972,36.04571984080301,35.56966228580404,36.48441451887368,36.034695668015104,0.36970163563729785,0.9147522330696347,0.46503338221106105,1.168265942617669,36.04440782834098,36.40135354663539,35.56966228580404,36.48441451887368,35.67364016042143
P_0002_0040,2,40,-25.0425,4.711500000000001,25.481857045749237,25,0.783,1.0,84.42116001480444,94.31314258111104,35.88544687840853,35.35021064060305,36.370426528461,35.87587978914111,0.39082148025234886,1.020215887857951,0.5256691485380571,1.3029577111851225,35.90143713065055,36.226609124491176,35.35021064060305,36.370426528461,35.53071552149976
P_0002_0041,2,41,-25.0425,5.494500000000002,25.63818122449407,20,0.783,1.0,80.48550571640509,90.75363825722562,35.68448812310193,35.1285095029059,36.18729252312136,35.66860975023459,0.41097388277309105,1.0587830202154578,0.540100247328688,1.3522133080657186,35.67610695641622,36.05213626000068,35.1285095029059,36.18729252312136,35.29900350872879
P_0002_0042,2,42,-25.0425,6.277500000000003,25.81731613665526,25,0.783,1.0,75.51749858607194,87.2245778170262,35.43639256868843,34.77734135853643,36.00435336930889,35.42148439563607,0.4526636853600502,1.2270120107724551,0.6441430370996386,1.5670651478575417,35.459665912324795,35.799187129026166,34.77734135853643,36.00435336930889,35.066874208984075
P_0002_0043,2,43,-25.0425,7.060500000000005,26.018790642533716,20,0.783,1.0,69.33994876845352,81.81454931647646,35.127050447181965,34.40888758167216,35.74219782741875,35.1169044905616,0.5022858537830223,1.3333102457465884,0.7080169088894408,1.702822791502667,35.193837672803795,35.5459687923406,34.40888758167216,35.74219782741875,34.69363057857271
P_0002_0044,2,44,-25.0425,7.843499999999999,26.24209020828943,20,0.783,1.0,62.386290178162504,76.52018667437713,34.77548287514647,33.9183548562782,35.47436665180226,34.74008910126539,0.575592185959245,1.556011795524057,0.8217342449871907,1.9872436724445173,34.769224553442825,35.23806289086872,33.9183548562782,35.47436665180226,34.30043655393496
P_0002_0045,2,45,-25.0425,8.6265,26.486662841890823,25,0.783,1.0,51.74302828642962,70.12848590288588,34.237677056340374,32.853399551339976,35.15122224530347,34.16961438413826,0.8030093347652848,2.2978226939634965,1.3162148327982806,2.934639455892077,34.32509159719831,34.75310617119413,32.853399551339976,35.15122224530347,33.76525235565538
P_0002_0046,2,46,-25.0425,9.409500000000001,26.751925098953162,16,0.783,1.0,42.09314299555848,59.97171802838281,33.74687311039088,32.32232859415859,34.63799853520305,33.531031907436976,0.8767658738789256,2.3156699410444617,1.2087033132783844,2.9574328748971412,33.71212373971258,34.24012342466324,32.74258524344742,34.63799853520305,32.32232859415859
P_0003_0019,3,19,-24.2595,-11.731499999999999,26.947197117696675,10,0.783,1.0,27.55526634277216,42.91146507797184,33.0236091470661,32.2332389808696,33.79222237519349,32.819206215381676,0.581668388650429,1.5589833943238887,0.973016159811813,1.991038817782744,32.2332389808696,33.79222237519349,32.74026838726451,33.0822088880185,32.24809244556229
P_0003_0020,3,20,-24.2595,-10.9485,26.615653148100648,20,0.783,1.0,40.44649295438351,58.60083003215642,33.676753177586576,32.15356228809907,34.580944212368536,33.55785712490761,0.7994439261073777,2.4273819242694685,1.4042948368085462,3.100104628696639,33.5594634178056,34.580944212368536,33.51880138644725,33.976514319817625,32.15356228809907
P_0003_0021,3,21,-24.2595,-10.165499999999998,26.30324562672827,16,0.783,1.0,55.69625312190354,67.99423941111507,34.44370720774832,33.715233341386465,35.052511125821866,34.412811035716985,0.4536448609205854,1.3372777844354005,0.6975776943305192,1.707889890722095,34.386883478015875,35.052511125821866,34.200790829735695,34.70863640362501,33.715233341386465
P_0003_0022,3,22,-24.2595,-9.3825,26.010664091868165,20,0.783,1.0,66.28560793659226,77.47164095533454,34.97539215367726,34.33855662622693,35.527718320768486,34.93984533440879,0.3939789606380013,1.1891616945415535,0.6012887081818548,1.5187250249572841,34.866121589020395,35.527718320768486,34.81061096730815,35.156219168719986,34.33855662622693
P_0003_0023,3,23,-24.2595,-8.599499999999999,25.73858466388546,16,0.783,1.0,74.7558911435527,83.77104948576032,35.4001603083362,34.913192036242606,35.843295208805955,35.36309905817882,0.32721766775439737,0.9301031725633493,0.48019615062713683,1.1878712293273936,35.255203084179925,35.843295208805955,35.19249929728011,35.6113056643855,34.913192036242606
P_0003_0024,3,24,-24.2595,-7.816499999999998,25.487663927869104,16,0.783,1.0,80.99129936382414,89.1916315414339,35.71246659673109,35.27738324078541,36.114422213400246,35.69439922013728,0.2946837768754293,0.8370389726148346,0.4200229932629682,1.0690152906958297,35.65426417275023,36.114422213400246,35.51100911782862,35.91491735592189,35.27738324078541
P_0003_0025,3,25,-24.2595,-7.0335,25.2585324692469,20,0.783,1.0,86.90969801205604,94.95438474933236,36.008497185018015,35.5826270078453,36.40226794393425,35.9846705761711,0.2818831312147524,0.8196409360889447,0.4175973677631504,1.0467955761033776,35.92047073408082,36.40226794393425,35.84172275804099,36.17626443695411,35.5826270078453
P_0003_0026,3,26,-24.2595,-6.250499999999999,25.05178816970956,16,0.783,1.0,91.93243412668348,98.87408526191648,36.259421129661604,35.900343571304404,36.59793043021665,36.23278103047659,0.2563725624423225,0.6975868589122456,0.3651493997400621,0.8909155286235576,36.14881538595279,36.59793043021665,36.06293153487008,36.45388423003902,35.900343571304404
P_0003_0027,3,27,-24.2595,-5.467499999999998,24.86798939399806,16,0.783,1.0,95.71897066456492,102.25487130311404,36.44827826356296,36.11296308859653,36.76617119804803,36.43227050541175,0.24172728296887727,0.6532081094514979,0.3339006926362771,0.8342376876775196,36.388736514733694,36.76617119804803,36.25129329077959,36.6421884349009,36.11296308859653
P_0003_0028,3,28,-24.2595,-4.6845,24.707648218719644,20,0.783,1.0,99.3122173234746,105.79791402820292,36.62727901239,36.29380967814007,36.94250342520962,36.60732927359853,0.23605799518297088,0.6486937470695509,0.335174151611092,0.8284722184796307,36.54913267936735,36.94250342520962,36.4468181165816,36.80438246869403,36.29380967814007
P_0003_0029,3,29,-24.2595,-3.9014999999999986,24.571223870617434,16,0.783,1.0,102.30311254010286,108.1302568923068,36.77599758834759,36.48101162194365,37.05833221585448,36.75421699292029,0.22472325605351667,0.5773205939108266,0.30411522293418614,0.737318766169638,36.68389449943862,37.05833221585448,36.5743568657756,36.97348976158912,36.48101162194365
P_0003_0030,3,30,-24.2595,-3.1184999999999974,24.45911655191168,16,0.783,1.0,104.46798202840115,110.045444594522,36.883272787332274,36.602179932758816,37.15289884265332,36.86735474931002,0.21758168716581755,0.5507189098945062,0.28554409334330444,0.7033447125089479,36.82010453674587,37.15289884265332,36.67798746903037,37.083602965361706,36.602179932758816
P_0003_0031,3,31,-24.2595,-2.3354999999999997,24.371661832956732,20,0.783,1.0,106.38382474585758,111.8822887497124,36.97780268521633,36.700416494877686,37.242990149504976,36.95943699447473,0.21445460677733907,0.5425736546272901,0.2835531550302477,0.6929420876466029,36.90411071782341,37.242990149504976,36.7761824012893,37.17348520887828,36.700416494877686
P_0003_0032,3,32,-24.2595,-1.5524999999999984,24.309125786420207,16,0.783,1.0,107.80379567392738,112.92272583147545,37.047277611895396,36.791884679049815,37.29387086191582,37.02842351211302,0.21046294080615383,0.5019861828660055,0.26544734980279827,0.6411062360996238,36.96770232748355,37.29387086191582,36.83117820166166,37.25748149045427,36.791884679049815
P_0003_0033,3,33,-24.2595,-0.7695000000000007,24.271701021972067,16,0.783,1.0,108.63948750336495,113.5914313333726,37.08746033848234,36.84103098703281,37.32529579474164,37.07071049569514,0.2082485650760754,0.48426480770883273,0.2545852990465036,0.6184735730636434,37.01846575163944,37.32529579474164,36.86509961475133,37.30366033031049,36.84103098703281
P_0003_0034,3,34,-24.2595,0.013500000000000512,24.25950375626014,20,0.783,1.0,109.10951438627755,113.91129384992097,37.109006325317225,36.87054274300488,37.33906057033238,37.090865656906104,0.20740155350796374,0.46763699850748,0.24731408460625914,0.5972375459865644,37.03640969140264,37.33817974151236,36.87873529786077,37.330460810749855,36.87054274300488
P_0003_0035,3,35,-24.2595,0.7965000000000018,24.272572020698586,16,0.783,1.0,109.11230516058421,113.90664310485212,37.106863963967214,36.86791802046707,37.33760065885275,37.08973660146946,0.20773842266266182,0.46968263838567736,0.2478640573832891,0.599850112880814,37.036033614855626,37.32925287033453,36.86791802046707,37.33760065885275,36.877877842837336
P_0003_0036,3,36,-24.2595,1.5794999999999995,24.31086507099243,16,0.783,1.0,108.69689569311936,113.65821996492764,37.08360910116576,36.83502668385756,37.32404914166278,37.065321416158916,0.2095534102361458,0.4890224578052198,0.25872772550386713,0.6245497545405105,37.00624065037192,37.29930860432148,36.83502668385756,37.32404914166278,36.86198200058084
P_0003_0037,3,37,-24.2595,2.3625000000000007,24.37426401965811,20,0.783,1.0,107.74974242226881,113.0380652451373,37.03348604434291,36.76438566913157,37.289406779498336,37.01441793482885,0.21269694587600937,0.5250211103667652,0.2749888446694868,0.6705250451682825,36.959225499949525,37.23515887582255,36.76438566913157,37.289406779498336,36.82391284974227
P_0003_0038,3,38,-24.2595,3.145500000000002,24.462573668770013,16,0.783,1.0,106.30671736203166,111.72657404241276,36.95763112392039,36.68462217685607,37.21919837393887,36.94148226873163,0.21579821309474928,0.5345761970828065,0.2777161052072401,0.6827282210508384,36.89325912612844,37.163781569374805,36.68462217685607,37.21919837393887,36.74655009736
P_0003_0039,3,39,-24.2595,3.9284999999999997,24.575525477596607,16,0.783,1.0,104.56213023570606,110.23166870217024,36.86665544363703,36.57907329170092,37.14340713116104,36.84583127208576,0.2226350786647448,0.5643338394601187,0.2975758590752804,0.7207328728737148,36.77760816347393,37.0679628809184,36.57907329170092,37.14340713116104,36.661104893174524
P_0003_0040,3,40,-24.2595,4.711500000000001,24.71278156137022,20,0.783,1.0,102.04405267629707,108.31960820003904,36.7359741342541,36.410671267220096,37.04158825454539,36.714986200917416,0.2326733486782143,0.6309169873252927,0.32660205362797257,0.8057688216159549,36.65664619458829,36.91652625937877,36.410671267220096,37.04158825454539,36.54949902885454
P_0003_0041,3,41,-24.2595,5.494500000000002,24.873939585437608,16,0.783,1.0,98.92362367460666,105.30191842741606,36.573881392272405,36.24812586201239,36.88294986149453,36.55048319589234,0.24024601095805728,0.6348239994821441,0.3324666656021904,0.810758620028281,36.47567596346704,36.77288415777076,36.24812586201239,36.88294986149453,36.37278013471701
P_0003_0042,3,42,-24.2595,6.277500000000003,25.05853839512592,20,0.783,1.0,95.07995709171136,102.34141474819116,36.37684663841158,36.004868737441484,36.72385968483235,36.35453710847645,0.2541402807640821,0.7189909473908642,0.3693225763558985,0.9182515292348201,36.29230513764196,36.54829341594558,36.004868737441484,36.72385968483235,36.20335856652088
P_0003_0043,3,43,-24.2595,7.060500000000005,25.266064206757648,16,0.783,1.0,90.46673693567091,97.87550584164374,36.158395866945995,35.77087255554187,36.513216093178414,36.14073304085322,0.26895809131354376,0.7423435376365433,0.37248305232519385,0.9480760378499914,36.09965477694061,36.3645641975271,35.77087255554187,36.513216093178414,35.95535758107809
P_0003_0044,3,44,-24.2595,7.843499999999999,25.495957179521618,16,0.783,1.0,85.56187005027711,93.60459634214712,35.912168646500575,35.48390667662716,36.30731164517687,35.8798716961836,0.2960553161233284,0.8234049685497098,0.42743994899326765,1.0516027695398593,35.78285600517961,36.12143707726932,35.48390667662716,36.30731164517687,35.703847076665056
P_0003_0045,3,45,-24.2595,8.6265,25.747618190815242,20,0.783,1.0,78.91660694194742,88.60429664844621,35.576206376297094,35.04006390147862,36.05440718604768,35.546159001909245,0.34185031151663153,1.0143432845690654,0.5082481841384379,1.295457579270837,35.47548486572259,35.757220700681614,35.04006390147862,36.05440718604768,35.40361835561572
P_0003_0046,3,46,-24.2595,9.409500000000001,26.020415648102166,16,0.783,1.0,70.78758381734056,81.09351872867404,35.165437467467896,34.586383598849864,35.67476513518449,35.141299765735276,0.37544252899786207,1.088381536334623,0.5549161668854126,1.3900147335052655,35.104733244634815,35.40402630529809,34.586383598849864,35.67476513518449,34.936590544709134
P_0003_0047,3,47,-24.2595,10.192500000000003,26.313692186768467,16,0.783,1.0,61.63274148476777,73.77312188823964,34.703004829157166,33.98148063506585,35.30491891563133,34.64467774534372,0.45602591802706166,1.3234382805654832,0.6631971102778706,1.6902149177081522,34.50896730290543,34.97479616672234,33.98148063506585,35.30491891563133,34.45322570639365
P_0003_0048,3,48,-24.2595,10.975500000000004,26.62677112419003,20,0.783,1.0,46.855798974467056,64.79999487125362,33.95677697045718,32.44297017022416,34.851710726762406,33.8379008923193,0.7948556077468624,2.4087405565382483,1.3949307220951397,3.076297007073114,33.83948387296829,34.26569092547646,32.44297017022416,34.851710726762406,33.78964876616516
P_0003_0049,3,49,-24.2595,11.758499999999998,26.958962563496392,10,0.783,1.0,34.41637590197643,49.63598286953484,33.323456059000065,32.531822964634785,34.085992372029864,33.11954484792092,0.579227837816834,1.5541694073950794,0.9664475241089434,1.984890686328326,32.531822964634785,33.389854909587825,32.55586657920634,34.085992372029864,33.03418741414578
P_0004_0017,4,17,-23.4765,-13.2975,26.980911002039942,10,0.783,1.0,24.75240185774205,41.1715908387963,32.85765903831522,31.869270697581896,33.6806456284894,32.72234378885982,0.4881773314719172,1.358472358330289,0.9583018396295842,1.7349583120437917,32.496993913471215,33.6806456284894,32.61491221870813,32.32217327015911,32.496993913471215
P_0004_0018,4,18,-23.4765,-12.5145,26.60373587487291,16,0.783,1.0,38.33904101997839,55.9080360607388,33.546804745181646,32.102498515632135,34.42182466806088,33.497007929755185,0.7793350418835417,2.3193261524287436,1.3945094141230499,2.9621023658093786,33.73148736291114,34.42182466806088,33.336918860918445,33.89231024125331,32.102498515632135
P_0004_0019,4,19,-23.4765,-11.731499999999999,26.244506939548323,16,0.783,1.0,54.20569260390281,66.97195624783075,34.34512177506451,33.57646115054996,34.97759589826592,34.37362869265237,0.47713162111422264,1.4011347477159575,0.7971675421024074,1.789444122242602,34.59165917396871,34.97759589826592,34.14887558211535,34.57355165836191,33.57646115054996
P_0004_0020,4,20,-23.4765,-10.9485,25.903970824952687,20,0.783,1.0,66.52099346214452,77.9792021664762,34.963773472828166,34.30828362571134,35.52984879650609,34.97750943040626,0.3997943842637077,1.2215651707947472,0.6692258046949178,1.560108774961363,35.101113764572176,35.52984879650609,34.84978167836147,35.09851928688022,34.30828362571134
P_0004_0021,4,21,-23.4765,-10.165499999999998,25.582874007820156,16,0.783,1.0,76.2741724372484,85.27758447687373,35.45310751451704,34.96687736609226,35.89555746521228,35.477951542861284,0.32038825672438453,0.9286800991200153,0.5110741767690214,1.1860537664368012,35.61459271842017,35.89555746521228,35.285999455954936,35.62673070862678,34.96687736609226
P_0004_0022,4,22,-23.4765,-9.3825,25.2819571730513,20,0.783,1.0,84.26017056584514,93.02642007535825,35.85329036437835,35.3829926111294,36.28335553174605,35.86707124602068,0.2986491949257309,0.9003629206166437,0.4840786348912758,1.149888787505292,35.9567168199888,36.28335553174605,35.73355503466496,35.97873623257419,35.3829926111294
P_0004_0023,4,23,-23.4765,-8.599499999999999,25.001948974030004,16,0.783,1.0,91.04858693398064,98.3470080982714,36.19307884847511,35.81291536518603,36.549523392123376,36.20044905551946,0.2552922575394517,0.736608026937347,0.3875336903334272,0.9407509922571481,36.25270697537883,36.549523392123376,36.03384795690852,36.35325158800055,35.81291536518603
P_0004_0024,4,24,-23.4765,-7.816499999999998,24.743559252864166,16,0.783,1.0,96.23201957445687,103.01585397152525,36.452294007325264,36.10233108975791,36.78283535864051,36.47186772566399,0.24241843053862294,0.6805042688826006,0.3695366359060799,0.869098683119541,36.569672555864486,36.78283535864051,36.293757267398064,36.61074235665899,36.10233108975791
P_0004_0025,4,25,-23.4765,-7.0335,24.507471809633895,20,0.783,1.0,101.26974409284256,108.05933582453794,36.703786742592726,36.352978135466174,37.03426297211422,36.71637853612269,0.23396732307332688,0.6812848366480466,0.36340040065651635,0.8700955768174286,36.78751666659622,37.03426297211422,36.57089436968244,36.83624053675442,36.352978135466174
P_0004_0026,4,26,-23.4765,-6.250499999999999,24.29433684009506,16,0.783,1.0,105.61903473414269,111.5320579389356,36.92055728862479,36.62071820686174,37.2069097367841,36.92904700419759,0.21265246704736027,0.5861915299223597,0.3083287973358537,0.7486481863631669,36.97811410229457,37.2069097367841,36.75966770388402,37.07982527116354,36.62071820686174
P_0004_0027,4,27,-23.4765,-5.467499999999998,24.104763191120547,16,0.783,1.0,108.94075718930522,114.55279666895092,37.08587481166351,36.80279977187695,37.35725257409206,37.102173215002054,0.20684101701066018,0.5544528022151098,0.2993734431251056,0.7081134127906894,37.18129429034042,37.35725257409206,36.92295815958761,37.24656127911322,36.80279977187695
P_0004_0028,4,28,-23.4765,-4.6845,23.93931061037473,20,0.783,1.0,112.12432539148737,117.74300224416648,37.2439990181703,36.96003013852527,37.51506697282287,37.25588126952631,0.20168659308937595,0.5550368342976029,0.29585113100104365,0.7088593030620726,37.31908615214326,37.51506697282287,37.09372356382482,37.391499520315335,36.96003013852527
P_0004_0029,4,29,-23.4765,-3.9014999999999986,23.798482188996843,16,0.783,1.0,114.79590207288275,119.8570418389284,37.3764476223333,37.12385265486444,37.619859606669024,37.38573410041871,0.19119518890404336,0.4960069518045813,0.2618814455542662,0.6334699256763491,37.43549708039092,37.619859606669024,37.20641116943551,37.543049990733664,37.12385265486444
P_0004_0030,4,30,-23.4765,-3.1184999999999974,23.68271721108032,16,0.783,1.0,116.74336414340277,121.60220277348112,37.472844852452305,37.23137250854535,37.7061378632377,37.48681946015479,0.18850514428032286,0.4747653546923516,0.25544695160944286,0.6063414491600914,37.55452173931417,37.7061378632377,37.29893496085271,37.64313022882402,37.23137250854535
P_0004_0031,4,31,-23.4765,-2.3354999999999997,23.592384629367164,20,0.783,1.0,118.47811571687251,123.28614368859864,37.558228181134545,37.31901145164585,37.78849360203128,37.56969253288149,0.1853374536379768,0.4694821503854314,0.2506810812356406,0.5995940617949315,37.62915759561628,37.78849360203128,37.38690535518782,37.72489465992624,37.31901145164585
P_0004_0032,4,32,-23.4765,-1.5524999999999984,23.52777738121474,16,0.783,1.0,119.77335932969956,124.24745848114028,37.62135834691131,37.40106498440048,37.83544369996952,37.631795378585686,0.1816110816032909,0.4343787155690393,0.23073039418520835,0.5547620888493477,37.68499490256079,37.83544369996952,37.435662185604826,37.80181112039281,37.40106498440048
P_0004_0033,4,33,-23.4765,-0.7695000000000007,23.48910774167465,16,0.783,1.0,120.544140884623,124.87290781688426,37.658072752334846,37.44546305934182,37.8643044991357,37.6701239724331,0.1804712303124179,0.41884143979388,0.22466091309128444,0.5349188247686846,37.73002854398561,37.8643044991357,37.46746338557455,37.84336037412783,37.44546305934182
P_0004_0034,4,34,-23.4765,0.013500000000000512,23.476503881540793,20,0.783,1.0,120.99009666123376,125.18739785028006,37.678083223846684,37.47255176329867,37.8766718200028,37.68934282185772,0.1796826432451724,0.4041200567041301,0.21679105855905334,0.5161175692262198,37.74771576035579,37.8766718200028,37.48057651665533,37.86919824897603,37.47255176329867
P_0004_0035,4,35,-23.4765,0.7965000000000018,23.49000775861941,16,0.783,1.0,121.01695854184227,125.1881195883638,37.67660790092745,37.46970075660727,37.8763639769308,37.68839960764372,0.18035376758942462,0.4066632203235301,0.21869885103645004,0.5193655431973564,37.746681622811366,37.8691783907272,37.46970075660727,37.8763639769308,37.480073291141935
P_0004_0036,4,36,-23.4765,1.5794999999999995,23.52957442241572,16,0.783,1.0,120.66645934889154,124.98295261459248,37.656176236909914,37.44332808317989,37.86153385611499,37.66645297760552,0.18022532960018434,0.41820577293509587,0.22312489442563077,0.5341069896999947,37.72028970999048,37.84241311728647,37.44332808317989,37.86153385611499,37.46470012145579
P_0004_0037,4,37,-23.4765,2.3625000000000007,23.59507275894694,20,0.783,1.0,119.84403339328374,124.44192018402352,37.61139691746751,37.38071307511257,37.83368580019396,37.622874037559725,0.18341795593193094,0.45297272508139486,0.24216096244715857,0.5785092274347315,37.68281249102444,37.78340205068218,37.38071307511257,37.83368580019396,37.433756770785465
P_0004_0038,4,38,-23.4765,3.145500000000002,23.68628764707547,16,0.783,1.0,118.58209947703327,123.28333222137188,37.544006430153445,37.30779292464541,37.77023501518352,37.557323721691674,0.18735504216591675,0.46244209053811147,0.2495307970462619,0.59060292533603,37.622280887837576,37.72104780278954,37.30779292464541,37.77023501518352,37.36526197800231
P_0004_0039,4,39,-23.4765,3.9284999999999997,23.80292344440069,16,0.783,1.0,117.05491976848595,121.95845364879182,37.46206147883686,37.218717796742965,37.695740306901314,37.47136309661736,0.18812767466220615,0.4770225101583492,0.2526452998743949,0.6092241509046605,37.52069826124432,37.63422139935051,37.218717796742965,37.695740306901314,37.28743771884768
P_0004_0040,4,40,-23.4765,4.711500000000001,23.944608672935125,20,0.783,1.0,114.85616074430986,120.2646964160026,37.34519188570171,37.07205666128323,37.61085520594781,37.35922918183447,0.1978617773853033,0.53879854466458,0.28717252055124476,0.6881207466980587,37.42351897528806,37.49554999510815,37.07205666128323,37.61085520594781,37.19416507154512
P_0004_0041,4,41,-23.4765,5.494500000000002,24.11090173552205,16,0.783,1.0,112.14541019934697,117.59984379325294,37.20121912874376,36.92555838854719,37.46595351349481,37.21006626437655,0.19994587051434318,0.5403951249476222,0.28450787582936243,0.6901598019765289,37.26163329845099,37.35756839242873,36.92555838854719,37.46595351349481,37.03961772896105
P_0004_0042,4,42,-23.4765,6.277500000000003,24.301297465361802,20,0.783,1.0,108.83540080277112,114.99938742521029,37.02425520145299,36.71668540533869,37.322615971776486,37.036242019912244,0.2117489729299146,0.6059305664377987,0.3195566145735569,0.7738576838286063,37.10303854945119,37.15178867556898,36.71668540533869,37.322615971776486,36.88708149742587
P_0004_0043,4,43,-23.4765,7.060500000000005,24.515234294209797,16,0.783,1.0,104.9090905052886,111.10842233678224,36.83945605041545,36.54144848990387,37.10950630555345,36.85375510514463,0.213326647530286,0.5680578156495812,0.3123066152407574,0.7254889088755827,36.934287440265,37.01180236322699,36.54144848990387,37.10950630555345,36.67173092677382
P_0004_0044,4,44,-23.4765,7.843499999999999,24.75210181984552,16,0.783,1.0,100.80259026090985,107.42881877223849,36.65212277680933,36.30897055962487,36.97580959683603,36.66029895613807,0.23689327269001592,0.6668390372111617,0.35132839651320324,0.8516462799631694,36.712628393882994,36.8174801405998,36.30897055962487,36.97580959683603,36.48660608974666
P_0004_0045,4,45,-23.4765,8.6265,25.01124855939823,20,0.783,1.0,95.37401762004208,103.18025526095728,36.377578923415015,35.963016032023745,36.76085003718799,36.391014710943125,0.2694020711693281,0.7978340051642476,0.4279986789193799,1.0189450896095116,36.473055147640025,36.513073652550304,35.963016032023745,36.76085003718799,36.24507868531356
P_0004_0046,4,46,-23.4765,9.409500000000001,25.291989690413843,16,0.783,1.0,88.97671954671631,96.9404101357012,36.05423280332934,35.63085333625014,36.44536420666509,36.07668746154167,0.28564453022373604,0.8145108704149493,0.4458341252915261,1.040243768090612,36.19545604543595,36.22661799514265,35.63085333625014,36.44536420666509,35.88514572421451
P_0004_0047,4,47,-23.4765,10.192500000000003,25.59361460403747,16,0.783,1.0,82.21066080011263,91.05646695399828,35.71240121328569,35.23305541208612,36.14803443203476,35.71885744263717,0.3121008637294782,0.914979019948646,0.4858020305510564,1.1685555810327535,35.78197558761093,35.892858266115184,35.23305541208612,36.14803443203476,35.53836351533886
P_0004_0048,4,48,-23.4765,10.975500000000004,25.915394122027163,20,0.783,1.0,72.93029948222805,84.17836700557335,35.243698425654344,34.59740013054716,35.800596032888336,35.25741989687018,0.3953829249610036,1.2031959023411787,0.6600197663230247,1.5366486619938424,35.3810181501899,35.3875950832562,34.59740013054716,35.800596032888336,35.12049008746931
P_0004_0049,4,49,-23.4765,11.758499999999998,26.25658725920031,16,0.783,1.0,61.08781628120563,73.69647403939388,34.64572865329612,33.88403405211159,35.27127785263781,34.67377332671443,0.4740910755035926,1.387243800526221,0.7897392746028444,1.7717034489479195,34.889939100117374,34.88100860181544,33.88403405211159,35.27127785263781,34.44260702688996
P_0004_0050,4,50,-23.4765,12.5415,26.616447443263347,16,0.783,1.0,45.64144705925382,63.05283621427447,33.86586355320445,32.428666753021844,34.73389607940288,33.81653558900466,0.7762632575447009,2.3052293263810384,1.3878688359828146,2.9440987565530503,34.0528003159186,34.218207035667035,32.428666753021844,34.73389607940288,33.64910776101294
P_0004_0051,4,51,-23.4765,13.3245,26.994228133065782,10,0.783,1.0,32.464583199940854,48.73667335430466,33.19472361040675,32.20467197625783,34.01114683232021,33.060349619398664,0.48341564242841906,1.3398762766689174,0.9507972129215432,1.7112085270356543,32.83687075724066,32.67127055565129,32.83687075724066,34.01114683232021,32.9455891945405
P_0005_0016,5,16,-22.6935,-14.080499999999999,26.706842241268436,17,0.783,1.0,35.19172889029895,54.37967949775567,33.35918452094175,32.03297578864613,34.31466850601839,33.31853264745106,0.6717609311697638,1.8323613491238575,0.9961358585673352,2.340180522508119,33.42315939967102,34.31466850601839,32.67694232156276,33.69558585310858,32.482307156894535
P_0005_0017,5,17,-22.6935,-13.2975,26.302441873331837,25,0.783,1.0,52.43597368088751,69.66787067662523,34.228885370124814,33.060335550063485,35.08279440140245,34.19008026050697,0.6625134899726811,2.0224588513389676,1.1297447104434823,2.5829614959629215,34.282970598009854,35.08279440140245,34.03594012499269,34.488360628066346,33.060335550063485
P_0005_0018,5,18,-22.6935,-12.5145,25.915394122027163,20,0.783,1.0,66.70406968593737,79.31915162617962,34.9459747611636,34.21865040096117,35.567089752117056,34.91843240328317,0.45791645433329964,1.3484393511558892,0.6997820023220029,1.7221447652054778,34.90217583796573,35.567089752117056,34.69188101133324,35.21236501403865,34.21865040096117
P_0005_0019,5,19,-22.6935,-11.731499999999999,25.546487713578163,20,0.783,1.0,76.50770359433261,87.50016717123613,35.43803366838889,34.830694004924,35.97714666593373,35.439535923394864,0.3937255525310718,1.1464526610097323,0.6088419184708656,1.4641796436905903,35.50877334174487,35.97714666593373,35.205384493915744,35.67568111045597,34.830694004924
P_0005_0020,5,20,-22.6935,-10.9485,25.196519491786955,25,0.783,1.0,85.63565722994838,96.21371734162572,35.89567408026319,35.31872379638378,36.41369372536008,35.88766196686045,0.3633940613179218,1.0949699289763046,0.5689381704766703,1.3984290280668001,35.90889306278251,36.41369372536008,35.72646692867437,36.070532321101496,35.31872379638378
P_0005_0021,5,21,-22.6935,-10.165499999999998,24.866289077785613,20,0.783,1.0,93.400966346747,102.2366659790649,36.28457026932078,35.81868633099401,36.71481042878543,36.28697989804975,0.3134442527514204,0.8961240977914144,0.46829356705573844,1.1444752206786901,36.33323438820332,36.71481042878543,36.07582661231339,36.49234172995261,35.81868633099401
P_0005_0022,5,22,-22.6935,-9.3825,24.556592770577925,25,0.783,1.0,100.03969598765114,108.80430313967548,36.61669001891349,36.15561741598288,37.04278267199169,36.611394994261296,0.3001482162003316,0.8871652560088066,0.4557775782784148,1.133033532578297,36.62520209431432,37.04278267199169,36.44880310880529,36.78456968021232,36.15561741598288
P_0005_0023,5,23,-22.6935,-8.599499999999999,24.268216714460088,20,0.783,1.0,105.82942734262042,113.40195741250838,36.905987385236514,36.51632073021432,37.272512914382105,36.89610361262627,0.27015462600618734,0.7561921841677872,0.379782882411952,0.9657626873151816,36.882847694617,37.272512914382105,36.706069401707,37.10276732221092,36.51632073021432
P_0005_0024,5,24,-22.6935,-7.816499999999998,24.001929391196867,20,0.783,1.0,110.33205671543723,117.48839406135154,37.130709175829715,36.7650672982611,37.4763192386327,37.13246794378114,0.257568716358951,0.7112519403715964,0.3674006455200356,0.9083677399381819,37.16313543812237,37.4763192386327,36.93202636670304,37.32579137718648,36.7650672982611
P_0005_0025,5,25,-22.6935,-7.0335,23.75847353051117,25,0.783,1.0,114.7668092678061,121.95223862786374,37.35181604063516,36.98420887439124,37.69811031458323,37.34811088594618,0.2510482011025355,0.7139014401919894,0.3639020115549343,0.9117515200408549,37.35776563660016,37.69811031458323,37.17688618501637,37.52358341913987,36.98420887439124
P_0005_0026,5,26,-22.6935,-6.250499999999999,23.53855757050546,20,0.783,1.0,118.63557690659698,125.05366450499126,37.54421242668875,37.22076014013089,37.85247002428844,37.53732988610867,0.23538532120543143,0.6317098841575515,0.3165697459777803,0.8067814612484693,37.5296860180942,37.85247002428844,37.34514099816175,37.73859224986808,37.22076014013089
P_0005_0027,5,27,-22.6935,-5.467499999999998,23.342846837950162,20,0.783,1.0,121.61514449861963,127.76912272923326,37.692070159654904,37.3838266328475,37.98651775224522,37.69271131196986,0.22845423613255433,0.6026911193977185,0.3088846791223574,0.7697204590009176,37.71393400967821,37.98651775224522,37.49120087980924,37.88807728526911,37.3838266328475
P_0005_0028,5,28,-22.6935,-4.6845,23.171954654279816,25,0.783,1.0,124.49014229818705,130.65479675579758,37.83431385158847,37.52462935012289,38.129492386534935,37.8312562943093,0.22445519269573852,0.6048630364120413,0.3066269441864051,0.7724942993768088,37.838782165704345,38.129492386534935,37.64611022279507,38.01726734638925,37.52462935012289
P_0005_0029,5,29,-22.6935,-3.9014999999999986,23.0264336035783,20,0.783,1.0,126.91689161750128,132.5777634852287,37.95426360561912,37.67348975434396,38.22306852229326,37.94925997220074,0.21610394665697394,0.5495787679492992,0.27577021785678113,0.7018885925278405,37.9462268080348,38.22306852229326,37.74870250717896,38.15481226915273,37.67348975434396
P_0005_0030,5,30,-22.6935,-3.1184999999999974,22.906767220627184,20,0.783,1.0,128.69535932038497,134.17270132331478,38.04189360828845,37.77149518966593,38.30177101326075,38.04134059192305,0.2122940475484695,0.5302758235948204,0.2698454022571255,0.6772360454595407,38.0559585397632,38.30177101326075,37.83322019471791,38.24425802220748,37.77149518966593
P_0005_0031,5,31,-22.6935,-2.3354999999999997,22.813362367261867,25,0.783,1.0,130.2879466893189,135.72049912014583,38.120045657956474,37.85081850245359,38.37804769086444,38.117306228422215,0.21028623780657094,0.5272291884108498,0.2664877259686236,0.6733450682130904,38.12487550759323,38.37804769086444,37.913859865518646,38.31892957568118,37.85081850245359
P_0005_0032,5,32,-22.6935,-1.5524999999999984,22.746542561453158,20,0.783,1.0,131.48457199889043,136.61097487161325,38.17829996171954,37.926981498985526,38.41988799480794,38.174573997162135,0.2071306250083775,0.4929064958224103,0.24759249817660844,0.6295102117783018,38.17671476784989,38.41988799480794,37.95896963228495,38.39031609188237,37.926981498985526
P_0005_0033,5,33,-22.6935,-0.7695000000000007,22.706542504309194,20,0.783,1.0,132.2037873643191,137.19758427963558,38.21209653554088,37.96790075984387,38.4482513052717,38.210348413364486,0.20603283168967207,0.4803505454278252,0.24244765352061393,0.6134745152334932,38.218513586922825,38.4482513052717,37.98854302080344,38.428533393980615,37.96790075984387
P_0005_0034,5,34,-22.6935,0.013500000000000512,22.69350401546663,25,0.783,1.0,132.63057970483766,137.50724479819223,38.23061077374476,37.99338101898019,38.45954314801333,38.228574001494074,0.20552387132274513,0.4661621290331439,0.23519298251388676,0.5953539323539513,38.23551111551217,38.45954314801333,38.00084817480422,38.45358655016048,37.99338101898019
P_0005_0035,5,35,-22.6935,0.7965000000000018,22.70747353846306,20,0.783,1.0,132.67660502153842,137.51279605111503,38.229780630115506,37.990543086924674,38.45947979486903,38.22697730945795,0.20540946130680454,0.4689367079443585,0.23643422253327628,0.5988974558676353,38.23434722962503,38.449920698548,37.990543086924674,38.45947979486903,38.00059573732301
P_0005_0036,5,36,-22.6935,1.5794999999999995,22.748401317455254,20,0.783,1.0,132.37767201808242,137.3464690050655,38.21101067996492,37.967657487188944,38.44607339043773,38.20793777710203,0.20595994910276597,0.4784159032487878,0.24028028991308759,0.611003707852858,38.21027021298613,38.42880640244516,37.967657487188944,38.44607339043773,37.986881392452176
P_0005_0037,5,37,-22.6935,2.3625000000000007,22.81614227909705,25,0.783,1.0,131.6538643657301,136.87627561557068,38.16977150959168,37.91106517405086,38.4211307827743,38.16855007913058,0.20820975687710694,0.510065608723437,0.2574849050797212,0.651424787641682,38.17603831290239,38.37534652232608,37.91106517405086,38.4211307827743,37.959169603599264
P_0005_0038,5,38,-22.6935,3.145500000000002,22.910458583363187,20,0.783,1.0,130.53409465401546,135.85383077120554,38.107423195407456,37.84266152924914,38.36279115633312,38.10685893943345,0.21034090329796942,0.5201296270839748,0.264197410184309,0.6642779400817047,38.12023733927367,38.31133234941802,37.84266152924914,38.36279115633312,37.897272322893286
P_0005_0039,5,39,-22.6935,3.9284999999999997,23.031023739729854,20,0.783,1.0,129.17590931310448,134.67917529509214,38.03276622886025,37.76458148969175,38.29476298817599,38.02639408461548,0.21002469459806164,0.5301814984842395,0.268368903560507,0.6771155791625024,38.02373782149243,38.22440593014204,37.76458148969175,38.29476298817599,37.82448219357519
P_0005_0040,5,40,-22.6935,4.711500000000001,23.17742812522563,25,0.783,1.0,127.22197765100952,133.1764909276337,37.9249730380826,37.631319045118346,38.203697660052285,37.92061685451798,0.21745709775728836,0.5723786149339389,0.2892978093996348,0.7310071710522847,37.92272564883035,38.11319273775223,37.631319045118346,38.203697660052285,37.7321491808367
P_0005_0041,5,41,-22.6935,5.494500000000002,23.349185692439043,20,0.783,1.0,124.81979750866142,130.81616985353529,37.78936198178348,37.494546316609046,38.06621921345521,37.78064973626679,0.220186471064431,0.5716728968461666,0.2861034196577421,0.7301058708124734,37.7683962770916,37.98550427840962,37.494546316609046,38.06621921345521,37.58858259576846
P_0005_0042,5,42,-22.6935,6.277500000000003,23.545741621363298,25,0.783,1.0,121.90165219867964,128.52099399126593,37.62436918133029,37.29395428025134,37.95471851289699,37.62938651212541,0.2344706693604265,0.6607642326456471,0.3354322318740657,0.8438879088705582,37.64134261991615,37.79636049514153,37.29395428025134,37.95471851289699,37.46055665242102
P_0005_0043,5,43,-22.6935,7.060500000000005,23.766480650277188,20,0.783,1.0,118.46414990156168,125.1060561825852,37.444486230704555,37.15964602672437,37.716726688034896,37.44778479724206,0.21649870826909237,0.557080661310529,0.28813877051769055,0.7114695546750052,37.45964740205591,37.649993044452,37.15964602672437,37.716726688034896,37.25291082494312
P_0005_0044,5,44,-22.6935,7.843499999999999,24.010735817546283,20,0.783,1.0,114.90262740189021,121.90135886206475,37.32276043950156,36.97209683872501,37.62126123700568,37.312896043269504,0.24284767043500355,0.649164398280675,0.34079920454449564,0.8290733055947317,37.31282286950625,37.53300424155384,36.97209683872501,37.62126123700568,37.12529502955675
P_0005_0045,5,45,-22.6935,8.6265,24.27779735684438,25,0.783,1.0,110.25623024677161,118.2352045751943,37.0959109763958,36.67846899100658,37.484311072332446,37.091334865478224,0.27867852977910085,0.8058420813258635,0.4128658744716418,1.0291725176575524,37.10349368639754,37.27302374822023,36.67846899100658,37.484311072332446,36.91737682943432
P_0005_0046,5,46,-22.6935,9.409500000000001,24.566921510437567,20,0.783,1.0,104.87920094920166,112.92637871538636,36.82406566874181,36.403443538079785,37.21581752235568,36.825916442252165,0.28980344545402154,0.8123739842758937,0.4224729041723805,1.0375146670190212,36.86427031083758,37.03271118811432,36.403443538079785,37.21581752235568,36.613339651873446
P_0005_0047,5,47,-22.6935,10.192500000000003,24.877339055855632,20,0.783,1.0,99.33745470961122,108.01554845618936,36.544038752892924,36.08492477211775,36.96760812805724,36.53109883727878,0.31077151325589925,0.8826833559394913,0.4461740651610313,1.1273095222726581,36.51579955788088,36.75891472118866,36.08492477211775,36.96760812805724,36.3282470071494
P_0005_0048,5,48,-22.6935,10.975500000000004,25.2082633773134,25,0.783,1.0,92.04496325003188,102.4128821807229,36.17569328245129,35.60784354365956,36.68455476721186,36.167671888710345,0.35971389425225136,1.0767112235522944,0.5598283450507822,1.3751101194793032,36.18883687577335,36.35982104721279,35.60784354365956,36.68455476721186,35.99730320969417
P_0005_0049,5,49,-22.6935,11.758499999999998,25.55889795159408,20,0.783,1.0,83.38982727163543,94.22468496279912,35.73864883069899,35.13815959694716,36.271033534915205,35.73972895469251,0.3913794866323345,1.1328739379680428,0.6015693577453476,1.4468377240971173,35.80714854529447,35.98319474150679,35.13815959694716,36.271033534915205,35.49910835479892
P_0005_0050,5,50,-22.6935,12.5415,25.928443156117183,20,0.783,1.0,74.00647572521282,86.46395177971525,35.26492585275355,34.54452224894368,35.87920661159029,35.237851246032804,0.455446198898024,1.3346843626466125,0.6933289970891252,1.704577730072302,35.22338656119962,35.538182876098574,34.54452224894368,35.87920661159029,35.00395793233184
P_0005_0051,5,51,-22.6935,13.3245,26.316102342482257,25,0.783,1.0,60.21119737738221,77.23295319213359,34.568527967998044,33.40930293880854,35.41322209367144,34.529737460939245,0.6581391686733024,2.0039191548629063,1.120434522130708,2.559283722685704,34.622593332813096,34.8371708076325,33.40930293880854,35.41322209367144,34.366398131770666
P_0005_0052,5,52,-22.6935,14.107500000000002,26.721087150413624,17,0.783,1.0,43.41813806361731,62.4701149657299,33.71864470465031,32.39131375170973,34.668047762404115,33.677569719222525,0.6710791211585279,1.8228887162724732,0.9904780431815894,2.328082651688982,33.781250384614,34.06282357040476,32.84515904613164,34.668047762404115,33.03056783255812
P_0006_0014,6,14,-21.9105,-15.6465,26.923650801850776,13,0.783,1.0,28.1833329315891,45.93357179603324,32.977171114582674,32.05922162990896,33.865148120974766,32.60687308990356,0.6631487209109104,1.8059264910658044,1.2582750310712072,2.3064195288196734,32.05922162990896,33.865148120974766,32.49038075886841,32.56039330985669,32.05922162990896
P_0006_0015,6,15,-21.9105,-14.8635,26.476284529744728,16,0.783,1.0,46.695487312559365,61.443575702556295,33.912605284449484,32.94592112858561,34.64523278489543,33.83259455216008,0.5541500811308392,1.699311656309817,0.8866734235744715,2.1702575431798428,33.67685850792418,34.64523278489543,33.80929591046038,34.08566442893482,32.94592112858561
P_0006_0016,6,16,-21.9105,-14.080499999999999,26.044778565002236,16,0.783,1.0,61.958960867571925,73.3293923649069,34.680218846364454,34.02735530739949,35.242164179057454,34.66329227326863,0.3917733080143958,1.214808871657965,0.6359369658691421,1.5514800404316282,34.66124222936179,35.242164179057454,34.57845660856526,34.80724304195917,34.02735530739949
P_0006_0017,6,17,-21.9105,-13.2975,25.62993399328215,20,0.783,1.0,74.78371481934231,85.33450845233106,35.32430418470089,34.73758158385846,35.84443357449686,35.297164288257214,0.35266682417149725,1.106851990638404,0.5595827043987569,1.4136040748894048,35.238752104838,35.84443357449686,35.29178441423568,35.37326976385708,34.73758158385846
P_0006_0018,6,18,-21.9105,-12.5145,25.232572609625045,16,0.783,1.0,85.22289865598584,93.40508546101242,35.84793771984544,35.4140497177865,36.24875953111666,35.81608222507034,0.27620475348030193,0.8347098133301643,0.4326773060463225,1.0660406300512952,35.71508045107794,36.24875953111666,35.751438042880864,35.95108338248974,35.4140497177865
P_0006_0019,6,19,-21.9105,-11.731499999999999,24.85353299834854,16,0.783,1.0,93.06847541896455,100.46400685040894,36.2410274885873,35.8550353457789,36.60238899425627,36.23154651386901,0.24463768381931147,0.7473536484773717,0.3765111680901114,0.9544746468421095,36.21430129221062,36.60238899425627,36.1445320120892,36.34147492501006,35.8550353457789
P_0006_0020,6,20,-21.9105,-10.9485,24.49366576280488,20,0.783,1.0,100.70316321680541,108.156561516797,36.623180087068405,36.23451348728139,36.98688359612447,36.60548907634575,0.2421818491159687,0.7523701088430812,0.3813945197787234,0.9608813650614063,36.55625661889803,36.98688359612447,36.565741410410055,36.68405026901479,36.23451348728139
P_0006_0021,6,21,-21.9105,-10.165499999999998,24.15382786433653,16,0.783,1.0,107.38316026606648,113.5605916414772,36.95726339715979,36.64224757325314,37.257149232282245,36.94858504676496,0.20468942798318748,0.6149016590291083,0.3085641855172838,0.7853150179171242,36.92782107084679,37.257149232282245,36.8582762023367,37.05743115510592,36.64224757325314
P_0006_0022,6,22,-21.9105,-9.3825,23.834876053799817,20,0.783,1.0,113.21246529264651,119.52183812964776,37.248326181731926,36.92604217974986,37.55436275073362,37.23312387474859,0.20495692623608527,0.6283205709837603,0.3212388759850242,0.802452836505441,37.18830259985504,37.55436275073362,37.17751920623471,37.31939263716976,36.92604217974986
P_0006_0023,6,23,-21.9105,-8.599499999999999,23.537659409975323,16,0.783,1.0,118.36639662967022,123.73253879489916,37.50552443493484,37.23612764109549,37.76445647992017,37.48636095521475,0.18250065241009403,0.5283288388246774,0.27809552470542087,0.6747494748718741,37.42034375582415,37.76445647992017,37.40177448265269,37.60910241658127,37.23612764109549
P_0006_0024,6,24,-21.9105,-7.816499999999998,23.263011036836996,16,0.783,1.0,122.41698177362645,127.49850795328068,37.70737802042274,37.453844914061335,37.95117687756687,37.69871600491439,0.17151814469121263,0.49733196350553754,0.2524608726524846,0.6351621500709291,37.674756074182994,37.95117687756687,37.60039765862104,37.81340450013971,37.453844914061335
P_0006_0025,6,25,-21.9105,-7.0335,23.011739015120085,20,0.783,1.0,126.43900605864216,131.6357041627571,37.90740732055327,37.64666180009465,38.15715112623195,37.89408080092428,0.17202338049987123,0.5104893261373036,0.26307032530767316,0.6519659337641169,37.85335331968707,38.15715112623195,37.81840061413965,37.99483714446808,37.64666180009465
P_0006_0026,6,26,-21.9105,-6.250499999999999,22.784616751220547,16,0.783,1.0,129.97100341890865,134.52387082052252,38.08293802533663,37.85808917999617,38.30074200845616,38.067006308992504,0.15944483764905207,0.4426528284599911,0.2337356994636579,0.5653292828352376,38.011649640717,38.30074200845616,37.96979449543238,38.19475622036083,37.85808917999617
P_0006_0027,6,27,-21.9105,-5.467499999999998,22.58237291561717,16,0.783,1.0,132.70627616464265,137.0616487026237,38.21826295890179,38.0036351314663,38.42523468259532,38.20917727704732,0.1528779947180947,0.42159955112902026,0.2160574055479998,0.5384413168953004,38.18188572722255,38.42523468259532,38.10128025611141,38.33385058784103,38.0036351314663
P_0006_0028,6,28,-21.9105,-4.6845,22.40568121035377,20,0.783,1.0,135.3578101743347,139.76798718183753,38.34880773701859,38.13158234504567,38.55917169737569,38.33651152415955,0.15243718156865685,0.42758935233001694,0.2226601732161413,0.5460911268582591,38.29743094375533,38.55917169737569,38.24028272464011,38.45408990998095,38.13158234504567
P_0006_0029,6,29,-21.9105,-3.9014999999999986,22.255150246628304,16,0.783,1.0,137.605251685014,141.57737203027517,38.45912036322637,38.26522246957859,38.646269275482894,38.44515914466293,0.14593585018923477,0.3810468059043046,0.20111013081996276,0.48664981596973766,38.39750520693809,38.646269275482894,38.333815349060615,38.58298342225447,38.26522246957859
P_0006_0030,6,30,-21.9105,-3.1184999999999974,22.13131384486696,16,0.783,1.0,139.25885141710157,143.0824389439231,38.540234984697705,38.35466601852488,38.720292349127874,38.53050387592219,0.1417606645661513,0.36562633060299277,0.18978847320568093,0.4669557223537583,38.50016027052385,38.720292349127874,38.41125094154438,38.66614979988998,38.35466601852488
P_0006_0031,6,31,-21.9105,-2.3354999999999997,22.034622086616324,20,0.783,1.0,140.74571375053193,144.54835583306618,38.61305071685447,38.428148214789246,38.79216010474465,38.60164451693292,0.14083974215310144,0.3640118899554068,0.19051558781173128,0.4648938569034569,38.564869043949045,38.79216010474465,38.486553774655306,38.73649144652637,38.428148214789246
P_0006_0032,6,32,-21.9105,-1.5524999999999984,21.96543344666797,16,0.783,1.0,141.86865159289968,145.39606416674948,38.66760309409747,38.4989667484976,38.83447834303411,38.65553612831668,0.1390663737885264,0.3355115945365057,0.17894221471742355,0.4284950121794453,38.61278913442135,38.83447834303411,38.52765051677159,38.803795898858766,38.4989667484976
P_0006_0033,6,33,-21.9105,-0.7695000000000007,21.924008312806304,16,0.783,1.0,142.54921536494234,145.9591777550997,38.69924874858908,38.53604789980699,38.85869241819751,38.688544999475525,0.13698412886881775,0.32264451839052555,0.17014741872198869,0.41206196473885764,38.65201675059655,38.85869241819751,38.55637667781508,38.83959125096152,38.53604789980699
P_0006_0034,6,34,-21.9105,0.013500000000000512,21.910504158964486,20,0.783,1.0,142.9616232382285,146.2659143771296,38.71665871237929,38.55775986972645,38.8688504371238,38.70531483200873,0.13731955011377686,0.3110905673973434,0.16353560511506515,0.3973059609161474,38.66872178384426,38.8688504371238,38.56693437356802,38.86430769578112,38.55775986972645
P_0006_0035,6,35,-21.9105,0.7965000000000018,21.92497257694978,16,0.783,1.0,143.0220330221616,146.27438952657917,38.71515154684978,38.557556045544345,38.868936104705085,38.70373295642618,0.13612981460527254,0.3113800591607401,0.1652031482789056,0.3976756821976246,38.66687416403698,38.85838751314384,38.557556045544345,38.868936104705085,38.56691095470063
P_0006_0036,6,36,-21.9105,1.5794999999999995,21.967358295889834,16,0.783,1.0,142.76175161209164,146.13155830020173,38.69744002640468,38.53154501607406,38.85492977774652,38.6845381748921,0.13795497645976482,0.32338476167245744,0.17039160285442279,0.41300735845780007,38.64320295458151,38.83919956848905,38.53154501607406,38.85492977774652,38.55381355756936
P_0006_0037,6,37,-21.9105,2.3625000000000007,22.037500232558138,20,0.783,1.0,142.11163142694312,145.70413232849103,38.65852426228152,38.48451334636752,38.83216096316022,38.64793284839281,0.13900685904690668,0.34764761679269895,0.1842281147674072,0.4439944020340983,38.61198339891121,38.78695975578245,38.48451334636752,38.83216096316022,38.52404677774268
P_0006_0038,6,38,-21.9105,3.145500000000002,22.135134526358765,16,0.783,1.0,141.09758675073206,144.76356839181383,38.59844739307998,38.42161920828579,38.77537174962743,38.58807906642371,0.13991267523467762,0.3537525413416418,0.18729268320372228,0.4517912405384953,38.55779433852263,38.72343525156623,38.42161920828579,38.77537174962743,38.462174784116485
P_0006_0039,6,39,-21.9105,3.9284999999999997,22.25989942699652,16,0.783,1.0,139.8642693806172,143.6787838401386,38.52696477742333,38.339273449078064,38.70812269889029,38.510896893033205,0.13915364951180956,0.36884924981222866,0.19722580585708727,0.4710718388406496,38.466762914680544,38.63493758396794,38.339273449078064,38.70812269889029,38.40538781854917
P_0006_0040,6,40,-21.9105,4.711500000000001,22.41134182729807,20,0.783,1.0,138.08964552715716,142.28968135367364,38.423512342227454,38.2062823458528,38.62051123704606,38.40874864982718,0.1493954748221133,0.414228891193261,0.2117625872188782,0.5290279581012273,38.363945422165045,38.53402268085165,38.2062823458528,38.62051123704606,38.31898156322035
P_0006_0041,6,41,-21.9105,5.494500000000002,22.588925173633207,16,0.783,1.0,135.9109291746844,140.10869582692573,38.292483094042296,38.07158857543664,38.485721004706136,38.272470068386006,0.15175343166971614,0.41413242926949323,0.21325093632012937,0.5289047627962876,38.21260532046813,38.407133215624015,38.07158857543664,38.485721004706136,38.185302225695125
P_0006_0042,6,42,-21.9105,6.277500000000003,22.79203844547477,20,0.783,1.0,133.27215875119813,137.9912003067972,38.13008080439656,37.87290422734651,38.33417811288268,38.11359878398288,0.15705568670132497,0.46127388553617266,0.2406945566363703,0.5891109649248693,38.09925025142854,38.2201155394452,37.87290422734651,38.33417811288268,38.04154578881145
P_0006_0043,6,43,-21.9105,7.060500000000005,23.020005875325054,16,0.783,1.0,130.17668921177028,134.84910900560857,37.9379568884048,37.73081034737157,38.12249260267168,37.92912215627389,0.13793839096110067,0.39168225530010403,0.19831180890231792,0.5002327653896603,37.92670816396662,38.02867062546079,37.73081034737157,38.12249260267168,37.83692904189877
P_0006_0044,6,44,-21.9105,7.843499999999999,23.272097079979705,16,0.783,1.0,126.98755246007943,131.9114727539939,37.853288970212375,37.66104273175472,38.021440813985805,37.82992793909504,0.14981845005377814,0.36005032063104636,0.1911651132907224,0.4598343813934181,37.78779258569193,38.021093052385766,37.66104273175472,37.99017036383492,37.68954096180789
P_0006_0045,6,45,-21.9105,8.6265,23.54753729161502,20,0.783,1.0,122.85879877436841,128.56578595758506,37.69931771005273,37.40774284712302,37.97672790255149,37.68485568323971,0.18920138807935183,0.5689850554284703,0.2918722193117773,0.7266731231525803,37.64128135232198,37.78496915743966,37.40774284712302,37.97672790255149,37.6135571567624
P_0006_0046,6,46,-21.9105,9.409500000000001,23.84551740893873,16,0.783,1.0,118.1289212079997,123.75306486232758,37.46013548419472,37.17416348118394,37.733271739678,37.45111845828332,0.18997368375831206,0.5591082584940636,0.28215328139468454,0.7140590785364798,37.4275855440203,37.5684837115993,37.17416348118394,37.733271739678,37.35208781493503
P_0006_0047,6,47,-21.9105,10.192500000000003,24.16520363042695,16,0.783,1.0,113.3196486289307,119.33947411860166,37.217080674753,36.90879771825661,37.51015888102279,37.19486058974112,0.2052274154816633,0.6013611627661817,0.3152982912816711,0.7680219192416113,37.12015222412856,37.32420674116406,36.90879771825661,37.51015888102279,37.11098738413358
P_0006_0048,6,48,-21.9105,10.975500000000004,24.5057464791424,20,0.783,1.0,107.11246923688893,114.3557263558942,36.903521253847885,36.52373061606801,37.25834557349083,36.88579061137026,0.23764709872189288,0.7346149574228207,0.37255496212056727,0.9382055650355309,36.83656216912874,36.97343068601157,36.52373061606801,37.25834557349083,36.83688401215216
P_0006_0049,6,49,-21.9105,11.758499999999998,24.86628907778561,16,0.783,1.0,99.95059909626734,107.18852464197202,36.541862141845215,36.16269143235058,36.89636355802463,36.531886621790235,0.2416795619766413,0.7336721256740546,0.3691951894396581,0.9370014376424707,36.51268576229114,36.6493018405132,36.16269143235058,36.89636355802463,36.43839051577163
P_0006_0050,6,50,-21.9105,12.5415,25.24597458011871,16,0.783,1.0,92.52530469526127,100.549885614548,36.166996984900216,35.73994697693348,36.561184007601696,36.13559658724911,0.27303129104573537,0.8212370306682146,0.4255874203525849,1.0488340110705168,36.03630771965754,36.277052496072656,35.73994697693348,36.561184007601696,36.063491735980165
P_0006_0051,6,51,-21.9105,13.3245,25.643952708192238,20,0.783,1.0,82.55893851583701,92.89959096783942,35.6639302512069,35.086341317138306,36.17500545706196,35.63678692944503,0.34744186391301846,1.088664139923651,0.5504456123067243,1.390375657629184,35.578319667157814,35.72209620012876,35.086341317138306,36.17500545706196,35.62217200573832
P_0006_0052,6,52,-21.9105,14.107500000000002,26.05938538223801,16,0.783,1.0,70.20700222128595,81.41982783288113,35.040496253609305,34.39456480610477,35.59560163486134,35.02312079012654,0.38834374869527155,1.2010368287565711,0.6285559840217729,1.533891224465608,35.01919054553258,35.17441161678289,34.39456480610477,35.59560163486134,34.931835347351125
P_0006_0053,6,53,-21.9105,14.890500000000003,26.491451460801464,16,0.783,1.0,55.36381102824612,69.95429353250327,34.2912984557495,33.33164256334493,35.01694419564626,34.21175228487719,0.5504297144439653,1.6853016323013321,0.8801097215322642,2.152364792211152,34.057868265089326,34.47120799537328,33.33164256334493,35.01694419564626,34.181098404932186
P_0006_0054,6,54,-21.9105,15.673500000000004,26.93935063248556,13,0.783,1.0,37.26789783269119,54.86457198795284,33.37420375467211,32.45890319642956,34.25533595968437,33.004618461438554,0.6597721130982156,1.7964327632548134,1.2507174982458196,2.2942947168005277,32.45890319642956,32.9691647704949,32.45890319642956,34.25533595968437,32.88078518415438
P_0007_0013,7,13,-21.127499999999998,-16.429499999999997,26.763776387124445,13,0.783,1.0,29.84745394085483,47.36841528109375,33.037591233113716,32.08636168598031,33.912549608312986,33.05664022027895,0.5406642620699103,1.5991442019418969,0.8559093880340356,2.042329759823623,33.30263101863602,33.912549608312986,32.71640623714552,33.038208830929136,32.31340540637109
P_0007_0014,7,14,-21.127499999999998,-15.6465,26.2903826236896,20,0.783,1.0,51.205071649948636,66.53876419419764,34.11474852493562,33.11749302187002,34.87654747841373,34.11607887048664,0.5670336922870487,1.7590544565437085,0.9985858486166208,2.246557415764634,34.28850152415629,34.87654747841373,34.160379970419285,34.13747235757387,33.11749302187002
P_0007_0015,7,15,-21.127499999999998,-14.8635,25.832051573578124,16,0.783,1.0,67.67462831936878,78.13295972285185,34.94275696525061,34.357752101404,35.45860084612576,34.94109549274533,0.353079198316824,1.100848744721759,0.5833433913413302,1.4059370941529488,34.98421407115973,35.45860084612576,34.87150462123691,35.03340582380025,34.357752101404
P_0007_0016,7,16,-21.127499999999998,-14.080499999999999,25.38959898265429,16,0.783,1.0,78.87911234671131,87.82848663766713,35.50530063261827,35.022923690440905,35.944846362053,35.530668872596024,0.3032994925281757,0.9219226716120943,0.5077451821551193,1.1774235908200437,35.66438799035109,35.944846362053,35.433398998551354,35.58778732158379,35.022923690440905
P_0007_0017,7,17,-21.127499999999998,-13.2975,24.963869141220876,20,0.783,1.0,89.3082753539112,98.10649307085122,36.028286494354965,35.5581334223636,36.45968427650303,36.03934856008143,0.28810451256269615,0.9015508541394297,0.4812151377178253,1.151405943983946,36.11434922801277,36.45968427650303,36.009417404051646,36.05515846947611,35.5581334223636
P_0007_0018,7,18,-21.127499999999998,-12.5145,24.555731846149484,16,0.783,1.0,98.21698925895785,105.22031513487735,36.474525944585565,36.11181350301507,36.81604043749672,36.47706342600045,0.2284049579877649,0.7042269344816461,0.3652499229853774,0.8993958294784752,36.50497994481083,36.81604043749672,36.39959137492275,36.55289186975688,36.11181350301507
P_0007_0019,7,19,-21.127499999999998,-11.731499999999999,24.16607846755447,16,0.783,1.0,105.10694645218278,111.5489179780749,36.819313221361256,36.48945598039364,37.13206630289858,36.838390253916565,0.21410249640871076,0.642610322504936,0.3489342735229215,0.8207028384481941,36.92958502113703,37.13206630289858,36.74220292243388,36.8986410427197,36.48945598039364
P_0007_0020,7,20,-21.127499999999998,-10.9485,23.795817037874535,20,0.783,1.0,111.93623117087279,118.5397850857259,37.16068766768549,36.82161935823154,37.48171368679499,37.1706522529881,0.2125251488582674,0.6600943285634528,0.3490328947565615,0.8430323481014723,37.22687129504243,37.48171368679499,37.117231456530135,37.2058254683414,36.82161935823154
P_0007_0021,7,21,-21.127499999999998,-10.165499999999998,23.445866298774288,16,0.783,1.0,117.99124181496109,123.50126907307266,37.46300097970262,37.185997223339086,37.72854901435517,37.47947035849317,0.1834623238527252,0.5425517910160806,0.29347313515408047,0.692914164771495,37.556165800532426,37.72854901435517,37.3804899411748,37.546149813064346,37.185997223339086
P_0007_0022,7,22,-21.127499999999998,-9.3825,23.11714866716914,20,0.783,1.0,123.33118956336428,129.01645198650104,37.72941533383758,37.44202970168419,38.00397166640096,37.73867112252405,0.1830846051490668,0.561941964716766,0.2966414208398618,0.7176781158579387,37.78848657665077,38.00397166640096,37.67213148842677,37.78673617945759,37.44202970168419
P_0007_0023,7,23,-21.127499999999998,-8.599499999999999,22.81058211664051,16,0.783,1.0,128.0879664112881,132.93611908711952,37.966488494715975,37.72579027597493,38.19936843037812,37.971104039868024,0.160531922455277,0.4735781544031923,0.245313763893094,0.604825229122851,37.99838781960085,38.19936843037812,37.87718300870012,38.054790664686095,37.72579027597493
P_0007_0024,7,24,-21.127499999999998,-7.816499999999998,22.527071014670323,16,0.783,1.0,131.8489776002383,136.4573322427929,38.15355457470211,37.92522682840729,38.37356523767744,38.167216897870105,0.15641639456914003,0.4483384092701499,0.24199006946281543,0.5725905610091314,38.23053854937416,38.37356523767744,38.061728448676206,38.24502542521543,37.92522682840729
P_0007_0025,7,25,-21.127499999999998,-7.0335,22.267496008756797,20,0.783,1.0,135.6015085408573,140.34161197879,38.33998172780661,38.10463069038087,38.56644960035146,38.34847493387699,0.15519590500254263,0.4618189099705887,0.24384424349612033,0.5898070369994747,38.39283842326682,38.56644960035146,38.26400583085848,38.41445012452732,38.10463069038087
P_0007_0026,7,26,-21.127499999999998,-6.250499999999999,22.03270311378066,16,0.783,1.0,138.91021602510924,143.06280148013195,38.504087319677836,38.30100002747571,38.70160708584285,38.50965456103238,0.14184416079652667,0.40060705836714305,0.2086545335566683,0.5116309813118046,38.53855186750661,38.70160708584285,38.40530487239136,38.60180895194537,38.30100002747571
P_0007_0027,7,27,-21.127499999999998,-5.467499999999998,21.82349221595847,16,0.783,1.0,141.48149933347136,145.4603505416368,38.63126472169028,38.4379006467517,38.820512286553765,38.64319873369461,0.1398580223601836,0.3826116398020645,0.20529808694291063,0.48864832669484604,38.696879243070725,38.820512286553765,38.52787588839408,38.73282560370279,38.4379006467517
P_0007_0028,7,28,-21.127499999999998,-4.6845,21.64060527111014,20,0.783,1.0,143.98157470239806,148.02413961735604,38.75366896141471,38.5563034966151,38.9451806275942,38.761630755694924,0.13814015131175175,0.3888771309790968,0.20532725907982297,0.4966502311355004,38.803295638364375,38.9451806275942,38.657798910886925,38.84557510501401,38.5563034966151
P_0007_0029,7,29,-21.127499999999998,-3.9014999999999986,21.4847145314989,16,0.783,1.0,146.1065394444166,149.74271763232798,38.85737554668134,38.68127467099862,39.0265096969452,38.863532708665275,0.1308442706430136,0.34523502594657884,0.1822580376666565,0.4409131876712373,38.89640444770072,39.0265096969452,38.74572222940458,38.967752498277264,38.68127467099862
P_0007_0030,7,30,-21.127499999999998,-3.1184999999999974,21.35641118025217,16,0.783,1.0,147.67432039667605,151.17564828790097,38.93341023550502,38.76540016526928,39.096852413144006,38.94306814290492,0.12902215854936308,0.33145224787472927,0.17766797763564313,0.4233106613981217,38.98882131820631,39.096852413144006,38.81880736368885,39.04545945421614,38.76540016526928
P_0007_0031,7,31,-21.127499999999998,-2.3354999999999997,21.256194779404893,20,0.783,1.0,149.08818876689577,152.57562331270884,39.00248029680735,38.83479838001273,39.16518265729536,39.01026434462526,0.1274648102761979,0.33038427728263287,0.17546596461253472,0.4219467142817789,39.049425420557725,39.16518265729536,38.8897335765289,39.1121816887316,38.83479838001273
P_0007_0032,7,32,-21.127499999999998,-1.5524999999999984,21.184463941766378,16,0.783,1.0,150.16008147335268,153.3888067022183,39.0540229961868,38.90123178588942,39.20562680773156,39.06152458709274,0.12536008555099243,0.30439502184214007,0.1602928012033189,0.3887548171674841,39.09613595626473,39.20562680773156,38.92832041565947,39.176307969918525,38.90123178588942
P_0007_0033,7,33,-21.127499999999998,-0.7695000000000007,21.141508614571478,16,0.783,1.0,150.8138103040692,153.9329286818636,39.08460639034338,38.93628841582682,39.2279500677214,39.09345862276206,0.12463792718128752,0.2916616518945787,0.1571702069352341,0.3724925311552729,39.13265227873535,39.2279500677214,38.9563405374472,39.21406181407952,38.93628841582682
P_0007_0034,7,34,-21.127499999999998,0.013500000000000512,21.1275043130986,20,0.783,1.0,151.21622120992052,154.23730073232306,39.101275643219765,38.95992803016071,39.240512238625286,39.10926457284171,0.12301505557084334,0.27558672673802675,0.14814983539628201,0.35196261396938283,39.15052516772653,39.236701464183454,38.96564637218876,39.23233512266438,38.96111473744543
P_0007_0035,7,35,-21.127499999999998,0.7965000000000018,21.142508566865946,16,0.783,1.0,151.28662796128845,154.24814045334307,39.099156970943724,38.95537155199111,39.236908541800176,39.1077974056215,0.12463001306971659,0.2815369898090694,0.1524258536303904,0.35956192823635935,39.14621999632419,39.23472293779162,38.95537155199111,39.236908541800176,38.96576400020041
P_0007_0036,7,36,-21.127499999999998,1.5794999999999995,21.18645974437447,16,0.783,1.0,151.05318149254464,154.1243008356705,39.08175280632788,38.93879910108075,39.22121456342052,39.08815076312719,0.12145579826361762,0.28241546233977033,0.1493516620464419,0.3606838599486211,39.12201051975365,39.20673198550128,38.93879910108075,39.22121456342052,38.95199764587977
P_0007_0037,7,37,-21.127499999999998,2.3625000000000007,21.25917831196681,20,0.783,1.0,150.45410644330698,153.73139980813377,39.042684560637454,38.88515333050316,39.20020994660376,39.0515423056717,0.12582642942800198,0.3150566161006054,0.16638897516854456,0.4023711572166097,39.09696392229671,39.1537251708076,38.88515333050316,39.20020994660376,38.92165915814729
P_0007_0038,7,38,-21.127499999999998,3.145500000000002,21.360370467292928,16,0.783,1.0,149.51305573030658,152.85677773579175,38.985240809689586,38.82249729731228,39.14292042759314,38.99403261668674,0.12346082687494592,0.320423130280858,0.1715353193744562,0.4092249428874304,39.03971133392042,39.08803755375703,38.82249729731228,39.14292042759314,38.87699647085083
P_0007_0039,7,39,-21.127499999999998,3.9284999999999997,21.489633977804274,16,0.783,1.0,148.3655571400198,151.84412944219142,38.91263009839078,38.73979294766019,39.07374179154596,38.92065837602327,0.12830506948688997,0.3339488438857714,0.18086542836307729,0.4264991620507936,38.94986195067543,39.03244261679316,38.73979294766019,39.07374179154596,38.8074525734416
P_0007_0040,7,40,-21.127499999999998,4.711500000000001,21.646465958673254,20,0.783,1.0,146.71341005522052,150.54583378919213,38.807379752981106,38.61167517035875,38.98264880244665,38.81355429731085,0.13198096334425016,0.370973632087896,0.2018791269521003,0.47378497073805365,38.85051591661636,38.9019419139355,38.61167517035875,38.98264880244665,38.72098968319699
P_0007_0041,7,41,-21.127499999999998,5.494500000000002,21.830272249791115,16,0.783,1.0,144.68615234351307,148.5073976659388,38.67433391882761,38.46578804765227,38.84348716894152,38.673600766649486,0.133751507068067,0.377699121289254,0.20781271899721787,0.48237435669125667,38.700428499866405,38.77030513451905,38.46578804765227,38.84348716894152,38.587994982268185
P_0007_0042,7,42,-21.127499999999998,6.277500000000003,22.04037800265685,20,0.783,1.0,142.2347361165438,146.5301309664066,38.51287049609259,38.26189155605607,38.74393931615123,38.514252173544456,0.1584037901711109,0.48204776009515626,0.25236061748838523,0.6156420946298292,38.54014780931021,38.57722036165194,38.26189155605607,38.74393931615123,38.44806182455284
P_0007_0043,7,43,-21.127499999999998,7.060500000000005,22.276039066674308,16,0.783,1.0,139.36580821405772,143.60141119433413,38.30124740489781,38.13718599344992,38.47215748071551,38.309098365130595,0.11366330427983212,0.3349714872655909,0.1719123716806763,0.42780522000714033,38.32057270854153,38.37228394298728,38.13718599344992,38.47215748071551,38.24329169995872
P_0007_0044,7,44,-21.127499999999998,7.843499999999999,22.536453769393265,16,0.783,1.0,136.41954828669125,140.8702970435061,38.2133177310852,38.07055065416773,38.36745846564349,38.22813518321709,0.11263045740495282,0.29563965462443065,0.15631637219803451,0.3775729944117888,38.283525490967406,38.2977539572845,38.07181881101906,38.36745846564349,38.120119191171
P_0007_0045,7,45,-21.127499999999998,8.6265,22.82077471296713,20,0.783,1.0,132.6217339900504,137.76936624980542,38.163153068509224,37.9027228488464,38.41237479831455,38.17228140312544,0.16929743021151084,0.5096519494681502,0.26955855427903685,0.6508964871879312,38.22056835436871,38.23530215480156,37.9027228488464,38.41237479831455,38.090438859296
P_0007_0046,7,46,-21.127499999999998,9.409500000000001,23.128120254357032,16,0.783,1.0,128.29522730841228,133.32887617822453,37.944327396491495,37.69110401064876,38.18770228896665,37.959313164604666,0.1711180848268005,0.49659827831789016,0.26820915395590816,0.6342251319513285,38.02920678383634,38.0363956510879,37.69110401064876,38.18770228896665,37.85215708848369
P_0007_0047,7,47,-21.127499999999998,10.192500000000003,23.45758539364186,16,0.783,1.0,123.92773017782531,129.28015155019716,37.723568955593464,37.45275328315756,37.98300288803853,37.72795511495266,0.1775926578484801,0.5302496048809644,0.27520183179509417,0.6772025605120874,37.7564948708353,37.81337439781203,37.45275328315756,37.98300288803853,37.63415013491988
P_0007_0048,7,48,-21.127499999999998,10.975500000000004,23.808251857286795,20,0.783,1.0,118.34553719095629,124.73894992482305,37.441555062300054,37.111424105017534,37.75352489363809,37.45153481656356,0.2078538569887972,0.642100788620553,0.3401107115460249,0.8200520927465554,37.50801818404261,37.49613012149939,37.111424105017534,37.75352489363809,37.38857677862018
P_0007_0049,7,49,-21.127499999999998,11.758499999999998,24.179197226128082,16,0.783,1.0,111.98907012948557,118.27343576963791,37.12055116691499,36.79719194120241,37.42696010797209,37.139167850830574,0.21109939070739178,0.6297681667696793,0.34197590962816093,0.8043016178412251,37.22843395599699,37.206653182029925,36.79719194120241,37.42696010797209,37.03660006695145
P_0007_0050,7,50,-21.127499999999998,12.5415,24.569503016951725,16,0.783,1.0,105.51939529823326,112.36511528841304,36.793927979044206,36.4380070164363,37.128646157829,36.79698314169328,0.2252873399985664,0.6906391413927011,0.3589761252569801,0.882042326172032,36.82689542400203,36.87937821011957,36.4380070164363,37.128646157829,36.71198890007952
P_0007_0051,7,51,-21.127499999999998,13.3245,24.97826167890792,20,0.783,1.0,97.08349905040589,105.67157558635958,36.36813014935743,35.9069225052225,36.79076741936035,36.3792321671859,0.28292884421955544,0.8838449141378533,0.47230966196340063,1.1287929937903618,36.45428655681548,36.40427022549727,35.9069225052225,36.79076741936035,36.3399141290339
P_0007_0052,7,52,-21.127499999999998,14.107500000000002,25.404582509854396,16,0.783,1.0,87.12715370042532,95.9189221056414,35.86565408504199,35.39004637923961,36.29856176508957,35.89059452238077,0.29977136465670606,0.9085153858499666,0.5005481431411667,1.1603006204980415,36.02249278522714,35.955074302592266,35.39004637923961,36.29856176508957,35.786797379755285
P_0007_0053,7,53,-21.127499999999998,14.890500000000003,25.847596532366406,16,0.783,1.0,76.3429520350555,86.64367755279882,35.32142345743603,34.743287515271334,35.830498583505175,35.32024964123421,0.34955417941627426,1.0872110682338416,0.5769621259628792,1.388519882801841,35.36523532529134,35.41898144543546,34.743287515271334,35.830498583505175,35.24324533666777
P_0007_0054,7,54,-21.127499999999998,15.673500000000004,26.306460394739542,20,0.783,1.0,60.34621302285467,75.46976438611722,34.51408963932236,33.52615007751763,35.26663015415403,34.51541911199445,0.5612232018248662,1.740480076636402,0.9892690344768198,2.222835346917499,34.68781494291699,34.54600557060746,33.52615007751763,35.26663015415403,34.55049481477613
P_0007_0055,7,55,-21.127499999999998,16.4565,26.780359379590106,13,0.783,1.0,39.43312473507845,56.82476842547932,33.45651462898675,32.50441184187861,34.32566374191265,33.47541976775271,0.5383855921872481,1.5896609869396343,0.8502439741599375,2.0302183741246926,33.720450376100246,33.465249128737696,32.736002754973015,34.32566374191265,33.12973283703997
P_0008_0012,8,12,-20.3445,-17.2125,26.648993161093347,19,0.783,1.0,36.66381921490599,56.40260878978325,33.353823532536104,32.04739907893577,34.33577324295072,33.30043962219732,0.6954167133700767,2.133477210805097,1.0981435900516914,2.7247473956642363,33.23229114884623,34.33577324295072,33.113958822618315,33.61787886442568,32.202296032145625
P_0008_0013,8,13,-20.3445,-16.429499999999997,26.150088919542892,20,0.783,1.0,56.25340109363098,70.80178572478297,34.34064593180661,33.44152396978615,35.05939178633395,34.33956707912678,0.529846064329223,1.6178678165478004,0.8980431093406338,2.066242422155556,34.473319902785704,35.05939178633395,34.18833976860839,34.5352599681197,33.44152396978615
P_0008_0014,8,14,-20.3445,-15.6465,25.665378284763307,25,0.783,1.0,72.04782793911518,84.94522749717605,35.13443165496467,34.3917568084384,35.76936894603193,35.12180834580791,0.4390947783947673,1.3776121375935304,0.7300515373695049,1.7594024745766672,35.154663885827574,35.76936894603193,35.07807015091237,35.21518193782924,34.3917568084384
P_0008_0015,8,15,-20.3445,-14.8635,25.19568043336,20,0.783,1.0,84.48656707028233,94.3500080339296,35.758738832451115,35.2263988821141,36.24075042992155,35.739918634728916,0.3320035532651635,1.0143515478074505,0.513519752614819,1.2954681325765651,35.707132350424104,36.24075042992155,35.631339572787,35.89397193839784,35.2263988821141
P_0008_0016,8,16,-20.3445,-14.080499999999999,24.74185038553099,20,0.783,1.0,93.72045101970684,102.55471948891014,36.221635728780285,35.75514725915042,36.65140390023527,36.227404642864585,0.29567202828717004,0.8962566410848538,0.47225738371416526,1.144644496915522,36.283014557262334,36.65140390023527,36.098853114983854,36.348604382691065,35.75514725915042
P_0008_0017,8,17,-20.3445,-13.2975,24.304777030452264,25,0.783,1.0,102.67776611143647,111.5113093250014,36.67013251351743,36.20544092415935,37.10001064911097,36.6655326827702,0.28697194717697944,0.8945697249516229,0.46009175861085083,1.142490070180872,36.6781609686696,37.10001064911097,36.59764406240379,36.74640680950728,36.20544092415935
P_0008_0018,8,18,-20.3445,-12.5145,23.88538026701689,20,0.783,1.0,110.52858806934958,117.83613451075276,37.06279076952869,36.68828172157919,37.41546511726034,37.051305673321636,0.2422427515722725,0.727183395681152,0.3641594439387035,0.9287144261572822,37.02740114865418,37.41546511726034,36.94399178481086,37.1813885943036,36.68828172157919
P_0008_0019,8,19,-20.3445,-11.731499999999999,23.48460713957123,20,0.783,1.0,116.70801641146086,123.53492743320234,37.3716039867186,37.02459090957046,37.70054282475513,37.37610058267743,0.22718656179893673,0.6759519151846689,0.35150967310696757,0.8632846937224379,37.412249171389306,37.70054282475513,37.25345222170546,37.48966778596679,37.02459090957046
P_0008_0020,8,20,-20.3445,-10.9485,23.103426856204685,25,0.783,1.0,122.90935119451784,129.8982749194068,37.68103947367031,37.32561162094834,38.017223245281,37.67821717385059,0.22549023398071139,0.6916116243326655,0.35260555290225426,0.8832843222639406,37.68617976151114,38.017223245281,37.59473919669642,37.76733204481605,37.32561162094834
P_0008_0021,8,21,-20.3445,-10.165499999999998,22.742824593704274,20,0.783,1.0,128.459785574894,134.45278362874342,37.95783030216747,37.65792813977123,38.24448254782726,37.96126314620782,0.2006978698322016,0.5865544080560312,0.3033350064365905,0.7491116322554676,37.9896221993094,38.24448254782726,37.8381149416511,38.07616790248011,37.65792813977123
P_0008_0022,8,22,-20.3445,-9.3825,22.403794020210057,25,0.783,1.0,133.39342127435114,139.54907390648958,38.20364363600552,37.8950557642512,38.4963729413754,38.201063952229745,0.1994054081764837,0.6013171771242014,0.30600818797854856,0.7679657434536417,38.20745270035701,38.4963729413754,38.10857756999178,38.29786078517333,37.8950557642512
P_0008_0023,8,23,-20.3445,-8.599499999999999,22.087328505276503,20,0.783,1.0,137.8138037292114,143.19078367669889,38.4233525054996,38.1585637201386,38.67818188657884,38.41684263675281,0.18168716663966555,0.5196181664402388,0.26133924982602963,0.6636247336401517,38.40386036421336,38.67818188657884,38.299682419679016,38.54392479315425,38.1585637201386
P_0008_0024,8,24,-20.3445,-7.816499999999998,21.794411038153793,20,0.783,1.0,141.32559710365103,146.47542342330212,38.597923631122605,38.34463267479941,38.84158606396039,38.60030080092796,0.17602072970887697,0.49695338916097853,0.2556681261285476,0.6346786579322842,38.62223354155134,38.84158606396039,38.47238446672162,38.72066725760703,38.34463267479941
P_0008_0025,8,25,-20.3445,-7.0335,21.526002938306963,25,0.783,1.0,144.84327124108574,150.11256652630283,38.77253643293326,38.512671184295584,39.02230204809007,38.77053801435552,0.17517722258111168,0.5096308637944844,0.25786683005993893,0.6508695578473619,38.77512235567656,39.02230204809007,38.66282444160214,38.87977004211325,38.512671184295584
P_0008_0026,8,26,-20.3445,-6.250499999999999,21.283031515740422,20,0.783,1.0,147.955382825683,152.6691177246589,38.92661922491532,38.69769660761085,39.14983244700886,38.922372501087786,0.16494041977081986,0.45213583939801083,0.2274599459210762,0.5774404079157226,38.91304755635792,39.14983244700886,38.79583331732471,39.05545257713658,38.69769660761085
P_0008_0027,8,27,-20.3445,-5.467499999999998,21.066376919157218,20,0.783,1.0,150.3810611161176,154.92750207611493,39.04611049782367,38.82663996524025,39.25727427206971,39.04724388132324,0.16050898252323256,0.4306343068294609,0.22060391608299312,0.5499799576366039,39.06283702176211,39.25727427206971,38.91097856878571,39.178489578758445,38.82663996524025
P_0008_0028,8,28,-20.3445,-4.6845,20.87685849211993,25,0.783,1.0,152.7457574768311,157.3489872180018,39.161454500737236,38.93790821838792,39.377432937245146,39.15956280385368,0.1593484552468263,0.43952471885722844,0.2216545854657639,0.5613342514140848,39.1628978611148,39.377432937245146,39.03660008899556,39.28297491352498,38.93790821838792
P_0008_0029,8,29,-20.3445,-3.9014999999999986,20.71522103430229,20,0.783,1.0,154.76065250107544,158.97647789438886,39.25853896264062,39.05562492386639,39.45279570161176,39.25516874387879,0.15404278020021292,0.397170777745373,0.19954382001240134,0.5072423725994547,39.2518450594265,39.45279570161176,39.11681568361775,39.39876235087155,39.05562492386639
P_0008_0030,8,30,-20.3445,-3.1184999999999974,20.582121428560274,20,0.783,1.0,156.25097182027704,160.336808416246,39.33004526655983,39.13533094579395,39.5188212958065,39.32977505467613,0.15098964046280627,0.3834903500125435,0.19444410888218044,0.48977056195727137,39.33831137386613,39.5188212958065,39.18614145765497,39.47027020025911,39.13533094579395
P_0008_0031,8,31,-20.3445,-2.3354999999999997,20.478116136500446,25,0.783,1.0,157.59874058803672,161.6702315824968,39.39507170955933,39.20139821981985,39.583592718708246,39.39364811655613,0.1497795244723441,0.38219449888839563,0.19224989673627846,0.4881155796786662,39.39604280833686,39.583592718708246,39.253737738591326,39.53346909732437,39.20139821981985
P_0008_0032,8,32,-20.3445,-1.5524999999999984,20.40365007786597,20,0.783,1.0,158.6242987840244,162.44850004244222,39.44459760388522,39.26475026940875,39.62114632230231,39.44295193677931,0.147389464843777,0.35639605289355814,0.17820166737055843,0.45516737278870767,39.44080025035703,39.62114632230231,39.293861120717,39.59420172111146,39.26475026940875
P_0008_0033,8,33,-20.3445,-0.7695000000000007,20.359047386849905,20,0.783,1.0,159.25362990974003,162.9733952443972,39.47366518355626,39.29669345664149,39.64149633327065,39.47295812809523,0.14703410454793664,0.34480287662916,0.1762646714537368,0.4403612728341762,39.48108205521942,39.64149633327065,39.31694748972694,39.62857130561764,39.29669345664149
P_0008_0034,8,34,-20.3445,0.013500000000000512,20.34450447909705,25,0.783,1.0,159.64694515785487,163.2753724186799,39.4891831379622,39.321318404995566,39.656862023066935,39.486166112290746,0.14484316540661313,0.32629428766909996,0.16439546958004314,0.4167232281853128,39.4908315361464,39.6480649303798,39.32440114678809,39.64576230542872,39.3217706427107
P_0008_0035,8,35,-20.3445,0.7965000000000018,20.360085768483394,20,0.783,1.0,159.72644756695928,163.28860701587672,39.48645376808847,39.31240704577567,39.650502978812426,39.483980891816444,0.14754895610176647,0.336057863676956,0.17157384604077208,0.4291926739169297,39.48579448413375,39.64846490945263,39.31240704577567,39.648396151446775,39.32484186827338
P_0008_0036,8,36,-20.3445,1.5794999999999995,20.405722248918316,20,0.783,1.0,159.5173988032164,163.1839941758944,39.46895746607907,39.29839068995636,39.6456357825507,39.468985524798214,0.14679248038626028,0.3472450925943349,0.17665025775248466,0.44348032259812886,39.47455081419042,39.617015601121125,39.29839068995636,39.6456357825507,39.309334736172445
P_0008_0037,8,37,-20.3445,2.3625000000000007,20.481213013393518,25,0.783,1.0,158.96465826444793,162.82600807792164,39.42765565883447,39.24274963574641,39.615861775854455,39.42895834183689,0.14554449897406646,0.3731121401080486,0.18690343401756593,0.4765161431775844,39.43284126828547,39.56136152528632,39.24274963574641,39.615861775854455,39.29197750401181
P_0008_0038,8,38,-20.3445,3.145500000000002,20.58622963293667,20,0.783,1.0,158.08970715390757,162.01793786413674,39.371225133967606,39.17774120080196,39.55135053825285,39.36649773384647,0.14291032748088112,0.37360933745088687,0.18875653304451134,0.47715113339832294,39.37575209465376,39.49074220072208,39.17774120080196,39.55135053825285,39.23690263480171
P_0008_0039,8,39,-20.3445,3.9284999999999997,20.720323175568474,20,0.783,1.0,157.01967019667862,161.07788970425233,39.29748696264352,39.09104421388463,39.47747614106635,39.2914473324912,0.1511054084443422,0.38643192718171804,0.20040311860657312,0.49352736549389276,39.28201886344465,39.44303392626466,39.09104421388463,39.47747614106635,39.163663517795726
P_0008_0040,8,40,-20.3445,4.711500000000001,20.88293352237659,25,0.783,1.0,155.4775928296536,159.8706813898379,39.18978419130125,38.957777014334,39.37885374602746,39.18087563569709,0.15469123197869622,0.4210767316934607,0.22309862136309278,0.5377736036953521,39.17519046165256,39.31910303382392,38.957777014334,39.37885374602746,39.0734539226475
P_0008_0041,8,41,-20.3445,5.494500000000002,21.073400544288052,20,0.783,1.0,153.58571412615936,157.97454920041693,39.054392218021555,38.87840976824509,39.2294360818517,39.048423978445065,0.13697747933603818,0.3510263136066101,0.18101210340663698,0.4483094682076757,39.01489722707362,39.183716868362126,38.87840976824509,39.2294360818517,38.9356599466928
P_0008_0042,8,42,-20.3445,6.277500000000003,21.290976645048485,25,0.783,1.0,151.30053726580786,156.13644721093357,38.866951111850526,38.59794695901792,39.07440030657517,38.85326930736069,0.16148385006818367,0.4621398142475144,0.2553223483427729,0.5902168764336071,38.8367802247667,38.98586175882412,38.59794695901792,39.06008677326543,38.78567082092928
P_0008_0043,8,43,-20.3445,7.060500000000005,21.534840154967487,20,0.783,1.0,148.63092695333688,153.41790233465707,38.627501184011194,38.36291408857579,38.81473776737448,38.62510752842921,0.16063086376884358,0.45182367879868934,0.26219343985341936,0.5770417353750822,38.61133674027673,38.769244645052936,38.36291408857579,38.81473776737448,38.567304400866135
P_0008_0044,8,44,-20.3445,7.843499999999999,21.804109073750293,20,0.783,1.0,145.89616779010396,150.88838822401533,38.51438567643486,38.38734852890252,38.69845201938677,38.51666255282227,0.10096817310790124,0.30101503779383876,0.1817894665645028,0.38443810701639686,38.48909980437776,38.69845201938677,38.39743698159293,38.5333560407862,38.46496791796767
P_0008_0045,8,45,-20.3445,8.6265,22.097854703567947,25,0.783,1.0,142.38281374614797,148.02403083938475,38.61245504883328,38.33989485954135,38.85497796610525,38.5936778311253,0.1531492685764023,0.4166513639372553,0.253782971583945,0.5321217930233145,38.62715003668404,38.73096093748694,38.33989485954135,38.75654622347861,38.513837098435545
P_0008_0046,8,46,-20.3445,9.409500000000001,22.41511477775655,20,0.783,1.0,138.39750456994716,143.9383942888877,38.42180637034253,38.14470080546619,38.687241065961416,38.424552009197875,0.19003840788712953,0.5425402604952296,0.27985120373168826,0.6928994386912256,38.44905646666979,38.54859796789361,38.14470080546619,38.687241065961416,38.29316373999836
P_0008_0047,8,47,-20.3445,10.192500000000003,22.75490576776797,20,0.783,1.0,134.39627393775822,140.23166610586793,38.21953119582614,37.926117017084096,38.4997988022472,38.212000102048066,0.1984253444555386,0.5736817851631031,0.2877987001991329,0.7326715008468749,38.19651904049812,38.34522289514592,37.926117017084096,38.4997988022472,38.09234275526501
P_0008_0048,8,48,-20.3445,10.975500000000004,23.116234133180086,25,0.783,1.0,129.31865721460133,136.09743975850392,37.962982366344114,37.61575522640703,38.29085835824071,37.96003449376799,0.22191200407844208,0.67510313183368,0.34427926736096026,0.8622006792256449,37.96787907531137,38.0581676716796,37.61575522640703,38.29085835824071,37.86751213720123
P_0008_0049,8,49,-20.3445,11.758499999999998,23.498106359875045,20,0.783,1.0,123.5901400887636,130.2594452247654,37.673672721690174,37.33323446293525,37.99596351039014,37.677745646211164,0.22477091690206752,0.6627290474548886,0.34451118327591246,0.8463972509002409,37.71249911378919,37.79884647473472,37.33323446293525,37.99596351039014,37.548184669206535
P_0008_0050,8,50,-20.3445,12.5415,23.899537704733955,20,0.783,1.0,117.830994108625,124.98093466428844,37.38291495462566,37.01474305832687,37.72943802780594,37.372061585317496,0.2399435456631947,0.7146949694790692,0.35737644248844447,0.9127649674062186,37.34977562170656,37.509124739810034,37.01474305832687,37.72943802780594,37.257226478938094
P_0008_0051,8,51,-20.3445,13.3245,24.319559628003137,25,0.783,1.0,110.45298980793117,119.07639184050976,37.01052151401322,36.55452265121204,37.43138585991079,37.00583457856243,0.28251148890970884,0.8768632086987509,0.45131192735038894,1.1198763840341646,37.01826683815648,37.09629606880878,36.55452265121204,37.43138585991079,36.92870147472405
P_0008_0052,8,52,-20.3445,14.107500000000002,24.75722594516599,20,0.783,1.0,101.96849237342086,110.6451549568844,36.582354468523,36.12239882311786,37.00588883074465,36.587756217884,0.29295461519378846,0.88349000762679,0.46535739476613713,1.1283397287698467,36.64161021414111,36.71634578020479,36.12239882311786,37.00588883074465,36.452537441211575
P_0008_0053,8,53,-20.3445,14.890500000000003,25.211617768401933,20,0.783,1.0,93.15489078596906,102.86072586387654,36.13762352828608,35.61193154188362,36.613093878733366,36.1192853375731,0.3290706580966174,1.0011623368497453,0.5073537956894825,1.2786236741376058,36.088431653204,36.279769220552055,35.61193154188362,36.613093878733366,36.00320039349248
P_0008_0054,8,54,-20.3445,15.673500000000004,25.68184733425538,25,0.783,1.0,81.1889693120212,93.8762276890958,35.53383767747632,34.80031024556632,36.15977547882227,35.52121536567116,0.4340204306737641,1.3594652332559463,0.7209051201048382,1.7362263515401613,35.5539665441525,35.6238038196372,34.80031024556632,36.15977547882227,35.468220740177514
P_0008_0055,8,55,-20.3445,16.4565,26.167060830364573,20,0.783,1.0,65.86736012375636,80.25813886916865,34.76066628047378,33.86848556306251,35.47266313992998,34.75914571262787,0.526467894483035,1.604177576867471,0.8906601495653632,2.0487580802905123,34.89102758907302,34.96211262255855,33.86848556306251,35.47266313992998,34.60143964851528
P_0008_0056,8,56,-20.3445,17.2395,26.666440341747904,19,0.783,1.0,46.689765560386014,66.2792442961414,33.79194928317588,32.48843666470043,34.76727534556693,33.73940146693707,0.692060613440759,2.1193876987158546,1.0915138200859928,2.7067531273510275,33.67308026507203,34.06319556448858,32.647887646851075,34.76727534556693,33.54556851270672
P_0009_0011,9,11,-19.5615,-17.9955,26.579885298849575,19,0.783,1.0,40.456476340426946,58.28368183021514,33.51678198464667,32.50938604533269,34.40518236047592,33.46266057861036,0.6074707177437827,1.8957963151432295,0.9532745332776713,2.4211958047806252,33.36527579489115,34.40518236047592,33.64458289548492,33.388875796867126,32.50938604533269
P_0009_0012,9,12,-19.5615,-17.2125,26.05614013049515,16,0.783,1.0,61.33394134859378,72.80216225535494,34.56795886155828,33.907945690375584,35.13493108509584,34.517494835520985,0.395302920346045,1.2269853947202591,0.6174362495748582,1.5670311554537153,34.37961039978893,35.13493108509584,34.55922828202483,34.60575872031973,33.907945690375584
P_0009_0013,9,13,-19.5615,-16.429499999999997,25.545660150013735,16,0.783,1.0,75.08930055884856,84.5221649344876,35.25906142840191,34.74502547326563,35.7232554371418,35.2522910480953,0.310147688023539,0.9782299638761742,0.5072655748296739,1.2493358414765954,35.26096378027552,35.7232554371418,35.23988275817169,35.29232779162186,34.74502547326563
P_0009_0014,9,14,-19.5615,-15.6465,25.049256366207757,20,0.783,1.0,87.52310278017576,96.72634729228236,35.882934330094095,35.38834627202755,36.33460424404632,35.86333058180389,0.30102117652617755,0.9462579720187705,0.474984309776346,1.208503157112095,35.8184596643668,36.33460424404632,35.920532615175375,35.85471011340343,35.38834627202755
P_0009_0015,9,15,-19.5615,-14.8635,24.567782042748586,16,0.783,1.0,98.01080901606538,105.1063909629873,36.40853821054126,36.040538363550354,36.75471944810511,36.382104565481235,0.2312025084390991,0.7141810845547525,0.3726148826238713,0.9121086648208844,36.2936425325716,36.75471944810511,36.37697338767202,36.44464909550709,36.040538363550354
P_0009_0016,9,16,-19.5615,-14.080499999999999,24.10213190777944,16,0.783,1.0,106.08378850832884,112.54763228252418,36.81252794564894,36.481888272121694,37.12641683810125,36.80806962676668,0.20522149730370576,0.6445285659795559,0.3261813546449872,0.8231527024004545,36.80433704794859,37.12641683810125,36.776709583165314,36.85099639249654,36.481888272121694
P_0009_0017,9,17,-19.5615,-13.2975,23.653240549658303,20,0.783,1.0,114.08799226169533,120.78265647721685,37.21282122858372,36.86942132191314,37.53724136312212,37.19908951850564,0.21208642548980836,0.6678200412089836,0.3381518446164833,0.852899158632163,37.16113142933688,37.53724136312212,37.21420200524801,37.21345147290805,36.86942132191314
P_0009_0018,9,18,-19.5615,-12.5145,23.222079848712948,16,0.783,1.0,121.21076012550245,126.65666733495104,37.568509481841474,37.29483118837664,37.83117517327719,37.549180283983866,0.17519795547780292,0.5363439849005474,0.2819948892933226,0.684985932184607,37.48193406690899,37.83117517327719,37.52453453119847,37.61342646015805,37.29483118837664
P_0009_0019,9,19,-19.5615,-11.731499999999999,22.809655291126166,16,0.783,1.0,126.87993967217145,131.98500642718864,37.85134531154243,37.59715415808176,38.09522504967475,37.84663206834169,0.1605599072971201,0.4980708915929952,0.24947791025993382,0.6361058641034422,37.83777165540084,38.09522504967475,37.80285431112208,37.90015516742904,37.59715415808176
P_0009_0020,9,20,-19.5615,-10.9485,22.417001014854772,20,0.783,1.0,132.61656508960104,137.97002130107052,38.137135288799506,37.86850474242249,38.39435868973175,38.125908240573835,0.16764457391429963,0.5258539473092654,0.2684504491579176,0.671588693881565,38.09306745655732,38.39435868973175,38.11576580552696,38.15784450863066,37.86850474242249
P_0009_0021,9,21,-19.5615,-10.165499999999998,22.045173451347573,16,0.783,1.0,137.7848424885277,142.27431254248648,38.39457180478412,38.17380117614539,38.608972608638,38.389951756109554,0.14211385904145266,0.43517143249260926,0.21902085252844472,0.5557744987134218,38.37743352142064,38.608972608638,38.33960649841134,38.4499449759324,38.17380117614539
P_0009_0022,9,22,-19.5615,-9.3825,21.695243453347093,20,0.783,1.0,142.4047381643174,147.10913311604637,38.624076511569726,38.39006463792509,38.84730011419754,38.61354843978726,0.14716906743005279,0.45723547627244443,0.23375167441027855,0.5839533541155101,38.58248133969079,38.84730011419754,38.588399858001935,38.65949624912093,38.39006463792509
P_0009_0023,9,23,-19.5615,-8.599499999999999,21.368286840549477,16,0.783,1.0,146.56166776709875,150.5751759349761,38.830406187915806,38.63485797251957,39.01976151570284,38.81645888435016,0.1301963357790378,0.38490354318327036,0.20330263135267757,0.49157540636432995,38.76827221582136,39.01976151570284,38.7673639829344,38.892038734772655,38.63485797251957
P_0009_0024,9,24,-19.5615,-7.816499999999998,21.06537335296956,16,0.783,1.0,149.87601265293478,153.70895786601724,38.99484027554713,38.80930941711824,39.17553596117125,38.990000354508936,0.12324738811808715,0.36622654405300636,0.18553560666231306,0.46772227848404385,38.97619905894703,39.17553596117125,38.92872788492667,39.060229450381485,38.80930941711824
P_0009_0025,9,25,-19.5615,-7.0335,20.787554076898992,20,0.783,1.0,153.20588960107142,157.1872010575321,39.15986788901237,38.96644911049282,39.34821564200229,39.150948574697885,0.12607704649487458,0.38176653150947004,0.19726706730440213,0.48756900575922096,39.120103403597625,39.34821564200229,39.107987664868006,39.21198705252869,38.96644911049282
P_0009_0026,9,26,-19.5615,-6.250499999999999,20.535847498946808,16,0.783,1.0,156.1595896650553,159.63716267333817,39.3058725431905,39.13750610021765,39.47068586978827,39.2939797833081,0.1174454217073729,0.33317976957062,0.1767060864801664,0.4255169470889144,39.25163713783718,39.47068586978827,39.23013246822956,39.37993734046785,39.13750610021765
P_0009_0027,9,27,-19.5615,-5.467499999999998,20.311224446103683,16,0.783,1.0,158.46719525138553,161.80499650614755,39.41975783232135,39.258459138485705,39.57696267255409,39.41377286530659,0.11294698621015138,0.31850353406838394,0.1631898072474982,0.40677335130061804,39.394540859312826,39.57696267255409,39.34008618557215,39.49881547060818,39.258459138485705
P_0009_0028,9,28,-19.5615,-4.6845,20.11459227774702,20,0.783,1.0,160.7215513241967,164.13346276736848,39.52900388329983,39.36551374757937,39.68709705926767,39.52028300134786,0.11150402813396737,0.32158331168830045,0.16681405791980808,0.4107066560514693,39.49348852342604,39.68709705926767,39.45852546834209,39.59679020812416,39.36551374757937
P_0009_0029,9,29,-19.5615,-3.9014999999999986,19.946778800097018,16,0.783,1.0,162.64635966355522,165.70118854485344,39.62057278746353,39.47478495083613,39.75710193354064,39.609303843526426,0.10645593402063558,0.2823169827045078,0.14779809001421285,0.36055808774522063,39.57394078115294,39.75710193354064,39.53308087242334,39.70761067967908,39.47478495083613
P_0009_0030,9,30,-19.5615,-3.1184999999999974,19.80851646388492,16,0.783,1.0,164.0730669900854,167.01375939477964,39.68796171236838,39.55085278902999,39.82079648777688,39.681361617285745,0.10229632281177684,0.26994369874689284,0.13943487049113656,0.34475568166908405,39.66198615168224,39.82079648777688,39.59878528384286,39.77438737409676,39.55085278902999
P_0009_0031,9,31,-19.5615,-2.3354999999999997,19.700427469981456,20,0.783,1.0,165.36641764154925,168.30330494849363,39.74818807762574,39.61297914088317,39.88291410233347,39.74071185894901,0.10240306994855206,0.2699349614503035,0.1422022433844603,0.3447445229250364,39.709941367364536,39.88291410233347,39.662795116951145,39.834929567212725,39.61297914088317
P_0009_0032,9,32,-19.5615,-1.5524999999999984,19.623010434181598,16,0.783,1.0,166.35375875644334,169.0585171172383,39.79573842333916,39.673170267289095,39.91918622779053,39.78766309039249,0.10045285885771317,0.24601596050143826,0.131523137398041,0.31419662899289685,39.752880618037125,39.91918622779053,39.69989665261693,39.89318168622879,39.673170267289095
P_0009_0033,9,33,-19.5615,-0.7695000000000007,19.576629242543262,16,0.783,1.0,166.96294120279794,169.5707049825296,39.82320997166343,39.700075658948776,39.93841854180414,39.814439378345014,0.09940036907468654,0.2349299329972041,0.12056621360096642,0.3000382286043475,39.78947300808534,39.93500559194598,39.72138222832877,39.92626040441621,39.700075658948776
P_0009_0034,9,34,-19.5615,0.013500000000000512,19.561504658384536,20,0.783,1.0,167.348740571187,169.8710988010705,39.838403391523755,39.72485840545835,39.954275628672576,39.82903845062416,0.0998177934986836,0.22828558314199654,0.1252371780484154,0.2915524688914387,39.79907943394403,39.954275628672576,39.72599004553058,39.93919422674435,39.72665291822926
P_0009_0035,9,35,-19.5615,0.7965000000000018,19.577709122877476,16,0.783,1.0,167.4357588600172,169.8859167540091,39.83465899582586,39.726482398646056,39.94173928826791,39.828169180960096,0.09619353093751466,0.2152568896218554,0.11357010730781525,0.274913013565588,39.8062504394556,39.94173928826791,39.727128367685054,39.939245410745855,39.726482398646056
P_0009_0036,9,36,-19.5615,1.5794999999999995,19.625165031153237,16,0.783,1.0,167.24685877563527,169.7940112506905,39.81614921467167,39.70077076196441,39.93957861598892,39.8073924601925,0.09858832162177696,0.23880785402451465,0.13218615579641835,0.304990873594527,39.78301795361273,39.9046803098542,39.70077076196441,39.93957861598892,39.708914659542245
P_0009_0037,9,37,-19.5615,2.3625000000000007,19.703646578742724,20,0.783,1.0,166.7323353179605,169.45908144391848,39.77448858693217,39.64074521651605,39.89980389423454,39.76255619525599,0.0950675467044879,0.2582894690666606,0.13647849032672354,0.329871608003398,39.735519061846105,39.84262398446282,39.64074521651605,39.89903468558271,39.69485802787227
P_0009_0038,9,38,-19.5615,3.145500000000002,19.812785076813405,16,0.783,1.0,165.91180232371596,168.69488884267034,39.71224864365651,39.57062758696821,39.8334322876309,39.70490269468994,0.10117731937760488,0.26252113374994934,0.13427510772173434,0.3352760328862699,39.67220079858845,39.81054663891484,39.57062758696821,39.83314872071816,39.63798972826004
P_0009_0039,9,39,-19.5615,3.9284999999999997,19.952077448225786,16,0.783,1.0,164.90537735915842,167.80260035471687,39.63263808626513,39.475901177610126,39.74941137760948,39.6150237954843,0.10418217859932012,0.27351019999935744,0.1391226178741718,0.3493106002546072,39.569933088108826,39.72233822171728,39.475901177610126,39.74941137760948,39.557535112375774
P_0009_0040,9,40,-19.5615,4.711500000000001,20.120897457618533,20,0.783,1.0,163.45338667701915,166.65515693920463,39.519929367451134,39.33162132735873,39.706550464107295,39.52084882606427,0.12530869306434136,0.37492913674856254,0.18922749870553446,0.47883670082830465,39.518912752981294,39.58761311789419,39.33162132735873,39.706550464107295,39.459546467979806
P_0009_0041,9,41,-19.5615,5.494500000000002,20.318509111152814,16,0.783,1.0,161.67184826142727,164.85204363044957,39.36636176017413,39.16639054904954,39.5677869696201,39.34983236678197,0.13878725232001013,0.40139642057056335,0.21795460283813384,0.5126391067312431,39.26934628877308,39.43454265966648,39.16639054904954,39.5677869696201,39.31109536680066
P_0009_0042,9,42,-19.5615,6.277500000000003,20.54408159300386,20,0.783,1.0,159.52140874959028,163.10449215961287,39.168231738416154,38.92640070025829,39.411455678372135,39.17953851575686,0.15553358459169547,0.485054978113844,0.25313781549856884,0.6194827306690217,39.20546486393647,39.2118692983596,38.92640070025829,39.411455678372135,39.14250203785781
P_0009_0043,9,43,-19.5615,7.060500000000005,20.79670508758539,16,0.783,1.0,157.01231738796332,160.5219148633537,38.886814702229195,38.6488533023242,39.10651106727824,38.89497388330219,0.12736296452822732,0.34888206936648203,0.24612058097799405,0.4455709698167076,38.99773537169068,38.95653090382814,38.6488533023242,38.97353327509569,38.89821656357225
P_0009_0044,9,44,-19.5615,7.843499999999999,21.07540686440003,16,0.783,1.0,154.44658333938776,158.12192266673046,38.70651750339243,38.58344358985141,38.92685961465975,38.6906319033175,0.12426503362066099,0.34341602480833444,0.23622771134224507,0.4385900699978728,38.70142727158077,38.92685961465975,38.58344358985141,38.62408393172802,38.61734510876755
P_0009_0045,9,45,-19.5615,8.6265,21.37916706749821,20,0.783,1.0,151.1583940628555,155.40842309766202,38.95528423578283,38.72857524042996,39.16314568383257,38.927329221178546,0.09786288204517311,0.2613845145896221,0.1565708521000957,0.33382441199185453,38.99323002460312,39.08390007327864,38.82251555868902,38.89217262720683,38.84482782211512
P_0009_0046,9,46,-19.5615,9.409500000000001,21.706933742470397,16,0.783,1.0,147.4400393244079,151.54674725535563,38.84593114304248,38.64293953008661,39.04261664802169,38.84052456917733,0.13335751555203282,0.3996771179350844,0.20209207884435898,0.5104433179247566,38.8257361876598,38.91187902089376,38.64293953008661,39.04261664802169,38.77945145922479
P_0009_0047,9,47,-19.5615,10.192500000000003,22.057636738780516,16,0.783,1.0,143.72133085139188,148.05319501961094,38.65791136707966,38.44284265743073,38.86592977201542,38.64268155819879,0.1421294218311983,0.42308711458468906,0.22324821381663185,0.5403411425091814,38.58909941072267,38.72062600998652,38.44284265743073,38.86592977201542,38.59490994083859
P_0009_0048,9,48,-19.5615,10.975500000000004,22.43020023316778,20,0.783,1.0,139.0258711096845,144.16918614016765,38.42064697153647,38.16075673814959,38.669614600039154,38.40948988564732,0.16301206828672238,0.5088578618895667,0.2601247143918357,0.6498823268065986,38.37583516700727,38.45185575584912,38.16075673814959,38.669614600039154,38.38938716719144
P_0009_0049,9,49,-19.5615,11.758499999999998,22.82355372197765,16,0.783,1.0,133.76206334947426,138.70952421875168,38.15478964998653,37.906314779533375,38.39381117037948,38.14981117316963,0.15819434359988765,0.4874963908461041,0.24399999720984766,0.6226007545927255,38.13886336095152,38.21037929832113,37.906314779533375,38.39381117037948,38.09968725666266
P_0009_0050,9,50,-19.5615,12.5415,23.23664142039464,16,0.783,1.0,128.51316616477789,133.8014674884867,37.88978483543035,37.622547556269865,38.14598134548464,37.87078647232075,0.17197244724763946,0.5234337892147778,0.27519487316389046,0.6684978150891159,37.80483716976278,37.94228451234028,37.622547556269865,38.14598134548464,37.83828177774621
P_0009_0051,9,51,-19.5615,13.3245,23.668430081017203,20,0.783,1.0,121.86321595819004,128.34773899272523,37.55414093028723,37.2192866878201,37.87068244259609,37.54058373400151,0.20698622574835088,0.6513957547759901,0.33009870859458346,0.8319230584623117,37.502594188139255,37.56384852003583,37.2192866878201,37.87068244259609,37.54650683141625
P_0009_0052,9,52,-19.5615,14.107500000000002,24.117915301700517,16,0.783,1.0,114.33182986204282,120.6380677504984,37.174088442964646,36.84950870732689,37.48160780507766,37.169123524844885,0.20191989585304557,0.6320990977507677,0.31961481751799425,0.8072785411887199,37.16336883307457,37.21996227487784,36.84950870732689,37.48160780507766,37.13117000386745
P_0009_0053,9,53,-19.5615,14.890500000000003,24.584126433534305,16,0.783,1.0,106.67913273175206,113.61710879293422,36.78796802001223,36.42666390462887,37.12735468455952,36.76193147103247,0.22734671773793644,0.7006907799306532,0.36542321352705187,0.8948796678552403,36.67513368168113,36.831216928447645,36.42666390462887,37.12735468455952,36.74928815584519
P_0009_0054,9,54,-19.5615,15.673500000000004,25.066130225864544,20,0.783,1.0,96.66424415308175,105.65734748420208,36.2826952314872,35.796927536649605,36.72577281617805,36.263080300665045,0.29519521041857877,0.9288452795284456,0.46615276401544037,1.1862647248128297,36.21801844514408,36.26377729268131,35.796927536649605,36.72577281617805,36.31090541267218
P_0009_0055,9,55,-19.5615,16.4565,25.56303335873894,16,0.783,1.0,84.70325958897388,93.97851807887308,35.67923171487982,35.17195597003644,36.13658112341881,35.67198140580291,0.30611876233721796,0.9646251533823644,0.5000254357664673,1.231960604575178,35.67874245223322,35.719544794918136,35.17195597003644,36.13658112341881,35.65308268840795
P_0009_0056,9,56,-19.5615,17.2395,26.073984016640033,16,0.783,1.0,71.36818274069168,82.6787977617131,35.00637553529817,34.3532409419862,35.56649200067517,34.95637056998677,0.3910731651387949,1.213251058688968,0.6101214306884017,1.5494904964099208,34.820262383481804,35.0510670712568,34.3532409419862,35.56649200067517,34.99079045253387
P_0009_0057,9,57,-19.5615,18.0225,26.598172653398578,19,0.783,1.0,50.952475327586946,68.58059969854598,33.975445720821064,32.97328069843724,34.85512840802278,33.92090291195632,0.6023716576656452,1.8818477095855357,0.9476222135190753,2.4033814937235447,33.82442778707275,33.857201629540555,32.97328069843724,34.85512840802278,34.09447603670827
P_0010_0010,10,10,-18.7785,-18.7785,26.556809381023168,16,0.783,1.0,36.40023403264655,54.36164274625709,33.28759441260662,31.759456691221654,34.18262296448165,33.27484995281981,0.8132178352494468,2.423166273259998,1.5153932615981525,3.0947206555044673,33.681656043816645,34.18262296448165,33.39096214217244,33.35955192240664,31.759456691221654
P_0010_0011,10,11,-18.7785,-17.9955,26.00903847703717,20,0.783,1.0,60.30168154650312,73.67850718094853,34.49079449804192,33.69166697497252,35.15356925631244,34.49578004719962,0.47234816538476876,1.461902281339917,0.8041130722270964,1.8670527220177737,34.615445265393305,35.15356925631244,34.613042915832864,34.40517582348696,33.69166697497252
P_0010_0012,10,12,-18.7785,-17.2125,25.47355920361346,16,0.783,1.0,76.45603030916726,85.69998973120936,35.30247617297529,34.80097427473879,35.75700396201324,35.298170717434836,0.30275978260623165,0.9560296872744516,0.497196442696044,1.2209829977962343,35.31451308069177,35.75700396201324,35.3030309544568,35.31533131527357,34.80097427473879
P_0010_0013,10,13,-18.7785,-16.429499999999997,24.951162948848694,16,0.783,1.0,87.89458894532926,95.89744374528422,35.87640550089167,35.45401205254831,36.26813244964529,35.89985164082625,0.2642051386105782,0.8141203970969855,0.44583958827794135,1.0397450793064948,36.01637018420894,36.26813244964529,35.868485187314946,35.89225833041377,35.45401205254831
P_0010_0014,10,14,-18.7785,-15.6465,24.442688569386142,20,0.783,1.0,98.7571677509764,106.84187181966485,36.42065471052389,35.99596288575481,36.81594785770193,36.429493002735214,0.26222988987826606,0.8199849719471217,0.4335301169804069,1.0472349577868731,36.48861208389917,36.81594785770193,36.46193709063783,36.385005095682345,35.99596288575481
P_0010_0015,10,15,-18.7785,-14.8635,23.949022829752366,16,0.783,1.0,108.17529325187911,114.50197395694374,36.892022514592185,36.569149720421365,37.19839743512847,36.891556975367315,0.19962873132065742,0.6292477147071054,0.3224072549459507,0.8036369281061371,36.90336292579036,37.19839743512847,36.87091858768633,36.91595620781004,36.569149720421365
P_0010_0016,10,16,-18.7785,-14.080499999999999,23.471100155297364,16,0.783,1.0,115.5538069773387,121.3826552700955,37.260809567802085,36.9659723538316,37.54299487338437,37.27831617012198,0.18761038190584228,0.5770225195527701,0.31234381629037955,0.7369380837200128,37.358838298516616,37.54299487338437,37.235895388892686,37.28787993598462,36.9659723538316
P_0010_0017,10,17,-18.7785,-13.2975,23.009901531731945,20,0.783,1.0,122.95679881884402,129.06923284164773,37.630408593890486,37.32103822837479,37.925689267640905,37.63863214937449,0.1926168590972956,0.6046510392661162,0.3175939209996983,0.7722235495097269,37.68352148309009,37.925689267640905,37.63921907861629,37.623692689150346,37.32103822837479
P_0010_0018,10,18,-18.7785,-12.5145,22.566452368504894,16,0.783,1.0,129.60272800368838,134.59156887027788,37.96186107904398,37.71410765162841,38.20154575019762,37.96319695351824,0.155812565902444,0.48743809856920706,0.24908930188983192,0.6225263072403666,37.97519916372977,38.20154575019762,37.92801685883114,37.99711534320426,37.71410765162841
P_0010_0019,10,19,-18.7785,-11.731499999999999,22.14181913258258,16,0.783,1.0,134.92824391543923,139.62583387232925,38.22702888069439,37.993833632701126,38.45040035176709,38.24096174107173,0.15000761664336468,0.456566719065961,0.24712810837060317,0.5830992580663614,38.30551136443455,38.45040035176709,38.188498329626896,38.26656502682897,37.993833632701126
P_0010_0020,10,20,-18.7785,-10.9485,21.7371045564951,20,0.783,1.0,140.3453151697424,145.3058732990622,38.496640160525274,38.25021858497945,38.73365404313592,38.50343677776624,0.15424394852270926,0.48343545815647104,0.2532181927867896,0.6174143782330409,38.5406006710337,38.73365404313592,38.483030767021205,38.50967982266093,38.25021858497945
P_0010_0021,10,21,-18.7785,-10.165499999999998,21.353441233206418,16,0.783,1.0,145.246437195336,149.40593009383036,38.74013095292655,38.53788415560115,38.93793689451854,38.7525756942855,0.1329019496334787,0.40005273891739535,0.21469153868434887,0.5109230382086786,38.80816125023284,38.93793689451854,38.6923896777098,38.78650649336515,38.53788415560115
P_0010_0022,10,22,-18.7785,-9.3825,20.99198343415886,20,0.783,1.0,149.64388890520215,154.02521576525888,38.95841915441501,38.74228026887215,39.16416255836356,38.964735114379344,0.13579644835694557,0.42188228949140694,0.22245484550719397,0.5388024131435593,39.000825873920064,39.16416255836356,38.93029246402836,38.9861144067126,38.74228026887215
P_0010_0023,10,23,-18.7785,-8.599499999999999,20.653897029374384,16,0.783,1.0,153.6120491090957,157.3452566382451,39.1551668428098,38.97451198766913,39.329227696467456,39.15769114429632,0.11748676053267174,0.3547157087983237,0.1831791566271903,0.45302133946146067,39.17697828959712,39.329227696467456,39.10078832718932,39.2069494205586,38.97451198766913
P_0010_0024,10,24,-18.7785,-7.816499999999998,20.340347452784577,16,0.783,1.0,156.78367590634133,160.35289971931292,39.31217405411478,39.14080874729274,39.47861190886584,39.32209827125973,0.11499121603013124,0.337803161573099,0.1812895239669956,0.431421662290037,39.368193299144366,39.47861190886584,39.25486801873501,39.36800938226071,39.14080874729274
P_0010_0025,10,25,-18.7785,-7.0335,20.05248574366779,20,0.783,1.0,159.97684631724965,163.69753305354868,39.46970741502794,39.29093332327136,39.64452287402429,39.476706744870704,0.11618042932695523,0.35358955075292897,0.18577342159934318,0.4515830788670868,39.507697870786046,39.64452287402429,39.42677293555249,39.51360672071934,39.29093332327136
P_0010_0026,10,26,-18.7785,-6.250499999999999,19.79143280563588,16,0.783,1.0,162.81454543933452,166.05744503000304,39.60991723785993,39.45817593084473,39.7629200486665,39.61450255538858,0.10571034438946375,0.3047441178217696,0.15632662454385127,0.38920066133048475,39.63267838828165,39.7629200486665,39.5421957156824,39.67654269346764,39.45817593084473
P_0010_0027,10,27,-18.7785,-5.467499999999998,19.558262154393983,16,0.783,1.0,165.03525932387373,168.14851425302666,39.71953131211863,39.570047699949725,39.86633098306987,39.72894808811643,0.10607644906794812,0.29628328312014673,0.15890038816670682,0.37839499759916567,39.77092177664957,39.86633098306987,39.64742253763927,39.79001744327371,39.570047699949725
P_0010_0028,10,28,-18.7785,-4.6845,19.35398156710913,20,0.783,1.0,167.20808869789568,170.39787177563983,39.8254682241786,39.67186317401303,39.96861501072311,39.83064648506498,0.10338709664392398,0.29675183671007943,0.15878331105194832,0.37899340575999924,39.86278955018366,39.96861501072311,39.76134405788503,39.88862063252009,39.67186317401303
P_0010_0029,10,29,-18.7785,-3.9014999999999986,19.17951418832083,16,0.783,1.0,169.06611546743494,171.91463639625687,39.91143184231922,39.78167440139788,40.04322070652256,39.91622175565958,0.09716324345797839,0.261546305124682,0.13454735426169862,0.33403104102769093,39.93712149051515,40.04322070652256,39.83066064325567,39.98843153660664,39.78167440139788
P_0010_0030,10,30,-18.7785,-3.1184999999999974,19.035679775096032,16,0.783,1.0,170.44554106065357,173.1864082068401,39.97528258063837,39.847797683124384,40.094896332577264,39.98392115915599,0.09602504780704481,0.24709864945288018,0.13612347603160657,0.31557937350303983,40.02245676640536,40.094896332577264,39.89451004737328,40.05994496629967,39.847797683124384
P_0010_0031,10,31,-18.7785,-2.3354999999999997,18.923176860664807,20,0.783,1.0,171.6983625037961,174.43841280833269,40.03131974509358,39.90782930015439,40.15415828063453,40.03801429261114,0.09257249184426727,0.2463289804801434,0.13018499245674775,0.3145963990806429,40.06374979977738,40.15415828063453,39.95574689995277,40.10858718253661,39.90782930015439
P_0010_0032,10,32,-18.7785,-1.5524999999999984,18.842566664337426,16,0.783,1.0,172.65719818381154,175.17387614493757,40.07590909613342,39.96562093533123,40.18885680787423,40.08299914146953,0.0899231584468307,0.22323587254300037,0.11737820613829797,0.2851032854955305,40.10494595210116,40.18885680787423,39.99143970542502,40.16413230661601,39.96562093533123
P_0010_0033,10,33,-18.7785,-0.7695000000000007,18.794259562430227,16,0.783,1.0,173.2513370041264,175.67517302254228,40.10280445602572,39.998609023704375,40.212417772993206,40.110769106789576,0.0913788569299756,0.2138087492888303,0.11216008308520031,0.27306353676734396,40.13982511801533,40.212417772993206,40.00709887766863,40.19589474156635,39.998609023704375
P_0010_0034,10,34,-18.7785,0.013500000000000512,18.778504852623385,20,0.783,1.0,173.63152221610724,175.97420948040877,40.11628447634989,40.00970996012609,40.22058251856049,40.12058594012856,0.09384837897770759,0.2108725584344029,0.11087598000246857,0.26931361230447365,40.14482907611415,40.22058251856049,40.00970996012609,40.21653878489252,40.01126936094954
P_0010_0035,10,35,-18.7785,0.7965000000000018,18.79538439351534,16,0.783,1.0,173.72415466134572,175.99200326017143,40.11397760574803,40.01099515310642,40.22258013309335,40.119977303746474,0.09038380673042493,0.211409831379747,0.10880700203286864,0.2699997846484636,40.15461430518451,40.19761926832962,40.0139025104113,40.22258013309335,40.011170301713605
P_0010_0036,10,36,-18.7785,1.5794999999999995,18.84481049254675,16,0.783,1.0,173.55029820300348,175.90937027838976,40.09271931814257,39.97702343642106,40.20264901478913,40.10232818588806,0.09248970020030506,0.2256255783680743,0.12530474946700565,0.2881552725007334,40.12868509619153,40.19194823838484,39.97702343642106,40.20264901478913,40.01133514365375
P_0010_0037,10,37,-18.7785,2.3625000000000007,18.926528168155933,20,0.783,1.0,173.06428018020736,175.59418930375756,40.0493035525053,39.91534427051562,40.15327653159272,40.05094601719858,0.09125204095529882,0.23793226107709842,0.13560174668295844,0.3038726195109814,40.0722940925271,40.13516513798845,39.91534427051562,40.15327653159272,39.978650053369
P_0010_0038,10,38,-18.7785,3.145500000000002,19.040121651397083,16,0.783,1.0,172.28427639428406,174.86753765473085,39.97859832103953,39.83506661393256,40.07679591689106,39.97759522330769,0.09084459675644642,0.24172930295849682,0.1425286093751268,0.3087219705727929,39.99867537662027,40.0608878906325,39.83506661393256,40.07679591689106,39.91655031846204
P_0010_0039,10,39,-18.7785,3.9284999999999997,19.18502474587927,16,0.783,1.0,171.32513316303815,174.0160482061203,39.89565035980327,39.79609793426192,40.048857917048736,39.90179433630632,0.09249368635151861,0.252759982786813,0.14706358074241876,0.3228096842743461,39.88196612737778,39.95940197628755,39.79609793426192,40.048857917048736,39.8226477265556
P_0010_0040,10,40,-18.7785,4.711500000000001,19.36053445801536,20,0.783,1.0,169.93992405071808,172.91956594747597,39.77140567504912,39.632054024778256,39.94437017922115,39.79291179833698,0.09957936741579865,0.28220835385894816,0.15145838088417207,0.36041935358741783,39.84244752743609,39.80587375863792,39.662161825362205,39.94437017922115,39.70970570102753
P_0010_0041,10,41,-18.7785,5.494500000000002,19.56582716115013,16,0.783,1.0,168.23991233391547,171.19556137732863,39.60639874007808,39.43426680363149,39.78703353239848,39.617786828827775,0.10161890446788402,0.2773191173091618,0.1692467035707068,0.3541751178916498,39.67672685201592,39.57534025174954,39.50971441508932,39.78703353239848,39.54011909288562
P_0010_0042,10,42,-18.7785,6.277500000000003,19.799976477258756,20,0.783,1.0,166.18858931030968,169.52477451627772,39.361113075427575,39.07505585026615,39.6020001839301,39.37227974508884,0.17612941879806174,0.5269443336639483,0.29722389482268596,0.6729812690471881,39.48514235310904,39.360268873999416,39.07505585026615,39.6020001839301,39.33893146413948
P_0010_0043,10,43,-18.7785,7.060500000000005,20.061972049128176,16,0.783,1.0,163.796993356566,167.05700643624505,39.04387813461139,38.72814299172995,39.33460970030143,39.078447577845836,0.20766359560694927,0.6064667085714746,0.35030458611588244,0.7745424119686776,39.23716362997487,39.043626094284605,38.72814299172995,39.33460970030143,39.048695472938334
P_0010_0044,10,44,-18.7785,7.843499999999999,20.350738426406057,16,0.783,1.0,161.3542465927943,164.76586452002616,38.82748432708727,38.539357470804646,39.07007386497151,38.87470869730468,0.1534188025100822,0.37110684963324303,0.19536516766682865,0.473955108088433,38.88439577685119,39.07007386497151,38.70495576290568,39.01515106645678,38.69896701533827
P_0010_0045,10,45,-18.7785,8.6265,20.66515338680069,20,0.783,1.0,158.22869692025233,162.17850380093105,39.15173616060863,38.8564351566576,39.4426704899289,39.136781092515875,0.14893701385173305,0.4333001569805788,0.26766292048422713,0.5533846193877123,39.10385656882312,39.4044440130001,39.16688547320507,39.037575551531575,38.97114385601952
P_0010_0046,10,46,-18.7785,9.409500000000001,21.004065142252824,16,0.783,1.0,154.70148052076476,158.50280063201936,39.18386307590007,38.99714682235975,39.3651768689831,39.19519212404306,0.12459195841470673,0.36803004662334615,0.19804530168330814,0.47002560232866686,39.246540000512766,39.240956091847806,38.99714682235975,39.3651768689831,39.126140836511865
P_0010_0047,10,47,-18.7785,10.192500000000003,21.366308022211047,16,0.783,1.0,151.18292555820022,155.18481257095482,39.00594120573686,38.808553636344186,39.19734661299413,39.0086008241277,0.1278760016893514,0.3887929766499454,0.20004718778351105,0.4965427543422035,39.02565953432662,39.05961992342668,38.808553636344186,39.19734661299413,38.95182441354689
P_0010_0048,10,48,-18.7785,10.975500000000004,21.750716367513053,20,0.783,1.0,146.75462118982594,151.5050381381593,38.78215625965103,38.54376316481989,39.01133525512984,38.78928628114339,0.14984717984475615,0.4675720903099503,0.245523116323497,0.5971546491825674,38.82742640038117,38.80563160455006,38.54376316481989,39.01133525512984,38.758274980836006
P_0010_0049,10,49,-18.7785,11.758499999999998,22.156136497593618,16,0.783,1.0,141.810367592742,146.35035166389227,38.53242372454125,38.30613218258077,38.750919644530256,38.54604481215007,0.14694848569072103,0.44478746194948826,0.2399126295693037,0.5680555069597552,38.608181230369496,38.57837261120113,38.30613218258077,38.750919644530256,38.48661839206869
P_0010_0050,10,50,-18.7785,12.5415,22.58143672355681,16,0.783,1.0,136.90513404296382,141.73636902381355,38.28476196507646,38.04264541044398,38.51792911010227,38.28636105373962,0.15284513248390919,0.4752836996582914,0.2437156432956371,0.6070034478394526,38.30119652164564,38.32722724026951,38.04264541044398,38.51792911010227,38.2428069862367
P_0010_0051,10,51,-18.7785,13.3245,23.025515466542764,20,0.783,1.0,130.73202251533877,136.63431535715608,37.97318431782035,37.671414686666594,38.26037777185349,37.98100102591045,0.1876217868330401,0.5889630851868972,0.30958633924385737,0.752187848259128,38.02577535661402,37.97509712995475,37.671414686666594,38.26037777185349,37.972340184463405
P_0010_0052,10,52,-18.7785,14.107500000000002,23.487307604321106,16,0.783,1.0,123.8018483310527,129.47309073806974,37.623478514974906,37.33491567968338,37.89898404895996,37.640482897667496,0.1839785876589052,0.5640683692765833,0.30556721798411957,0.7203938304937207,37.71972969307223,37.657922962972464,37.33491567968338,37.89898404895996,37.59086210364944
P_0010_0053,10,53,-18.7785,14.890500000000003,23.965789210873073,16,0.783,1.0,116.84361696756582,123.01269178689073,37.27241572960839,36.95569089277427,37.57302646671173,37.27248291392353,0.19626345608257884,0.61733557393746,0.3167920211492614,0.7884234660759386,37.28603942950696,37.30320325635967,36.95569089277427,37.57302646671173,37.24445452426505
P_0010_0054,10,54,-18.7785,15.673500000000004,24.459980876934473,20,0.783,1.0,107.89830912388236,115.77287201158448,36.82114333679719,36.40499761176005,37.20778917378459,36.82984729509553,0.2563653015351536,0.802791562024538,0.4248496833354807,1.025276579852539,36.88890090508176,36.79447052823764,36.40499761176005,37.20778917378459,36.85307825661363
P_0010_0055,10,55,-18.7785,16.4565,24.968949807711176,16,0.783,1.0,97.50854797545456,105.35379688966977,36.2970166208693,35.88114808129791,36.68220135199306,36.3199348164154,0.26013033459761487,0.8010532706951494,0.438786735117489,1.0230565398405485,36.43455925718644,36.31963615085283,35.88114808129791,36.68220135199306,36.28212924074677
P_0010_0056,10,56,-18.7785,17.2395,25.49181089095084,16,0.783,1.0,86.49027170126517,95.57662523756753,35.7411590893097,35.246400166177466,36.188994308908605,35.737296767452655,0.2986298477251111,0.9425941427311386,0.49089660127518897,1.2038239370768054,35.75543053077928,35.76083097195556,35.246400166177466,36.188994308908605,35.73482785944236
P_0010_0057,10,57,-18.7785,18.0225,26.02772691765457,20,0.783,1.0,70.8087405958203,83.97542504927937,34.94993327801616,34.1599630012613,35.60373365425335,34.95495073538167,0.46595159071843434,1.4437706529920433,0.7949877341203688,1.8438961085466707,35.07467359377273,34.87346726764457,34.1599630012613,35.60373365425335,35.0629161599764
P_0010_0058,10,58,-18.7785,18.805500000000002,26.57590812183095,16,0.783,1.0,47.38011073918299,65.18391356705376,33.767449491256414,32.2465150268622,34.655561048949664,33.754277905494725,0.8087086576549697,2.409046022087466,1.5077628786325263,3.0766871291027664,34.159132897042866,33.84630309434243,32.2465150268622,34.655561048949664,33.863877460276456
P_0011_0009,11,9,-17.9955,-19.5615,26.579885298849575,19,0.783,1.0,39.75996611240695,57.54847658952736,33.42762432821551,32.41516034249008,34.31112989270963,33.370615742051925,0.6050710982905838,1.8959695502195473,0.955455399561842,2.4214170500888215,33.27115044424562,34.31112989270963,33.33656248862468,33.519075542189626,32.41516034249008
P_0011_0010,11,10,-17.9955,-18.7785,26.00903847703717,20,0.783,1.0,59.934078926159216,73.27005982501088,34.44374798299539,33.64988441106914,35.101134972062766,34.449786083558855,0.46665500687995476,1.4512505609936284,0.7999016724897174,1.8534489923290272,34.573734548755965,35.101134972062766,34.394743945691744,34.52943254021466,33.64988441106914
P_0011_0011,11,11,-17.9955,-17.9955,25.44948016168503,25,0.783,1.0,76.61533358769275,88.67986944098396,35.28191884949348,34.6023676070634,35.87464448919218,35.27177865768639,0.4034709653438601,1.2722768821287787,0.6694110506229904,1.6248746898196407,35.29808871685145,35.87464448919218,35.31292099239033,35.27087148293458,34.6023676070634
P_0011_0012,11,12,-17.9955,-17.2125,24.901971337627064,20,0.783,1.0,89.90168859842387,98.94571276664182,35.94845492068542,35.467773431791954,36.3889360330038,35.93019889468178,0.29450998033222353,0.9211626012118472,0.46242546288982567,1.176452875110916,35.889879364974604,36.3889360330038,35.893852321920235,36.010553321718305,35.467773431791954
P_0011_0013,11,13,-17.9955,-16.429499999999997,24.36732423759326,20,0.783,1.0,99.84299705702246,107.93180192724314,36.446421576745536,36.02504799273521,36.838256698838165,36.454357991934636,0.2613855315736353,0.8132087061029551,0.42930999919942536,1.0385807229922799,36.51052977975144,36.838256698838165,36.39104017377775,36.50691531457062,36.02504799273521
P_0011_0014,11,14,-17.9955,-15.6465,23.84640397418445,25,0.783,1.0,109.55628615112884,117.79149874637902,36.932402156854735,36.50422488682068,37.33034683613181,36.9283961641597,0.26145452962063476,0.8261219493111298,0.4241712773390205,1.0550727321981224,36.93843648193496,37.33034683613181,36.92636989268908,36.94260272322197,36.50422488682068
P_0011_0015,11,15,-17.9955,-14.8635,23.34012965902289,20,0.783,1.0,118.13345288657713,124.79827969822092,37.36079597122047,37.022981981319504,37.68135194360252,37.349608608190216,0.2121525198238303,0.6583699622830181,0.3317433354123054,0.8408300923154766,37.321230980948826,37.68135194360252,37.3011181915096,37.42135994357062,37.022981981319504
P_0011_0016,11,16,-17.9955,-14.080499999999999,22.849474840792293,20,0.783,1.0,124.939286878572,131.1536822473089,37.70048999684802,37.38928308171592,37.99611984347149,37.70630855462874,0.19696051773666984,0.6068367617555737,0.31702547291282457,0.7750150213992001,37.74474075073363,37.99611984347149,37.63772519460616,37.76367390261652,37.38928308171592
P_0011_0017,11,17,-17.9955,-13.2975,22.375467067750787,25,0.783,1.0,131.8302157893577,138.31251525819968,38.0439356905599,37.71711061212261,38.35436409274598,38.04176489621047,0.20233763096094437,0.6372534806233716,0.32465428408786323,0.8138614056492612,38.04922283348321,38.35436409274598,38.016515922099245,38.07161102060133,37.71711061212261
P_0011_0018,11,18,-17.9955,-12.5145,21.91918635579341,20,0.783,1.0,138.06001332346597,143.48939225938375,38.35383693405966,38.086914319788605,38.60919918735311,38.34536151955842,0.17099064976280764,0.5222848675645082,0.2638376677946894,0.667030482202437,38.324106125260585,38.60919918735311,38.28544819511103,38.42113977027879,38.086914319788605
P_0011_0019,11,19,-17.9955,-11.731499999999999,21.48176232295665,20,0.783,1.0,143.07989712503405,148.23062429953598,38.60338066865686,38.349594444392494,38.845626253507646,38.60732657851291,0.1633495544247037,0.4960318091151521,0.25773213412041684,0.6335016719222888,38.63701359765594,38.845626253507646,38.53412250551753,38.67027609149096,38.349594444392494
P_0011_0020,11,20,-17.9955,-10.9485,21.064369738969166,25,0.783,1.0,148.208615942083,153.60283771637071,38.85804837850143,38.592668828206,39.11329652606935,38.85622613871796,0.16697188794639453,0.5206276978633468,0.2635573105119562,0.6649140458024864,38.85963688572099,39.11329652606935,38.81398037007057,38.90154808352287,38.592668828206
P_0011_0021,11,21,-17.9955,-10.165499999999998,20.66822223849937,20,0.783,1.0,152.86579906605056,157.49455023541088,39.089409134970104,38.86622826684311,39.30850193386544,39.093136147882966,0.14820719854688388,0.4422736670223344,0.22690788103985682,0.5648450408969787,39.11528397498358,39.30850193386544,39.01230019892955,39.16336636479315,38.86622826684311
P_0011_0022,11,22,-17.9955,-9.3825,20.294563964273785,25,0.783,1.0,157.05802720267081,161.89208005543944,39.29620439874138,39.05994712311514,39.5202520227669,39.29344104888351,0.14952761534600534,0.46030489965176,0.23349392576837147,0.587873435059719,39.29987567645219,39.5202520227669,39.23976710584162,39.34736331624168,39.05994712311514
P_0011_0023,11,23,-17.9955,-8.599499999999999,19.94465894669548,20,0.783,1.0,160.85065834783933,165.06082099478476,39.483951551945474,39.28211871868558,39.67764069080175,39.47869456665742,0.1347481241963473,0.3955219721161711,0.1989461241443351,0.5051366182837435,39.46951515139415,39.67764069080175,39.40318077109646,39.56101750130915,39.28211871868558
P_0011_0024,11,24,-17.9955,-7.816499999999998,19.619778095075386,20,0.783,1.0,163.888699245718,167.93705194439627,39.63364095123593,39.44158515505927,39.82035701070436,39.63574923876649,0.13069055514929234,0.3787718556450912,0.19416408370722138,0.4837443877970513,39.651004367425,39.82035701070436,39.55113361493602,39.714666045707816,39.44158515505927
P_0011_0025,11,25,-17.9955,-7.0335,19.321183775845622,25,0.783,1.0,166.95321724660732,171.14179386184088,39.78553502010841,39.58730063057942,39.98139346662509,39.78543824412166,0.13215297945375354,0.39409283604567236,0.19813761354223658,0.5033114125742941,39.78542601839143,39.98139346662509,39.71702771681447,39.85604338819786,39.58730063057942
P_0011_0026,11,26,-17.9955,-6.250499999999999,19.050112086284425,20,0.783,1.0,169.681250425963,173.40702272234458,39.92018064014839,39.747271191301934,40.09348448266434,39.91663450023007,0.12423191844352373,0.3462132913624032,0.17684998243426975,0.44216256878978694,39.90601867007996,40.09348448266434,39.82575880204263,40.01063935506147,39.747271191301934
P_0011_0027,11,27,-17.9955,-5.467499999999998,18.80775309546571,20,0.783,1.0,171.8195014769539,175.41712545338422,40.024958436057396,39.85261551402755,40.19278962077732,40.02625928985376,0.12354859166437165,0.340174106749771,0.17364377582621415,0.43444968933559514,40.038135431280125,40.19278962077732,39.92826315158459,40.11949273159922,39.85261551402755
P_0011_0028,11,28,-17.9955,-4.6845,18.595229509204774,25,0.783,1.0,173.91471773424647,177.58280321782215,40.1256394176075,39.95034107294077,40.28664483899382,40.12378523489865,0.12053811550359839,0.33630376605304946,0.1734441619578746,0.42950672548282176,40.12947509474287,40.28664483899382,40.036799075246165,40.21566609256962,39.95034107294077
P_0011_0029,11,29,-17.9955,-3.9014999999999986,18.41357440857152,20,0.783,1.0,175.7090043408498,179.0455334521326,40.20942883382679,40.05645826368328,40.35849948519285,40.2076867759337,0.11367392376952004,0.3020412215095689,0.15122851225041956,0.3857486864745452,40.206935040796,40.35849948519285,40.11082050175583,40.30572058824055,40.05645826368328
P_0011_0030,11,30,-17.9955,-3.1184999999999974,18.26370889222668,20,0.783,1.0,177.04320670482886,180.2739735778311,40.267955134410506,40.11676019567551,40.402832761360855,40.266853869215616,0.11291456056944213,0.28607256568534467,0.1500936735401055,0.36535449001959724,40.27803771684268,40.402832761360855,40.1620161226885,40.37462254951055,40.11676019567551
P_0011_0031,11,31,-17.9955,-2.3354999999999997,18.14642059746219,25,0.783,1.0,178.25720206861897,181.4860503155128,40.32019396230911,40.17560734442162,40.460253714959606,40.31757274621742,0.1090332633581835,0.2846463705379847,0.14268096874218372,0.3635330402783968,40.31440516929763,40.460253714959606,40.22154601673248,40.41605148567578,40.17560734442162
P_0011_0032,11,32,-17.9955,-1.5524999999999984,18.062344158497257,20,0.783,1.0,179.18869803058112,182.2004874872451,40.36002672152627,40.23075660543185,40.493632548976166,40.36077218291872,0.1073016057740706,0.26287594354431576,0.132860366057443,0.3357291743860993,40.35392146059144,40.493632548976166,40.25563671224717,40.46991358734698,40.23075660543185
P_0011_0033,11,33,-17.9955,-0.7695000000000007,18.011944661807064,20,0.783,1.0,179.76839694472147,182.69018258274332,40.38683388807177,40.26231909314703,40.51565847103666,40.38871200076213,0.10632049191069147,0.2533393778896311,0.12694647027452532,0.32354965247717893,40.38704038547786,40.51565847103666,40.27875803627347,40.49978401787564,40.26231909314703
P_0011_0034,11,34,-17.9955,0.013500000000000512,17.99550506376523,25,0.783,1.0,180.14319134601246,182.98777277513616,40.40123666996867,40.27384966492389,40.52540353877822,40.400248802570786,0.10291952062795454,0.23684499531731262,0.11945956500090915,0.30248402977945416,40.40172577777776,40.51006116154088,40.28688533370922,40.519708367571695,40.28286337225438
P_0011_0035,11,35,-17.9955,0.7965000000000018,18.013118344695346,20,0.783,1.0,180.24121460194073,183.0090390661347,40.39489890486878,40.26461831448802,40.52278347224348,40.39321449154552,0.10161912144437425,0.25128696680378226,0.12829793849395799,0.320928437808151,40.3999256576904,40.48702500797958,40.2702254632357,40.52151243003948,40.28738389878242
P_0011_0036,11,36,-17.9955,1.5794999999999995,18.06468489899561,20,0.783,1.0,180.08179804977308,182.93598162069733,40.370444254634904,40.22465159991964,40.49414588043032,40.36461197623722,0.10800159792082205,0.2628335457607136,0.13996037631758185,0.3356750265143213,40.35706482832927,40.48748514568035,40.22465159991964,40.48480551317948,40.26905279407737
P_0011_0037,11,37,-17.9955,2.3625000000000007,18.14991533038102,25,0.783,1.0,179.62311974503015,182.6418268109377,40.32635587068218,40.15256250484276,40.48244779352706,40.324730223818335,0.12296536403705222,0.3298852886842951,0.17216771897557237,0.4213094363784101,40.34713891171077,40.42212163579495,40.15256250484276,40.48244779352706,40.21938027321613
P_0011_0038,11,38,-17.9955,3.145500000000002,18.26833847124582,20,0.783,1.0,178.88194203845939,181.95510302572183,40.253616361420846,40.12811034701952,40.413561792490896,40.25972236449081,0.10984255557118076,0.2854514454713737,0.153839428000083,0.3645612330413457,40.27958008588263,40.33370278011529,40.12811034701952,40.413561792490896,40.143656816945736
P_0011_0039,11,39,-17.9955,3.9284999999999997,18.41931411589476,20,0.783,1.0,177.96802203645296,181.146945261996,40.1626204312232,40.02699153001885,40.32231773420409,40.16973162634831,0.09823690104925276,0.295326204185244,0.15258610785578242,0.37717267456608433,40.171868288711664,40.21127359701643,40.02699153001885,40.32231773420409,40.116206981790526
P_0011_0040,11,40,-17.9955,4.711500000000001,18.60204968545133,25,0.783,1.0,176.64655308706892,180.1044973896583,40.015919122209915,39.85273971329656,40.19706321711976,40.03028054823089,0.1026382832397167,0.32304979497155273,0.16678266888887094,0.41257955935064206,40.04034928180846,40.027861687094,39.87401342214821,40.19706321711976,40.01211513298404
P_0011_0041,11,41,-17.9955,5.494500000000002,18.815619854259385,20,0.783,1.0,175.0241544869956,178.46417257768618,39.81649558721664,39.66439687273345,40.01010144090839,39.84079064693064,0.10251508873110231,0.31777466828976486,0.1693107939777505,0.40584248823724756,39.84543040682826,39.80072755820129,39.69232677261863,40.01010144090839,39.85536705609667
P_0011_0042,11,42,-17.9955,6.277500000000003,19.058988076495563,25,0.783,1.0,173.06686729774353,176.87435220861926,39.53480752307956,39.243670197271,39.78022409135565,39.59259219844574,0.12854505272231342,0.35108622831928216,0.18763189290990567,0.44838598763637566,39.609887312757735,39.47302015628122,39.42913786303637,39.78022409135565,39.670691568797736
P_0011_0043,11,43,-17.9955,7.060500000000005,19.33102895605922,20,0.783,1.0,170.78631452059932,174.5272445598835,39.12929525671082,38.72477461709758,39.449153226101146,39.2019978883421,0.14890250128773252,0.38763112596046767,0.24715533775904674,0.4950589092726279,39.29803044535919,39.06152210014068,39.112308353642106,39.449153226101146,39.08897531646738
P_0011_0044,11,44,-17.9955,7.843499999999999,19.63055048896999,20,0.783,1.0,168.45926993217097,172.3500167451095,38.774744359533216,38.34302445835471,39.10590096147354,38.74560384149746,0.1829097029544681,0.5266491153314519,0.2897667039764755,0.6726042341397852,38.85545444754428,38.50872143014249,38.69500405668771,39.03537054547394,38.6334687276389
P_0011_0045,11,45,-17.9955,8.6265,19.956315353792142,25,0.783,1.0,165.48587378989984,169.89406815747066,39.31816867853081,38.48085711636679,39.802210610038,39.1291898740932,0.4859497131402489,1.2851364411882855,0.6483327577264077,1.641298136894362,39.254664064126246,39.76599355755508,39.48004436621022,38.48085711636679,38.66439026620765
P_0011_0046,11,46,-17.9955,9.409500000000001,20.30706060708935,20,0.783,1.0,162.13629154428483,166.41093409885096,39.52710397805581,39.318462819079855,39.72880786767769,39.52981057606115,0.14080636317708925,0.41034504859783283,0.21134775698129715,0.5240677504442309,39.549261919016885,39.61129188760043,39.318462819079855,39.72880786767769,39.4412283869309
P_0011_0047,11,47,-17.9955,10.192500000000003,20.681515333746706,20,0.783,1.0,158.80228742891478,163.2734327125353,39.35849151687745,39.13933214963788,39.57008115456017,39.35269933070655,0.14601041142487972,0.4307490049222906,0.21738182385362137,0.5501264430680596,39.33861721862701,39.440091450092666,39.13933214963788,39.57008115456017,39.275374680615016
P_0011_0048,11,48,-17.9955,10.975500000000004,21.078415986501454,25,0.783,1.0,154.6179219621665,159.80200255546788,39.14701292069226,38.88861089237207,39.39457938523094,39.14518972026341,0.16373096568120707,0.5059684928588695,0.2565788278913388,0.6461922003306123,39.15004748075256,39.20105884982013,38.88861089237207,39.39457938523094,39.09165199314134
P_0011_0049,11,49,-17.9955,11.758499999999998,21.496519311274557,20,0.783,1.0,149.96202080233684,154.955142091099,38.91182878123883,38.66447053855512,39.14969318055256,38.915774949299475,0.16147138651844123,0.4852226419974386,0.2513044107443534,0.619696860788555,38.94206950356306,38.98800946510465,38.66447053855512,39.14969318055256,38.83463205872198
P_0011_0050,11,50,-17.9955,12.5415,21.934612886941952,20,0.783,1.0,145.36241936274138,150.63419241291942,38.67958882221412,38.417011882231975,38.93148734456639,38.671792805717665,0.1696530817568011,0.514475462334417,0.25969453884872706,0.6570567845905708,38.65199849155209,38.75357606263577,38.417011882231975,38.93148734456639,38.6048902476021
P_0011_0051,11,51,-17.9955,13.3245,22.39152340730751,25,0.783,1.0,139.60543948585237,145.87759777370803,38.38901092056214,38.0705342369896,38.69136754579444,38.38659899885401,0.19783762472401029,0.6208333088048406,0.31606476186441057,0.7928905604148666,38.3930203565526,38.42688290639427,38.0705342369896,38.69136754579444,38.35118994853917
P_0011_0052,11,52,-17.9955,14.107500000000002,22.866122900483152,20,0.783,1.0,133.187328232286,139.24411771528315,38.065148859708614,37.75901025241302,38.356606447374304,38.07061868051564,0.1949066122681948,0.5975961949612838,0.31160842810262324,0.7632135312404646,38.10684730613991,38.13490400965691,37.75901025241302,38.356606447374304,37.99572538699408
P_0011_0053,11,53,-17.9955,14.890500000000003,23.357333120457053,20,0.783,1.0,126.8017766022638,133.30899752816785,37.74299249232947,37.41135164891165,38.057160247227614,37.73205084349131,0.20916580564634932,0.6458085983159663,0.32510940373630604,0.8247874818850144,37.704679279024845,37.811335499629934,37.41135164891165,38.057160247227614,37.675727542662514
P_0011_0054,11,54,-17.9955,15.673500000000004,23.86412836246068,25,0.783,1.0,118.69742752403482,126.72249893829864,37.33417334475459,36.9144263451052,37.72490048275654,37.33033493152311,0.25669837513296545,0.8104741376513402,0.4159085864179133,1.0350882984052876,37.340528751916565,37.35383000255376,36.9144263451052,37.72490048275654,37.31798907528349
P_0011_0055,11,55,-17.9955,16.4565,24.38553695328442,20,0.783,1.0,109.45695608714774,117.38815507162865,36.86807244034196,36.45290432013383,37.25407366834935,36.875468640388405,0.25822848993232594,0.8011693482155167,0.4225643202545726,1.023204786992997,36.9298763118448,36.93540814502114,36.45290432013383,37.25407366834935,36.80508075659293
P_0011_0056,11,56,-17.9955,17.2395,24.92064165506177,20,0.783,1.0,99.93592999052179,108.82234827299996,36.38781867123872,35.913635918214425,36.82202884959162,36.37005829345617,0.29103312998132397,0.9083929313771932,0.45642237524174334,1.1601442290896464,36.33149941813889,36.456720753540594,35.913635918214425,36.82202884959162,36.326406527795314
P_0011_0057,11,57,-17.9955,18.0225,25.468579200654283,25,0.783,1.0,87.12239263700991,98.97678730931476,35.74143349527819,35.07076947189671,36.3254223178148,35.73132316681902,0.3977577522328358,1.2546528459180877,0.6605536949223065,1.6023663421686942,35.75773497891947,35.73968545445172,35.07076947189671,36.3254223178148,35.76300361101238
P_0011_0058,11,58,-17.9955,18.805500000000002,26.028539154166914,20,0.783,1.0,70.91395563269566,84.09233064580755,34.923647372570386,34.13654830162068,35.57457381715068,34.92925102709918,0.4628337692030559,1.4380255155300006,0.7927027254784988,1.8365587682375486,35.0513141500623,35.01619435356554,34.13654830162068,35.57457381715068,34.8676245130967
P_0011_0059,11,59,-17.9955,19.588500000000003,26.599762263975222,19,0.783,1.0,51.15183013429833,68.79102977229701,33.92551219507525,32.92043285202561,34.80253777669492,33.86935855735182,0.6010856671518592,1.8821049246693065,0.9489257053262108,2.403709993191962,33.771696730849214,34.02421537939671,32.92043285202561,34.80253777669492,33.82791004779267
P_0012_0008,12,8,-17.2125,-20.3445,26.648993161093347,19,0.783,1.0,35.2364031920502,55.01388777959523,33.17114560350571,31.84832243500074,34.15848661238783,33.12061608144397,0.7011454086043076,2.1342784553739307,1.0964079244300677,2.72577069651843,33.05451429090999,34.15848661238783,33.471554742878936,32.8943166040292,32.0242081570139
P_0012_0009,12,9,-17.2125,-19.5615,26.05614013049515,16,0.783,1.0,60.27197822315587,71.74019912991703,34.432324201546216,33.77211756906377,34.99951596425166,34.3818565075613,0.3966629664524257,1.2273983951878904,0.6176594566903546,1.5675586145439213,34.243865612707054,34.99951596425166,34.50130735866463,34.39247603311941,33.77211756906377
P_0012_0010,12,10,-17.2125,-18.7785,25.47355920361346,16,0.783,1.0,75.72082506847947,84.96478449052157,35.20850227492697,34.70691627234709,35.662868000955314,35.206238059392135,0.30376369054046515,0.9559517286082269,0.4993217870450479,1.2208834337269818,35.23080689575289,35.662868000955314,35.25245396109517,35.178145166810225,34.70691627234709
P_0012_0011,12,11,-17.2125,-17.9955,24.901971337627064,20,0.783,1.0,89.53408597808001,98.6189548818917,35.90122895026093,35.41578247274816,36.34612177829831,35.88404269259259,0.3009057321844323,0.9303393055501488,0.46826021984442434,1.1881728040231785,35.848277233922715,36.34612177829831,35.99929657293086,35.81073540506287,35.41578247274816
P_0012_0012,12,12,-17.2125,-17.2125,24.342150942346898,16,0.783,1.0,101.15067735937177,107.97074986515052,36.48308943026214,36.13162891667935,36.81542120440184,36.45816359698138,0.22066970966913954,0.6837922877224898,0.35725760742045765,0.8732979408971773,36.37316323377729,36.81542120440184,36.501421039364686,36.46918359068371,36.13162891667935
P_0012_0013,12,13,-17.2125,-16.429499999999997,23.79492858783148,16,0.783,1.0,110.09800232475641,116.28042751547343,36.93031506820418,36.61566505815199,37.22975043937254,36.92933216238238,0.19437471548103513,0.6140853812205478,0.31366710423039024,0.7842725175230495,36.93793810513313,37.22975043937254,36.94126131577059,36.92204589348364,36.61566505815199
P_0012_0014,12,14,-17.2125,-15.6465,23.261193402317087,20,0.783,1.0,118.99430344564435,125.50317229593811,37.37470511446632,37.043908338817744,37.688846377304856,37.36348766403106,0.20686455844607848,0.644938038487112,0.3253587132737934,0.8236756557945235,37.332854513647305,37.688846377304856,37.4245367913627,37.3272922990227,37.043908338817744
P_0012_0015,12,15,-17.2125,-14.8635,22.74189500679308,16,0.783,1.0,126.94604434305086,132.1123768696799,37.771272869191904,37.51450746167603,38.01993958761551,37.75286629383557,0.16315089671762026,0.5054321259394783,0.26707329377994427,0.6455071851078905,37.68766617216261,38.01993958761551,37.76715053705658,37.77506771066709,37.51450746167603
P_0012_0016,12,16,-17.2125,-14.080499999999999,22.23804479939727,16,0.783,1.0,133.31209999022343,138.1406967025169,38.08805352073786,37.848264207801606,38.3176978307568,38.086680160888136,0.1485737888296039,0.46943362295519364,0.2384159530865304,0.5995320855111029,38.0885578384549,38.3176978307568,38.08105121637584,38.09782971105153,37.848264207801606
P_0012_0017,12,17,-17.2125,-13.2975,21.750716367513046,20,0.783,1.0,139.8006762667043,144.96439659494922,38.41091512516174,38.154905612860944,38.65831325047691,38.4017570304747,0.1605114880934164,0.5034076376159646,0.25655622000221,0.6429216316934414,38.37260824848085,38.65831325047691,38.43410960784047,38.388848432714326,38.154905612860944
P_0012_0018,12,18,-17.2125,-12.5145,21.28104476993552,16,0.783,1.0,145.69761546435632,149.9184381943613,38.7037706076062,38.49559882196053,38.90016871021032,38.68823405758665,0.13096834228288096,0.4045698882497959,0.2119346526236754,0.5166920667302629,38.63737156423946,38.90016871021032,38.68593528478016,38.722095906742766,38.49559882196053
P_0012_0019,12,19,-17.2125,-11.731499999999999,20.830224398695275,16,0.783,1.0,150.46953114412406,154.46855108940014,38.940125953331176,38.7463329376256,39.12688417154516,38.93759081505482,0.12097500360797718,0.3805512339195545,0.19125787742921574,0.48601690155754085,38.93626277201736,39.12688417154516,38.91979458161205,38.95867961247393,38.7463329376256
P_0012_0020,12,20,-17.2125,-10.9485,20.399505104291134,20,0.783,1.0,155.3616734213212,159.63795945506936,39.182241748010156,38.97513268521351,39.38424597568718,39.17478073948818,0.1301011463889419,0.4091132904736696,0.20946523619900148,0.5224946238488756,39.14772284109722,39.38424597568718,39.186208203842,39.18059399160097,38.97513268521351
P_0012_0021,12,21,-17.2125,-10.165499999999998,19.990186254760108,16,0.783,1.0,159.81686358551121,163.39124433498793,39.402560546725795,39.2289434809241,39.573113340060445,39.3998081346518,0.1105949858380382,0.34416985913634335,0.1733052054086457,0.4395528213746403,39.39331796464444,39.573113340060445,39.37120200899136,39.43246387863866,39.2289434809241
P_0012_0022,12,22,-17.2125,-9.3825,19.60360840508706,20,0.783,1.0,163.83776316583533,167.6404207584627,39.60174305571353,39.41653451107402,39.77400270185473,39.59334558903216,0.11401653199027088,0.3574681907807076,0.18065711282256558,0.45653664212095474,39.571048450318415,39.77400270185473,39.587868860149285,39.61727342176437,39.41653451107402
P_0012_0023,12,23,-17.2125,-8.599499999999999,19.24114228677705,16,0.783,1.0,167.48293357881892,170.70735089637697,39.78106213931703,39.62827799691274,39.92618869856608,39.769878829992436,0.09811238573149902,0.2979107016533362,0.15630986857364348,0.3804734376160105,39.7354218081976,39.92618869856608,39.74610499710002,39.81340064918572,39.62827799691274
P_0012_0024,12,24,-17.2125,-7.816499999999998,18.904174896038175,16,0.783,1.0,170.40815216623028,173.4947690861469,39.92466316781518,39.782822456986366,40.064365592915806,39.922885178391404,0.09212551278294231,0.28154313592943936,0.14148041452440197,0.359569777687662,39.91756656391965,40.064365592915806,39.88765109488173,39.96202018325346,39.782822456986366
P_0012_0025,12,25,-17.2125,-7.0335,18.5940925699535,20,0.783,1.0,173.36353677058779,176.6045792275509,40.06980575272763,39.92085378323179,40.22161413561781,40.06433162167466,0.09744773142137049,0.30076035238602117,0.15728251394315151,0.3841128382963233,40.03718028967188,40.22161413561781,40.045213856212,40.09679604363981,39.92085378323179
P_0012_0026,12,26,-17.2125,-6.250499999999999,18.31226109741776,16,0.783,1.0,175.99819522987025,178.8053301447762,40.19877343557229,40.07423384688184,40.33041345707045,40.19089969231457,0.08939392718507647,0.25617961018861024,0.13951376475588262,0.32717702450652647,40.153968547517536,40.33041345707045,40.14589189119761,40.249990718905394,40.07423384688184
P_0012_0027,12,27,-17.2125,-5.467499999999998,18.06000311461767,16,0.783,1.0,178.06601177853858,180.76015300818824,40.30067100118822,40.17169374457353,40.42689660081811,40.296150947967064,0.08831921354550255,0.25520285624457983,0.1307456528510471,0.32592957374786696,40.28207175090188,40.42689660081811,40.24441888013303,40.35567376340879,40.17169374457353
P_0012_0028,12,28,-17.2125,-4.6845,17.838573275349123,20,0.783,1.0,180.0947651527953,182.86856117535,40.40057118296846,40.26712005934155,40.52740558550676,40.39316614385369,0.08880938589569717,0.2602855261652124,0.13423944165307233,0.3324208507857119,40.37405606079983,40.52740558550676,40.3481125811241,40.44913643249623,40.26712005934155
P_0012_0029,12,29,-17.2125,-3.9014999999999986,17.649131947492485,16,0.783,1.0,181.83435215349328,184.2942371711987,40.4825883943991,40.36705644549289,40.58158637996678,40.47186723157114,0.07996268011543432,0.21452993447388735,0.10971914839564079,0.2739845906435343,40.44523657120419,40.58158637996678,40.41947714556704,40.54597961562479,40.36705644549289
P_0012_0030,12,30,-17.2125,-3.1184999999999974,17.492718442254766,16,0.783,1.0,183.1296779181805,185.49292094666168,40.53207675727974,40.43498775811969,40.64018468685799,40.529072461469106,0.07806778755345341,0.20469169391907371,0.11111222538888654,0.2614197878915373,40.50899229108353,40.64018468685799,40.46340068367368,40.5972916527914,40.43549299293892
P_0012_0031,12,31,-17.2125,-2.3354999999999997,17.370224998542763,20,0.783,1.0,184.31025214104125,186.67754619948755,40.58160019325694,40.476535658158696,40.67432353320237,40.57714729970927,0.07573029485336473,0.197787875043673,0.10061164155057156,0.25260265011963345,40.55980234817042,40.67432353320237,40.521990908257976,40.65308405075689,40.476535658158696
P_0012_0032,12,32,-17.2125,-1.5524999999999984,17.282372883953173,16,0.783,1.0,185.21819126595364,187.37751479705085,40.61428573565601,40.530064584012,40.70418146439664,40.60922371827398,0.07090305750809307,0.1741168803846378,0.09495774612265961,0.22237149474410955,40.57445997706179,40.70418146439664,40.55364969233261,40.68376287356688,40.530064584012
P_0012_0033,12,33,-17.2125,-0.7695000000000007,17.229692002470617,16,0.783,1.0,185.78544001373828,187.85922275808824,40.638092244232375,40.56046131565637,40.72593045302443,40.63589476774361,0.0691629540261272,0.16546913736806346,0.0900356852808244,0.21132712307543225,40.60661607796311,40.72593045302443,40.57557207723573,40.71089391483838,40.56046131565637
P_0012_0034,12,34,-17.2125,0.013500000000000512,17.21250529411683,20,0.783,1.0,186.15558502074356,188.15581709933863,40.65144008014814,40.56190191364158,40.738018895247535,40.64757775700789,0.07235688358610845,0.16788036456188848,0.0904411382396475,0.21440659586448083,40.62088249589448,40.738018895247535,40.57013853068565,40.72924010135489,40.57960876185689
P_0012_0035,12,35,-17.2125,0.7965000000000018,17.230918968528638,16,0.783,1.0,186.25825767095756,188.17947437962565,40.64653807034473,40.54691893466395,40.728117702639,40.64151538322999,0.0705907252511414,0.1811987679750473,0.09459644856603688,0.23141605105370025,40.63998629241786,40.728117702639,40.54691893466395,40.71115811015579,40.58139587627335
P_0012_0036,12,36,-17.2125,1.5794999999999995,17.28481924985043,16,0.783,1.0,186.1112912851456,188.11300893050304,40.62469743220198,40.54655313421557,40.72602333568455,40.62383438038167,0.07052095411901026,0.1794702014689804,0.10218895530287853,0.2292084309948664,40.60786140303753,40.68322623673657,40.54655313421557,40.72602333568455,40.55550779223415
P_0012_0037,12,37,-17.2125,2.3625000000000007,17.37387586291556,20,0.783,1.0,185.6761698174525,187.83332269491245,40.56842558045063,40.46783291692043,40.68020877779679,40.56308978255807,0.07353499559550705,0.19778024288547158,0.11711899523871949,0.25259290279115143,40.55556035133708,40.60492289735254,40.48242853491132,40.68020877779679,40.49232835139264
P_0012_0038,12,38,-17.2125,3.145500000000002,17.497552014496197,16,0.783,1.0,184.968413251811,187.17405039455244,40.4872592392374,40.39422300799902,40.59737603017123,40.4652537453587,0.07319918913334131,0.20315302217221642,0.13212228481253163,0.2594546898751168,40.47375690796417,40.460414085890136,40.39422300799902,40.59737603017123,40.40049869476894
P_0012_0039,12,39,-17.2125,3.9284999999999997,17.655120178010684,16,0.783,1.0,184.09336984909646,186.39564898106207,40.377274640039396,40.26387757075872,40.48386639183872,40.386097930339325,0.07483583502738916,0.21187080661525215,0.11410234511586026,0.27058851419572433,40.3447333986324,40.44695038586423,40.271995585223465,40.48386639183872,40.382943890137824
P_0012_0040,12,40,-17.2125,4.711500000000001,17.845682629140303,20,0.783,1.0,182.82660050561776,185.39025534718613,40.20613449144967,40.035818129880056,40.326013188596846,40.17798766939328,0.10626940241997604,0.2901950587167903,0.14802551920356422,0.3706194875054793,40.1813265708937,40.035818129880056,40.088865747228,40.326013188596846,40.2579147103678
P_0012_0041,12,41,-17.2125,5.494500000000002,18.068195441161244,16,0.783,1.0,181.27066478858035,183.80720013249015,39.96317299215124,39.7061311109922,40.13119337715528,39.93446355087677,0.14220886104410713,0.38623220529279934,0.22833243988456786,0.4932722928388242,39.94084724807749,39.7061311109922,39.86171000163756,40.092363316285,40.07126607739161
P_0012_0042,12,42,-17.2125,6.277500000000003,18.321494548753385,20,0.783,1.0,179.39367692945038,182.27265963105089,39.648385311588555,39.17739291973896,39.90131778412104,39.63886065838915,0.16692750272211251,0.4541092983537851,0.25157740438430665,0.5799607897238634,39.63803699992735,39.38728325400484,39.53385400237988,39.79373648327504,39.84139255235863
P_0012_0043,12,43,-17.2125,7.060500000000005,18.60432252193022,16,0.783,1.0,177.2076466898486,180.00768848276127,39.15452277920853,38.63203089274219,39.51020654903351,39.21183354932198,0.2298625317061519,0.6768133214839622,0.37844032177243037,0.8643848294814332,39.22913042745256,38.83339322754955,39.12141740224092,39.36502014033334,39.51020654903351
P_0012_0044,12,44,-17.2125,7.843499999999999,18.91535483410237,16,0.783,1.0,174.97872285268326,177.90773388686014,38.61364489160266,38.07766810083655,38.99898960200966,38.50558336859549,0.2476511617770386,0.7317980446823,0.42791526775894084,0.934607975328608,38.6499552135906,38.07766810083655,38.56664990725119,38.80946614551885,38.424177475780255
P_0012_0045,12,45,-17.2125,8.6265,19.25322462602044,20,0.783,1.0,172.13377682911067,175.54059805906292,39.3300182741901,38.82572166995408,40.02783549865609,39.31963984855596,0.5066292156148682,1.1732294919971196,0.7081956501001301,1.4983773844152228,38.85460600665897,40.02783549865609,39.833608530931485,39.027043089637175,38.85510611689608
P_0012_0046,12,46,-17.2125,9.409500000000001,19.616545223356734,16,0.783,1.0,168.93335793020657,172.18696215173622,39.83828421075571,39.68046191698187,39.99204601059296,39.83483907350175,0.10200559927549302,0.3115840936110885,0.15720693709121036,0.3979362625939828,39.82588045689221,39.87901520375624,39.68046191698187,39.99204601059296,39.796791779285456
P_0012_0047,12,47,-17.2125,10.192500000000003,20.003929926391965,16,0.783,1.0,165.75335194837544,169.1701268121124,39.677438769090614,39.51104777961882,39.83940453295685,39.66571720470548,0.10853787763154123,0.32835675333802783,0.17368732825136846,0.4193572839566128,39.62389989643151,39.71455914039405,39.51104777961882,39.83940453295685,39.63967467412618
P_0012_0048,12,48,-17.2125,10.975500000000004,20.414008829722793,20,0.783,1.0,161.77097944140468,165.83712429416644,39.4761488868779,39.274635772618126,39.670884379673,39.46807850222994,0.12606426670811113,0.3962486070548721,0.20280587744305478,0.5060646322539873,39.44345143510253,39.48539800766406,39.274635772618126,39.670884379673,39.466022916092015
P_0012_0049,12,49,-17.2125,11.758499999999998,20.84544263142426,16,0.783,1.0,157.35165482142685,161.1930688809632,39.25289913725781,39.06405910648488,39.43622779774148,39.250129630085006,0.11913487848514502,0.37216869125659713,0.1860981676564748,0.47531122765848927,39.24486974505561,39.28163756634268,39.06405910648488,39.43622779774148,39.22385393480039
P_0012_0050,12,50,-17.2125,12.5415,21.29693354687477,16,0.783,1.0,153.00002150363176,157.0632383478969,39.03316957871215,38.83251196423612,39.22766322413662,39.01903197720941,0.12843770775062607,0.3951512599005014,0.20863124692721158,0.5046631671781626,38.96875379606957,39.05801452178503,38.83251196423612,39.22766322413662,39.008216379819714
P_0012_0051,12,51,-17.2125,13.3245,21.767233551831982,20,0.783,1.0,147.575899963199,152.52947911045757,38.759386840529075,38.51016513854506,38.9987858321872,38.75015018419457,0.15529740987513052,0.4886206936421402,0.2486356479926357,0.6240366457754025,38.72316596116195,38.74753330103852,38.51016513854506,38.9987858321872,38.77110068804012
P_0012_0052,12,52,-17.2125,14.107500000000002,22.255150246628308,16,0.783,1.0,141.5601413439374,146.2311321704911,38.455828833484475,38.22243380877927,38.68093482723424,38.453700553398804,0.1453238366851321,0.4585010184549674,0.231266744619532,0.5855696276564079,38.45293866916825,38.471317648521165,38.22243380877927,38.68093482723424,38.44087781329108
P_0012_0053,12,53,-17.2125,14.890500000000003,22.759550665599708,16,0.783,1.0,135.61436805873754,140.6230946996269,38.15586784575813,37.90403505984415,38.39799460476161,38.13805132965164,0.15945769991899908,0.49395954491745897,0.2599432751099684,0.6308551020657203,38.07551784214274,38.16682393506193,37.90403505984415,38.39799460476161,38.14588520644776
P_0012_0054,12,54,-17.2125,15.673500000000004,23.27936336114027,20,0.783,1.0,128.13544481855033,134.43417248785772,37.77861768858857,37.45482606518687,38.08580059546392,37.767178884354266,0.2017292500947393,0.6309745302770509,0.31862171110965676,0.8058423119757993,37.73652951383423,37.73966531081902,37.45482606518687,38.08580059546392,37.81907293646731
P_0012_0055,12,55,-17.2125,16.4565,23.813579077912667,16,0.783,1.0,119.7119613548817,125.736780659859,37.353760568911824,37.04523217675023,37.64712536291307,37.352117812380264,0.1904040446199839,0.6018931861628403,0.3068856356300316,0.7687013871811498,37.35801510436795,37.35316015671162,37.04523217675023,37.64712536291307,37.35705626115845
P_0012_0056,12,56,-17.2125,17.2395,24.361250306583198,16,0.783,1.0,111.18491875146967,117.84738537150866,36.92369271129047,36.578500290123145,37.24922880283032,36.89893450490295,0.21631164832597846,0.6707285127071714,0.35029429792736977,0.8566136816183542,36.815404677781885,36.91705123151445,36.578500290123145,37.24922880283032,36.93448752226493
P_0012_0057,12,57,-17.2125,18.0225,24.921489973514827,20,0.783,1.0,100.04114502739716,108.91587275022252,36.36162590536401,35.88449924111745,36.79877364372919,36.34444512070904,0.2948845811100557,0.9142744026117384,0.4599458795915865,1.1676556866050298,36.30821514717417,36.27983589326328,35.88449924111745,36.79877364372919,36.45090167826112
P_0012_0058,12,58,-17.2125,18.805500000000002,25.49346948730204,16,0.783,1.0,86.70070177501592,95.78705531131828,35.6886878534032,35.19386252661161,36.13658352483708,35.685990921077554,0.299258842425354,0.9427209982254681,0.4921283944659436,1.2039859492023857,35.70879181711757,35.6648637488272,35.19386252661161,36.13658352483708,35.7258529879943
P_0012_0059,12,59,-17.2125,19.588500000000003,26.076416327785537,16,0.783,1.0,71.67213729166511,82.98275231268649,34.93043772899229,34.2771755486271,35.490664145482185,34.88042270704217,0.3918462716068239,1.2134885968550861,0.6102414384400134,1.5497938657153079,34.7442887236366,34.897323057984295,34.2771755486271,35.490664145482185,34.992662059480665
P_0012_0060,12,60,-17.2125,20.371500000000005,26.669611330126283,19,0.783,1.0,47.09831985562155,66.67672332433742,33.689548912150705,32.37671804066446,34.66790807349173,33.638591071032614,0.6953140064393996,2.119935796100833,1.0906187936417169,2.707453124011281,33.57343109742908,33.422427177148734,32.5479722773909,34.66790807349173,33.98121672970262
P_0013_0007,13,7,-16.429499999999997,-21.127499999999998,26.763776387124445,13,0.783,1.0,27.723527689979015,45.24448903021795,32.76566026048125,31.79299438133978,33.641098882350434,32.78471913240632,0.5450379687994168,1.5999922717136883,0.8563797499441108,2.043412862980445,33.03084216306564,33.641098882350434,32.79763879102802,32.41290921495079,32.041106610636746
P_0013_0008,13,8,-16.429499999999997,-20.3445,26.150088919542892,20,0.783,1.0,54.497077463099046,69.08630682984482,34.11644620590929,33.211604294855704,34.840977174230204,34.114330225057394,0.5383415659459132,1.6293728793745004,0.9027259302016901,2.080935988984036,34.24399030551439,34.840977174230204,34.34758636145807,33.9274929892286,33.211604294855704
P_0013_0009,13,9,-16.429499999999997,-19.5615,25.545660150013735,16,0.783,1.0,73.70057954866053,83.13344392429956,35.08233423956122,34.56792277841265,35.54671064590906,35.0734635724602,0.3119752817366414,0.9787878674964077,0.5055407940475476,1.2500483620643776,35.073833769081034,35.54671064590906,35.14686618385974,35.03198448503849,34.56792277841265
P_0013_0010,13,10,-16.429499999999997,-18.7785,24.951162948848694,16,0.783,1.0,86.83262581989135,94.83548061984634,35.74141033593774,35.31870198271099,36.133308401004285,35.764795358557606,0.265612414553804,0.8146064182932946,0.44609337584661546,1.0403657960323047,35.881359898284416,36.133308401004285,35.787738119037044,35.70286839175128,35.31870198271099
P_0013_0011,13,11,-16.429499999999997,-17.9955,24.36732423759326,20,0.783,1.0,99.14863655192845,107.27828615774288,36.357281952879546,35.93074594936263,36.75367275971348,36.364022010293866,0.2683223484489395,0.8229268103508502,0.4332760609312345,1.050992094956386,36.415986237266,36.75367275971348,36.45390974858304,36.265795356544174,35.93074594936263
P_0013_0012,13,12,-16.429499999999997,-17.2125,23.79492858783148,16,0.783,1.0,109.77124444000629,115.95366963072333,36.88797445235363,36.57414643929047,37.185941095495934,36.88460194319763,0.1940253186906651,0.6117946562054613,0.31045550390715704,0.7813469427911383,36.88418787205302,37.185941095495934,36.91167893304584,36.86705537610288,36.57414643929047
P_0013_0013,13,13,-16.429499999999997,-16.429499999999997,23.23482172300876,16,0.783,1.0,118.08254697726687,123.74313659716717,37.30298207333584,37.01821945687533,37.5764552004888,37.3200749274988,0.1810476509204331,0.5582357436134728,0.3018554706234724,0.7129447555727623,37.39731107053064,37.5764552004888,37.32113389662271,37.28725501297652,37.01821945687533
P_0013_0014,13,14,-16.429499999999997,-15.6465,22.687913797879258,20,0.783,1.0,126.4326992707145,132.46117177480332,37.71885051908858,37.41387199342228,38.00915274419725,37.72497092184742,0.19246749449484685,0.5952807507749682,0.31109892842513887,0.7602563866857831,37.7645692575212,38.00915274419725,37.77353201824229,37.66372859585408,37.41387199342228
P_0013_0015,13,15,-16.429499999999997,-14.8635,22.155182294442984,16,0.783,1.0,133.95320274675709,138.74825695319052,38.09321126187861,37.85794763520289,38.32329272470582,38.09221733439226,0.1471698773891163,0.4653450895029323,0.2342696991893689,0.5943104591352902,38.09419103038243,38.32329272470582,38.09528687476302,38.090368406907146,37.85794763520289
P_0013_0016,13,16,-16.429499999999997,-14.080499999999999,21.63767433205334,16,0.783,1.0,140.00896793723143,144.50760301092947,38.393779870560465,38.17313129525223,38.60578563364373,38.40674960531446,0.14042728369256854,0.4326543383914938,0.23361831006222644,0.5525598191462245,38.46994426607199,38.60578563364373,38.393738674842666,38.39114815676169,38.17313129525223
P_0013_0017,13,17,-16.429499999999997,-13.2975,21.13650814349428,20,0.783,1.0,146.20876689099114,151.05208763856973,38.70133290781651,38.46407519469864,38.93221098966711,38.70627520360392,0.149686321025429,0.46813579496847524,0.2422000089052858,0.5978745785037998,38.73721752477769,38.93221098966711,38.72400604921239,38.67386625966378,38.46407519469864
P_0013_0018,13,18,-16.429499999999997,-12.5145,20.652873419938444,16,0.783,1.0,151.8635343339482,155.81849401370155,38.981618441573396,38.78852694576392,39.162040487215336,38.98025756551152,0.11843712417388802,0.37351354145141613,0.1917306197476023,0.4770287885714127,38.9873156503329,39.162040487215336,38.96993144931912,38.99347329492633,38.78852694576392
P_0013_0019,13,19,-16.429499999999997,-11.731499999999999,20.18803017879654,16,0.783,1.0,156.45303817090613,160.20644549830516,39.2086088330607,39.02787068628629,39.38047234131096,39.21901474730284,0.11508035025403701,0.3526016550246709,0.19114406101655135,0.4503213984989411,39.2738823289518,39.38047234131096,39.19447989082158,39.21836848914359,39.02787068628629
P_0013_0020,13,20,-16.429499999999997,-10.9485,19.7433057642331,20,0.783,1.0,161.1696054956136,165.20255713903995,39.44124064295448,39.24769483944067,39.628976827317786,39.44629687817093,0.12136096134522144,0.38128198787711653,0.1986020387302574,0.4869501760882714,39.47084011030006,39.628976827317786,39.45168550254323,39.43228711125289,39.24769483944067
P_0013_0021,13,21,-16.429499999999997,-10.165499999999998,19.320089557245844,16,0.783,1.0,165.47377688523557,168.83684738862257,39.65332751264505,39.49949136265468,39.8127928234328,39.66407835671233,0.10245740813650017,0.3133014607781206,0.16458699405765032,0.4001295795378296,39.70588243282515,39.8127928234328,39.6266286304911,39.67559653415793,39.49949136265468
P_0013_0022,13,22,-16.429499999999997,-9.3825,18.919824959549704,20,0.783,1.0,169.365735708331,172.95787002041047,39.846572748965464,39.6704006034588,40.01743025418682,39.851793033628894,0.1107926607631011,0.34702965072801817,0.1813924301700922,0.4432051733435736,39.87958479501265,40.01743025418682,39.83599353727772,39.855555978208486,39.6704006034588
P_0013_0023,13,23,-16.429499999999997,-8.599499999999999,18.543998233930026,16,0.783,1.0,172.8993591869887,175.93648201332456,40.01878423991204,39.87508402478778,40.14985834665458,40.01756397590843,0.08897000538778416,0.2747743218668006,0.1424799511206487,0.3509250598554286,40.03543751822696,40.14985834665458,39.98700898225803,40.04043100761481,39.87508402478778
P_0013_0024,13,24,-16.429499999999997,-7.816499999999998,18.194123845351825,16,0.783,1.0,175.7388603644556,178.64661497269984,40.15843077931822,40.0258298178145,40.28404584917655,40.16346269710264,0.08514390627874711,0.2582160313620534,0.13763287928814094,0.3297778178314858,40.19536295206007,40.28404584917655,40.12743304105675,40.18464182540532,40.0258298178145
P_0013_0025,13,25,-16.429499999999997,-7.0335,17.871726063813757,20,0.783,1.0,178.61102931147587,181.67356807939143,40.29917948171182,40.15963248206833,40.43859117305232,40.30295524862417,0.08935786859924039,0.2789586909839912,0.14332276655584053,0.3562690817164638,40.320678283556674,40.43859117305232,40.28031393679339,40.31556036765016,40.15963248206833
P_0013_0026,13,26,-16.429499999999997,-6.250499999999999,17.578316770953922,16,0.783,1.0,181.1742679517847,183.8178982031476,40.42272858751224,40.30849368690912,40.54448380651274,40.42818361480552,0.07862436713566315,0.23599011960362049,0.11968992789640254,0.30139223448738245,40.43337227613239,40.54448380651274,40.3883675630089,40.466200741464434,40.30849368690912
P_0013_0027,13,27,-16.429499999999997,-5.467499999999998,17.315369661084336,16,0.783,1.0,183.1880693495366,185.72425702648525,40.52332624773468,40.413458287783726,40.638470051096135,40.53345227323017,0.07738062685528217,0.22501176331240913,0.1199939854464418,0.28737134522657615,40.5620396734829,40.638470051096135,40.484210577196,40.5690827765921,40.413458287783726
P_0013_0028,13,28,-16.429499999999997,-4.6845,17.08429133736603,20,0.783,1.0,185.16574365029368,187.7823679316608,40.617037923892,40.49060606573232,40.73970448897131,40.62198023038708,0.08459264959408783,0.24909842323899056,0.13137416465475837,0.31813336301275935,40.64782923262118,40.73970448897131,40.57161540393332,40.660145960677255,40.49060606573232
P_0013_0029,13,29,-16.429499999999997,-3.9014999999999986,16.886390155980642,16,0.783,1.0,186.8632167892615,189.175453046072,40.696757524613645,40.58672783306076,40.8031010175053,40.70054073948487,0.07870182588783634,0.21637318444453513,0.11381290642410846,0.2763386774515136,40.71725011853226,40.8031010175053,40.63779650258408,40.757828225741946,40.58672783306076
P_0013_0030,13,30,-16.429499999999997,-3.1184999999999974,16.72284403144393,16,0.783,1.0,188.12856722302882,190.34793770202668,40.74854401773128,40.65340773915909,40.83693013471986,40.75449770379148,0.07027537346610005,0.18352239556076455,0.1010899646323864,0.23438364694861372,40.76765332861089,40.83693013471986,40.69604960597076,40.8184477104968,40.65340773915909
P_0013_0031,13,31,-16.429499999999997,-2.3354999999999997,16.594668737278244,20,0.783,1.0,189.28334394146196,191.5083718796775,40.790062731646096,40.6854564333114,40.89323455959453,40.79501353662637,0.07661981217776608,0.20777812628313086,0.1095571033149696,0.2653615916770509,40.81699424309312,40.89323455959453,40.729845403488014,40.84953704364477,40.6854564333114
P_0013_0032,13,32,-16.429499999999997,-1.5524999999999984,16.50268846279296,16,0.783,1.0,190.17308472452663,192.1955821403551,40.821232809157536,40.73923565142337,40.888159683696585,40.822355844193034,0.06026546206925231,0.14892403227321438,0.08312019276966254,0.1901967206554462,40.85552710934269,40.888159683696585,40.76106877850015,40.86778799800237,40.73923565142337
P_0013_0033,13,33,-16.429499999999997,-0.7695000000000007,16.44751046511295,16,0.783,1.0,190.73070997684624,192.6702446574677,40.83779630158712,40.76622172443689,40.90676883108876,40.83935952443308,0.05694500931655204,0.14054710665187287,0.0731377999961893,0.1794982205004762,40.85013117101704,40.90676883108876,40.781197256987184,40.89247863863551,40.76622172443689
P_0013_0034,13,34,-16.429499999999997,0.013500000000000512,16.4295055464247,20,0.783,1.0,191.0972602635867,192.96596043890716,40.847676165022946,40.75864096785608,40.91827138027668,40.84729556378072,0.06487792439139355,0.15963041242059717,0.08865459592463765,0.20387025851928117,40.86365271535345,40.91827138027668,40.75864096785608,40.91072616225182,40.78518659316558
P_0013_0035,13,35,-16.429499999999997,0.7965000000000018,16.448795776591062,16,0.783,1.0,191.2035276340655,192.99172705290604,40.84468930172396,40.76668879712389,40.93677956088004,40.84684163008368,0.061449416848642045,0.1522548989923962,0.08015283295979003,0.19445070113971416,40.88475287646367,40.88374710622424,40.78007567449032,40.91894369611629,40.76668879712389
P_0013_0036,13,36,-16.429499999999997,1.5794999999999995,16.505250391920743,16,0.783,1.0,191.06618474371857,192.9310762738073,40.823441129553515,40.73858041738379,40.902784037183096,40.83340521526541,0.06431014320838256,0.1642036197993093,0.09482479788162124,0.2097108809697437,40.84809184366787,40.89623151879772,40.73858041738379,40.902784037183096,40.78133825929456
P_0013_0037,13,37,-16.429499999999997,2.3625000000000007,16.598490187363424,20,0.783,1.0,190.64926161787318,192.6641483751024,40.75638148005193,40.6497416032932,40.84033568978958,40.766714244739624,0.06436859257773532,0.17990496366923026,0.10628351861927143,0.22976368284703735,40.77922386077262,40.819456172758976,40.66043072612035,40.84033568978958,40.7341247742566
P_0013_0038,13,38,-16.429499999999997,3.145500000000002,16.727900062470482,16,0.783,1.0,189.96730255665932,192.02906714991744,40.65947237704627,40.52605095288226,40.75985095898847,40.66575454828988,0.06441458818163721,0.18690956482333831,0.11538151954276543,0.23870953361856745,40.677520983005934,40.71064075777844,40.55037302874712,40.737282593570455,40.652955378347485
P_0013_0039,13,39,-16.429499999999997,3.9284999999999997,16.892648770989112,16,0.783,1.0,189.1222344848647,191.27686485593543,40.5352505921387,40.39521722964679,40.70008865804982,40.54122920607606,0.09737902230688524,0.3048714284030325,0.15885945197376117,0.38936325466543104,40.51573657446579,40.55554312106398,40.39521722964679,40.70008865804982,40.53956044715392
P_0013_0040,13,40,-16.429499999999997,4.711500000000001,17.091714440043745,20,0.783,1.0,187.89757900311614,190.3040621034969,40.3430199128739,40.10719999971428,40.542392923958914,40.343574956069936,0.1223510503723514,0.3775184917058141,0.19881796788897788,0.4821436675680895,40.30370310011318,40.32515416936008,40.1648744322531,40.542392923958914,40.38175015466442
P_0013_0041,13,41,-16.429499999999997,5.494500000000002,17.323914121814386,16,0.783,1.0,186.39272235957836,188.7713041507872,40.06767861445692,39.86827328519416,40.30878641259943,40.069198744064764,0.14932048913279616,0.44051312740527493,0.23958766853466784,0.562596586724489,39.99353941610468,40.027277835532345,39.86827328519416,40.30878641259943,40.14811677089318
P_0013_0042,13,42,-16.429499999999997,6.277500000000003,17.58793553831717,20,0.783,1.0,184.57730200932718,187.2852276894224,39.69234215112373,39.44164521255777,40.00852462908557,39.69719403620475,0.2034250350316653,0.5668794165277973,0.31133059288082165,0.7239839291542749,39.588461503932194,39.59826580966256,39.44164521255777,40.00852462908557,39.84907302578563
P_0013_0043,13,43,-16.429499999999997,7.060500000000005,17.88236926416631,16,0.783,1.0,182.46355373802714,185.09210902147103,39.10356554567201,38.88583690746094,39.47301421358361,39.161433682320784,0.2025697916916175,0.5337299449304282,0.27559677485984224,0.6816474392470347,39.03217953077893,39.3673002980413,38.88583690746094,39.10228482293138,39.41956685239137
P_0013_0044,13,44,-16.429499999999997,7.843499999999999,18.205739822923974,16,0.783,1.0,180.3094310509086,183.05957977341305,38.375098656691094,38.12663824521883,38.913688895372445,38.46252288586394,0.2880621044742583,0.7354730697251739,0.39958842908006176,0.9393014939018823,38.24501341001252,38.74347352895842,38.12663824521883,38.33537793018593,38.862111314944
P_0013_0045,13,45,-16.429499999999997,8.6265,18.55653449596664,20,0.783,1.0,177.56204223342658,180.7697291760105,39.24480221281854,38.10215893721716,40.26803187122039,39.29486217731445,0.8165897613428093,2.1658729340032252,1.1927032400972877,2.766121243937708,39.29607431328219,40.26803187122039,40.08982909821151,38.71821666664101,38.10215893721716
P_0013_0046,13,46,-16.429499999999997,9.409500000000001,18.933229003527106,16,0.783,1.0,174.47441746110104,177.52837763669268,40.089725209243625,39.94234782974536,40.23345074079271,40.098741562277404,0.09681935955043175,0.29110291104735353,0.15639373253204525,0.37177894131207345,40.139257377242416,40.12429406093878,39.94234782974536,40.23345074079271,40.05435780266777
P_0013_0047,13,47,-16.429499999999997,10.192500000000003,19.334309568743333,16,0.783,1.0,171.4102652480998,174.61572986574703,39.9347219644054,39.7794229326654,40.08606263861083,39.93612516197419,0.09910013473873369,0.3066397059454289,0.15670222930879163,0.39162159124575846,39.946397925474855,39.9656414716826,39.7794229326654,40.08606263861083,39.90310084143727
P_0013_0048,13,48,-16.429499999999997,10.975500000000004,19.758291183703108,20,0.783,1.0,167.57891151569711,171.40172197813712,39.74104836961792,39.55249437430308,39.9235430567594,39.7463144655361,0.11821373718237342,0.37104868245631906,0.19382009123302169,0.4738808205061546,39.77444429398082,39.74492612433937,39.55249437430308,39.9235430567594,39.73616447829784
P_0013_0049,13,49,-16.429499999999997,11.758499999999998,20.203732142849248,16,0.783,1.0,163.33516184820888,166.93096328986812,39.526654313667834,39.35082529490495,39.6976263549667,39.53739086343994,0.11320049096341608,0.3468010600617504,0.18656556853498785,0.44291323124106047,39.58562389342569,39.549059475456886,39.35082529490495,39.6976263549667,39.50381929844548
P_0013_0050,13,50,-16.429499999999997,12.5415,20.669245087811017,16,0.783,1.0,159.16594037322363,162.9632941672372,39.316126330532754,39.12962430640994,39.49724103641324,39.31654287893821,0.11690519117954161,0.36761673000330575,0.1869185725282705,0.4694977394678234,39.32386969984839,39.33455641214101,39.12962430640994,39.49724103641324,39.29742293987846
P_0013_0051,13,51,-16.429499999999997,13.3245,21.153504922352703,20,0.783,1.0,153.98399058748583,158.61717015407805,39.05456115247695,38.822750793129785,39.27782880757468,39.06023251176411,0.14517426333733677,0.4550780144448936,0.23748171863432788,0.5811979750254068,39.09190735299137,39.03761464075336,38.822750793129785,39.27782880757468,39.07106096437138
P_0013_0052,13,52,-16.429499999999997,14.107500000000002,21.655254016058088,16,0.783,1.0,148.2570092909454,152.59803847890376,38.76557375386322,38.55001382616928,38.97406449045695,38.778630088778286,0.1374313551422513,0.4240506642876767,0.2286162626090089,0.541571729613891,38.83770377469261,38.77440175405661,38.55001382616928,38.97406449045695,38.75696659851599
P_0013_0053,13,53,-16.429499999999997,14.890500000000003,22.17330513252366,16,0.783,1.0,142.6215264624438,147.25897478313743,38.481270843967515,38.24968976988043,38.70469606127648,38.48043532239958,0.14393554658727598,0.455006291396046,0.23074555251914575,0.5811063747075939,38.48470629156685,38.48542342465112,38.24968976988043,38.70469606127648,38.47766106462302
P_0013_0054,13,54,-16.429499999999997,15.673500000000004,22.706542504309194,20,0.783,1.0,135.57384064362046,141.39217196672297,38.12578501356988,37.829071173541024,38.40875745804436,38.132018736603754,0.1863820815825602,0.5796862845033388,0.3029475630627303,0.740340082379743,38.16998332605772,38.08244047991457,37.829071173541024,38.40875745804436,38.1698412454611
P_0013_0055,13,55,-16.429499999999997,16.4565,23.253921443489908,16,0.783,1.0,127.69650600739214,133.1994897415527,37.72849559131597,37.44931447304015,37.995555567901135,37.74504341657556,0.17704079083655985,0.5462410948609886,0.29572894353541557,0.6976259193626929,37.82161010526835,37.7206680007688,37.44931447304015,37.995555567901135,37.73806893589938
P_0013_0056,13,56,-16.429499999999997,17.2395,23.814466832158974,16,0.783,1.0,119.80548583210417,125.83030513708144,37.330536564873356,37.02199013820695,37.6239186313619,37.32773243942846,0.1906406639125739,0.6019284931549507,0.3057423012215068,0.7687464791250966,37.32898531279477,37.31641381043238,37.02199013820695,37.6239186313619,37.34735430434631
P_0013_0057,13,57,-16.429499999999997,18.0225,24.38727078826165,20,0.783,1.0,109.65569560124561,117.57520402607372,36.81865756083223,36.40052882981581,37.20761268716621,36.825472142678606,0.2622945846432903,0.8070838573503991,0.4249433128627942,1.0307584385062567,36.87756433221893,36.73530758675594,36.40052882981581,37.20761268716621,36.90634727743617
P_0013_0058,13,58,-16.429499999999997,18.805500000000002,24.971489753316682,16,0.783,1.0,97.8125025264278,105.657751440643,36.221330066797975,35.80538139839115,36.60658948179827,36.24425250452465,0.2609178785215674,0.8012080834071185,0.43887110613350444,1.0232542572249277,36.35889967641009,36.18897107640959,35.80538139839115,36.60658948179827,36.26142088961416
P_0013_0059,13,59,-16.429499999999997,19.588500000000003,25.566341202839332,16,0.783,1.0,85.10073861716972,94.37599710706895,35.58009676232798,35.07269231264536,36.03756286956775,35.57167785102813,0.30713798871827486,0.9648705569223921,0.4989855383827688,1.232274019057972,35.57377562651675,35.53644305851998,35.07269231264536,36.03756286956775,35.637915387890814
P_0013_0060,13,60,-16.429499999999997,20.371500000000005,26.17110013927577,20,0.783,1.0,66.37005418882754,80.74914237458697,34.63498460504747,33.739587235359124,35.3501336309842,34.63287610461062,0.5312218614474596,1.6105463956250787,0.8932888692514922,2.056891948435605,34.76246976769596,34.45523775548168,33.739587235359124,35.3501336309842,34.856952133532104
P_0013_0061,13,61,-16.429499999999997,21.1545,26.78509549170956,13,0.783,1.0,40.041033837025,57.43267752742596,33.304008027920894,32.33976650719268,34.173503824599095,33.229843593032356,0.5306590612966068,1.590290671714115,0.9436602315667386,2.0310225692389716,33.10266834195505,32.95948330127237,32.58321315288498,34.173503824599095,33.33034934445027
P_0014_0006,14,6,-15.6465,-21.9105,26.923650801850776,13,0.783,1.0,25.361904272881283,43.07444030446965,32.61587019903399,31.69247667692065,33.49963826229924,32.24259213404438,0.66452897468366,1.8071615853785943,1.2570461282548635,2.3079969161923297,31.69247667692065,33.49963826229924,32.235875824996015,32.092493229085335,31.69247667692065
P_0014_0007,14,7,-15.6465,-21.127499999999998,26.2903826236896,20,0.783,1.0,48.71354277872892,64.00639058738415,33.796430202395484,32.80376479918954,34.55351489398049,33.79880520071904,0.5646598702121568,1.7497500947909543,0.9950404015295007,2.23467445056316,33.97551150937488,34.55351489398049,33.8557428033028,33.80549199774748,32.80376479918954
P_0014_0008,14,8,-15.6465,-20.3445,25.665378284763307,25,0.783,1.0,69.92390168823935,82.82130124630025,34.863879941262084,34.12066817992013,35.49942425809985,34.85124729162476,0.4428426718604083,1.3787560781797197,0.7305791117046283,1.7608634459511106,34.88402539791065,35.49942425809985,34.98642974396273,34.765688878230435,34.12066817992013
P_0014_0009,14,9,-15.6465,-19.5615,25.049256366207757,20,0.783,1.0,85.76677914964384,94.92917892615672,35.66010352283122,35.17008164293122,36.107423591716895,35.63944198845297,0.2976713242316893,0.9373419487856722,0.4693603455217499,1.1971161542601176,35.590187006182134,36.107423591716895,35.668448776133005,35.661068925301606,35.17008164293122
P_0014_0010,14,10,-15.6465,-18.7785,24.442688569386142,20,0.783,1.0,97.32760200519456,105.37146133828928,36.24020773132165,35.81997750909056,36.63131346023522,36.24988204443589,0.2586222728619743,0.8113359511446561,0.42990453534532946,1.0361889542077345,36.3130985480733,36.63131346023522,36.23981261139693,36.24520809338344,35.81997750909056
P_0014_0011,14,11,-15.6465,-17.9955,23.84640397418445,25,0.783,1.0,108.49432302569093,116.72953562094108,36.797760274346835,36.370218267197686,37.19664980440939,36.79403012794175,0.26325532913238997,0.8264315372117039,0.42381186074406685,1.0554681190443218,36.80423565465486,37.19664980440939,36.84765472669972,36.751392186747125,36.370218267197686
P_0014_0012,14,12,-15.6465,-17.2125,23.261193402317087,20,0.783,1.0,118.29994294055032,124.76796705525037,37.283326887989176,36.95673340909201,37.59316037699779,37.271790157162535,0.20218996719800905,0.636426967905777,0.32137021983525216,0.812805833851567,37.23786757711412,37.59316037699779,37.27270152301219,37.29848789959658,36.95673340909201
P_0014_0013,14,13,-15.6465,-16.429499999999997,22.687913797879258,20,0.783,1.0,126.0650966503706,132.05272441886564,37.66962020067854,37.37308852376344,37.95139325306195,37.67707571029475,0.184481088098724,0.5783047292985088,0.30398718653130885,0.7385756440593982,37.7199439813532,37.95139325306195,37.6533994393568,37.68755335393837,37.37308852376344
P_0014_0014,14,14,-15.6465,-15.6465,22.12749250367063,25,0.783,1.0,133.93246324605335,140.26907944809452,38.06089252188866,37.74359878176182,38.36322250917783,38.05832067368601,0.1965251639122601,0.6196237274160126,0.31472189192419364,0.7913457565977172,38.06153490494484,38.36322250917783,38.08468385475976,38.038563317785815,37.74359878176182
P_0014_0015,14,15,-15.6465,-14.8635,21.580931270452627,20,0.783,1.0,141.0634444934921,146.2299585374747,38.41491895707698,38.16493914991196,38.65344980184335,38.4057853179447,0.15582637029373025,0.4885106519313922,0.24766448389865303,0.6238961071920718,38.3802798614081,38.65344980184335,38.39023328397536,38.44002449258471,38.16493914991196
P_0014_0016,14,16,-15.6465,-14.080499999999999,21.049309786783983,20,0.783,1.0,146.83423588171615,151.713415997537,38.69998290715349,38.463661875464766,38.92687988868096,38.705860539497124,0.14831191408873445,0.46321801321619205,0.24219866403235812,0.5915938866107178,38.74011632847072,38.92687988868096,38.6746908432346,38.72395376163456,38.463661875464766
P_0014_0017,14,17,-15.6465,-13.2975,20.533788459512287,25,0.783,1.0,152.76542298212388,157.96821322310885,38.9941115313755,38.74208950927061,39.241615784060514,38.993977213396896,0.1579962210314158,0.4995262747899005,0.2518877041262826,0.6379645910471271,38.99435716733541,39.241615784060514,39.00004232919207,38.99178127712588,38.74208950927061
P_0014_0018,14,18,-15.6465,-12.5145,20.035610110500752,20,0.783,1.0,158.1925901541663,162.5381025023165,39.260859053101356,39.05100601635445,39.4546701465992,39.25337432038056,0.13020412316084828,0.40366413024474923,0.20236830402610906,0.5155352876689007,39.23530911571004,39.4546701465992,39.22563933307691,39.30024699016218,39.05100601635445
P_0014_0019,14,19,-15.6465,-11.731499999999999,19.556100186386853,20,0.783,1.0,162.6091911668152,166.75504606748635,39.47870557706555,39.28147984031165,39.66432488774649,39.48197245568557,0.12386750551309143,0.3828450474348415,0.20049261537392482,0.48894642073415256,39.51314773836492,39.66432488774649,39.44221907327409,39.50869073873071,39.28147984031165
P_0014_0020,14,20,-15.6465,-10.9485,19.096665009891126,25,0.783,1.0,167.15818131138218,171.5672289303948,39.70322741896773,39.493609309034014,39.90807157429128,39.70127769557145,0.13126260324623773,0.4144622652572636,0.2076683865374349,0.5293260092685359,39.69866899562089,39.90807157429128,39.69191487852885,39.71412372038219,39.493609309034014
P_0014_0021,14,21,-15.6465,-10.165499999999998,18.65878754099526,20,0.783,1.0,171.31736884980333,175.07453081587556,39.90761176792056,39.73818179828885,40.08219458619908,39.91420252399716,0.1119911900946427,0.3440127879102306,0.1760207257083124,0.4393522195532958,39.926463833556056,40.08219458619908,39.8711826125346,39.95298978940724,39.73818179828885
P_0014_0022,14,22,-15.6465,-9.3825,18.244020075082137,25,0.783,1.0,175.08488505325838,179.05816951366364,40.092559328988294,39.89855753462172,40.27978142886639,40.09152348178384,0.12228882333879401,0.38122389424466974,0.19296594716211501,0.4868759824325284,40.09669423349169,40.27978142886639,40.05912825653229,40.12345595540711,39.89855753462172
P_0014_0023,14,23,-15.6465,-8.599499999999999,17.853973297280355,20,0.783,1.0,178.51040850862006,181.94173244955869,40.25901263319962,40.09706241648229,40.399996648632,40.2490344956646,0.09980194563291832,0.3029342321497097,0.1519720791823147,0.38688918537638534,40.2481568788117,40.399996648632,40.20573741695648,40.29421911744055,40.09706241648229
P_0014_0024,14,24,-15.6465,-7.816499999999998,17.490301155211707,20,0.783,1.0,181.26654701443326,184.56844550493216,40.39391995412437,40.24028613141832,40.52983975215892,40.39327463806544,0.09672097434844062,0.2895536207405982,0.1529885066471195,0.3698002819164728,40.41874180862288,40.52983975215892,40.34386539502822,40.43364010309887,40.24028613141832
P_0014_0025,14,25,-15.6465,-7.0335,17.15468112498743,25,0.783,1.0,184.05754686969584,187.50571374121756,40.531318326918665,40.3751804979616,40.68203959649213,40.531648403363214,0.09999509293640069,0.3068590985305306,0.15646790540161248,0.39190178611817444,40.54089565212274,40.68203959649213,40.49261424391551,40.567512026324096,40.3751804979616
P_0014_0026,14,26,-15.6465,-6.250499999999999,16.848789644956696,20,0.783,1.0,186.55094560740167,189.58882654991467,40.6509029524716,40.52005106264238,40.784752248902805,40.64784919593252,0.09131659961127826,0.2647011862604245,0.1369030529702826,0.3380602634232752,40.62778000520007,40.784752248902805,40.5978519749317,40.70881068798565,40.52005106264238
P_0014_0027,14,27,-15.6465,-5.467499999999998,16.574272789477067,20,0.783,1.0,188.51181256788414,191.44250685268497,40.747905915210936,40.62230184204941,40.87600144344077,40.74933756191827,0.08839570853735984,0.25369960139136083,0.1270357198688572,0.32400970803494356,40.74848269759696,40.87600144344077,40.69127506540377,40.80862676110041,40.62230184204941
P_0014_0028,14,28,-15.6465,-4.6845,16.332712649771317,25,0.783,1.0,190.43934089315272,193.44585501524725,40.840438131230655,40.712823702892535,40.97439040202511,40.84313426484173,0.0891657795960399,0.26156669913257247,0.13125613718337803,0.33405708701477965,40.83947428013784,40.97439040202511,40.79192443782847,40.89705850132469,40.712823702892535
P_0014_0029,14,29,-15.6465,-3.9014999999999986,16.125590361286,20,0.783,1.0,192.0954082590058,194.80340627395125,40.91817618455914,40.80994614589969,41.03357613991335,40.920516826836874,0.08305577920695932,0.22362999401366324,0.11305931307647654,0.2856066334784971,40.91210006654222,41.03357613991335,40.854943983570536,40.99201779825859,40.80994614589969
P_0014_0030,14,30,-15.6465,-3.1184999999999974,15.954247224485396,20,0.783,1.0,193.33125162326343,195.9472979399955,40.96705984664991,40.86134532837855,41.076410955436245,40.96742870396336,0.07737051875535356,0.18441881381340863,0.09722113159151746,0.23552849784598803,40.97534229103013,41.05462638618525,40.88845004519834,41.04851722503122,40.87020757237184
P_0014_0031,14,31,-15.6465,-2.3354999999999997,15.819845843117434,25,0.783,1.0,194.46061047844532,197.08130852017908,40.99482323898588,40.89989118500131,41.10952485144804,40.99522055103013,0.08298020889832454,0.20853288996920583,0.1143043004179134,0.26632552997344294,40.98892830611294,41.10952485144804,40.90974926967192,41.066908366438895,40.90099196147884
P_0014_0032,14,32,-15.6465,-1.5524999999999984,15.723333568299058,20,0.783,1.0,195.33240842008325,197.7545744825817,41.02571709340058,40.91894563394305,41.126949487421086,41.01874953614598,0.07929202602099303,0.19961395529435322,0.09981005309142432,0.2549348088050488,41.02669224513687,41.09033495846501,40.939215253947566,41.11855958923741,40.91894563394305
P_0014_0033,14,33,-15.6465,-0.7695000000000007,15.665410703202134,20,0.783,1.0,195.88054087127642,198.2215341209312,41.03412709295189,40.94577897358295,41.1039690438692,41.03134431354501,0.06640456599624175,0.15819007028625265,0.08556533996206639,0.2020307411063252,41.05590145090281,41.1039690438692,40.95927320860909,41.09179889076103,40.94577897358295
P_0014_0034,14,34,-15.6465,0.013500000000000512,15.64650582398511,25,0.783,1.0,196.2435445016693,198.51628923548543,41.04655190611015,40.96169438785387,41.116515107162,41.04374240988411,0.06597220353640555,0.15166812072283165,0.08204802203024286,0.19370130360514898,41.06653750332816,41.1133625085767,40.96924264077887,41.10787500888296,40.96169438785387
P_0014_0035,14,35,-15.6465,0.7965000000000018,15.666760178798933,20,0.783,1.0,196.35335852849568,198.5443622671932,41.02892275271667,40.91868104831809,41.13785523969062,41.034822178558365,0.07928731574099188,0.20314330793940627,0.1030330611322583,0.2594422834475176,41.017526418251805,41.13785523969062,40.93471193175122,41.11409223106728,40.96992507203089
P_0014_0036,14,36,-15.6465,1.5794999999999995,15.726022462784416,20,0.783,1.0,196.22550843927522,198.4900686160339,41.00172368281158,40.89590541935314,41.08544843009503,40.99651779888812,0.06899369323830205,0.18625124721478414,0.10061237953497937,0.23786877038925178,40.995371712507904,41.082156666567926,40.89590541935314,41.06031155409414,40.94884364191751
P_0014_0037,14,37,-15.6465,2.3625000000000007,15.823854413511267,25,0.783,1.0,195.82652815485653,198.23708501560395,40.93705434462008,40.79406459375167,41.08268106822112,40.924641980624486,0.10000651345751936,0.2886164744694497,0.15803908759663443,0.36860341566979526,40.86900620034237,40.98609713769605,40.79406459375167,41.08268106822112,40.891360903111206
P_0014_0038,14,38,-15.6465,3.145500000000002,15.959546751082877,20,0.783,1.0,195.1699869568939,197.6284273878863,40.828805893487036,40.702314881414566,40.98072104059258,40.85119502374316,0.07691217836779099,0.21876523105191126,0.1295260168494181,0.27939365396157245,40.879222292410304,40.84634545774276,40.761955809540666,40.98072104059258,40.7877305184295
P_0014_0039,14,39,-15.6465,3.9284999999999997,16.132144138334496,20,0.783,1.0,194.35442595460904,196.90481808381463,40.686608374819684,40.54603963725515,40.90060157518138,40.68890753635624,0.08229292928896877,0.22940744605000418,0.14737497644095754,0.2929852439974511,40.718688315630914,40.6407107911071,40.60687506674719,40.8362825127972,40.641980995498784
P_0014_0040,14,40,-15.6465,4.711500000000001,16.34047718091488,25,0.783,1.0,193.17117624597515,195.96754918708336,40.44975688621817,40.195183760316695,40.62821744623341,40.48841954267008,0.11511767375123538,0.2906710724054733,0.1508731688421463,0.3712274232509237,40.50604333458443,40.337546373827934,40.37646642333533,40.62821744623341,40.59382413536929
P_0014_0041,14,41,-15.6465,5.494500000000002,16.58319910330935,20,0.783,1.0,191.71646557792593,194.4895539769869,40.091581885878384,39.79352581883552,40.35387068558123,40.16342645488643,0.15677981553165987,0.420794869428903,0.23035063873410166,0.5374136263459808,40.35387068558123,39.933075816152325,40.07817818364515,40.32210274456787,40.129904844485566
P_0014_0042,14,42,-15.6465,6.277500000000003,16.85882464764374,25,0.783,1.0,189.9613705839865,193.05615603618932,39.58961016968179,39.17042786530857,40.1307732370812,39.636470499017776,0.32539445476992557,0.8469410312132482,0.4660426337092076,1.081661597973497,40.017368896521816,39.35185382679202,39.17042786530857,39.91558527688613,39.72711662958034
P_0014_0043,14,43,-15.6465,7.060500000000005,17.165768916655033,20,0.783,1.0,187.9182926230949,190.94097756725776,38.86794603364537,38.401096129420296,39.62544114846111,38.95954210225585,0.40652479046848916,1.1567902463028261,0.5983442734672693,1.4773821791862403,39.55788637572312,39.06057427729195,38.401096129420296,38.628025095340206,39.1501286335037
P_0014_0044,14,44,-15.6465,7.843499999999999,17.502384251866943,20,0.783,1.0,185.83711770088624,188.9814103056454,37.917466452602014,37.33836311941565,38.99592908941315,37.77738884879096,0.42459028822376105,1.041596964369603,0.6025712349942864,1.330264322311115,37.43344780109379,38.19238052362272,37.33836311941565,37.54279271603741,38.37996008378525
P_0014_0045,14,45,-15.6465,8.6265,17.866993717466855,25,0.783,1.0,183.18457967941453,186.77497961224464,39.03303234956449,38.02804300709624,40.54083531704225,39.16940033478111,1.0621572365224443,2.4955745353675525,1.3714349822611425,3.1871960860377424,38.0452607816747,40.54083531704225,40.324940631671495,38.17039306066897,38.76557188284812
P_0014_0046,14,46,-15.6465,9.409500000000001,18.257920267653706,20,0.783,1.0,180.20623165640666,183.65441802765875,40.34738890331643,40.18236674536257,40.50755176407637,40.349973251494575,0.10907774442370655,0.3251850187137961,0.16760650613200312,0.41530653731008443,40.36676360488838,40.40254768967827,40.18236674536257,40.50755176407637,40.2906364534673
P_0014_0047,14,47,-15.6465,10.192500000000003,18.673511145470208,20,0.783,1.0,177.25385721266755,180.853413293,40.19802129497235,40.02504005702872,40.365791858224895,40.1930989697906,0.11300461055819153,0.340751801196177,0.1726928884342982,0.4351874855634444,40.180118237099066,40.25009395640223,40.02504005702872,40.365791858224895,40.14445074019807
P_0014_0048,14,48,-15.6465,10.975500000000004,19.11215745278382,25,0.783,1.0,173.56748733146568,177.7663937694919,40.01165834738906,39.80624820438828,40.20967473004328,40.010299584834364,0.12877609109394347,0.40342652565500003,0.2040513804460815,0.51523183353129,40.0139213254958,40.03835246393447,39.80624820438828,40.20967473004328,39.98330120031
P_0014_0049,14,49,-15.6465,11.758499999999998,19.57230912539448,20,0.783,1.0,169.491314844118,173.4795638590494,39.80571515521997,39.61217267315499,39.99303240370631,39.809415772567526,0.1243657724808897,0.3808597305513217,0.19724309941253892,0.4864108947015603,39.83167875085383,39.85082160570113,39.61217267315499,39.99303240370631,39.75937342942137
P_0014_0050,14,50,-15.6465,12.5415,20.05248574366779,20,0.783,1.0,165.4949961934417,169.68290265585216,39.603907642890874,39.39973074688328,39.80127101149964,39.59745180890403,0.13011014371795007,0.40154026461635794,0.2038192025956036,0.5128228156019897,39.57952896475217,39.64588604698872,39.39973074688328,39.80127101149964,39.56084227439635
P_0014_0051,14,51,-15.6465,13.3245,20.551283719028355,25,0.783,1.0,160.5406466786186,165.53329573861726,39.353823077449846,39.10583225734922,39.5917702778529,39.352157250855996,0.15381932276797583,0.4859380205036814,0.24632499350677506,0.6206104987275625,39.35659610339644,39.36302078619542,39.10583225734922,39.5917702778529,39.34356682948601
P_0014_0052,14,52,-15.6465,14.107500000000002,21.06738043753898,20,0.783,1.0,155.08227723543015,159.80385146551123,39.078386755073346,38.845522708077965,39.30261855829957,39.08343841803194,0.1469931151479767,0.4570958502216058,0.23791570995397393,0.5837750322115016,39.11290623882565,39.11318010859264,38.845522708077965,39.30261855829957,39.04296447636386
P_0014_0053,14,53,-15.6465,14.890500000000003,21.599535932514847,20,0.783,1.0,149.73176820917882,154.7406763674216,38.80846228702136,38.55998315650379,39.04716862333288,38.79988983053848,0.15584235857533338,0.48718546682908936,0.2472787927943969,0.6222036613398332,38.77571005628522,38.83996604290371,38.55998315650379,39.04716862333288,38.77662127366682
P_0014_0054,14,54,-15.6465,15.673500000000004,22.146592616021096,25,0.783,1.0,143.07360461895934,149.20007964001417,38.47263271474636,38.16230075586361,38.767689159157214,38.47035982072972,0.19163550844698793,0.6053884032936026,0.30805906486610724,0.7731652660199266,38.47641175245417,38.46111962499896,38.16230075586361,38.767689159157214,38.48427781117465
P_0014_0055,14,55,-15.6465,16.4565,22.707473538463056,20,0.783,1.0,135.67905568049588,141.50907756325114,38.09970943366818,37.80587505240618,38.379804066687086,38.10652369919969,0.18323481708315026,0.5739290142809068,0.3006486467935119,0.7329872468466243,38.14680699930511,38.12348711679357,37.80587505240618,38.379804066687086,38.07664526080652
P_0014_0056,14,56,-15.6465,17.2395,23.281179577074695,20,0.783,1.0,128.33418433264825,134.64460256160848,37.72931865373572,37.40838863770239,38.033640820000926,37.71729904605688,0.1988288947331388,0.6252521822985386,0.31634177394404617,0.7985340770096279,37.684324032343,37.74947831795515,37.40838863770239,38.033640820000926,37.71066342228295
P_0014_0057,14,57,-15.6465,18.0225,23.866785885409872,25,0.783,1.0,119.0013820750081,127.02645348927194,37.2586858419888,36.83885908511809,37.64948782422698,37.254846376379604,0.25781411427927853,0.8106287391088927,0.4159872912615157,1.0352857459883686,37.26504299530615,37.2192678288601,36.83885908511809,37.64948782422698,37.30157414838669
P_0014_0058,14,58,-15.6465,18.805500000000002,24.463437871648377,20,0.783,1.0,108.30747871173102,116.19373215908595,36.71939066458227,36.30604720907638,37.103230714427184,36.728679072537524,0.25413573131149564,0.7971835053508016,0.4226318634611417,1.01811431079285,36.790072291267,36.73098025051655,36.30604720907638,37.103230714427184,36.7130648974005
P_0014_0059,14,59,-15.6465,19.588500000000003,25.07034691622755,20,0.783,1.0,97.16693821815302,106.17173210892618,36.15750841259059,35.674499960730884,36.59781801857639,36.13730554146535,0.2931769572019827,0.9233180578455062,0.462805580734468,1.17920569328928,36.08989792448051,36.16534424573467,35.674499960730884,36.59781801857639,36.15896755780432
P_0014_0060,14,60,-15.6465,20.371500000000005,25.68678599007669,25,0.783,1.0,81.79687841396786,94.48413679104247,35.382149391753,34.64833685565759,36.008331928818336,35.369521178400554,0.43610966155823555,1.3599950731607464,0.721184322742964,1.7369030308566364,35.40228774487986,35.29316118269554,34.64833685565759,36.008331928818336,35.49548817995145
P_0014_0061,14,61,-15.6465,21.1545,26.31208529364406,20,0.783,1.0,61.059337161676716,76.19457908459206,34.33567381637438,33.35020955941303,35.085639639702265,34.28196292725655,0.5536150642964125,1.735430080289234,0.9317533678435197,2.216385798581397,34.23426766523255,34.35161596289265,33.35020955941303,35.085639639702265,34.38808180904226
P_0014_0062,14,62,-15.6465,21.9375,26.94562800344427,13,0.783,1.0,38.07544572255506,55.68291116365025,33.17155690651074,32.25305728324412,34.05044921748072,32.800238361957284,0.6606631175897386,1.7973919342366003,1.2502108555234344,2.2955197116687103,32.25305728324412,32.65753393381169,32.25305728324412,34.05044921748072,32.78709409200576
P_0015_0006,15,6,-14.8635,-21.9105,26.476284529744728,16,0.783,1.0,43.50959793624565,58.25768632624257,33.50530860581276,32.5378865940861,34.23850409158268,33.425228942577554,0.5580461085982463,1.7006174974965802,0.8873423484914511,2.1719252841591064,33.269372523440495,34.23850409158268,33.70983851433533,33.37054298944315,32.5378865940861
P_0015_0007,15,7,-14.8635,-21.127499999999998,25.832051573578124,16,0.783,1.0,64.81549682780519,75.27382823128829,34.578098346910735,33.99259396728718,35.094482715077504,34.57854969824673,0.3571002742855154,1.1018887477903263,0.5859557309595544,1.407265322848437,34.630084765615095,35.094482715077504,34.70014402955519,34.47544301369868,33.99259396728718
P_0015_0008,15,8,-14.8635,-20.3445,25.19568043336,20,0.783,1.0,81.99503819906262,91.89932389830366,35.44185107127463,34.90367123379218,35.9297648289712,35.42407939331814,0.3419695971875095,1.0260935951790202,0.5204081595259566,1.3104643616590297,35.395540781517184,35.9297648289712,35.613673436217084,35.27774668609305,34.90367123379218
P_0015_0009,15,9,-14.8635,-19.5615,24.567782042748586,16,0.783,1.0,95.88688276518957,102.98246471211152,36.139504774781756,35.771080195333184,36.48599615039694,36.112991675649354,0.2341344697186809,0.7149159550637592,0.3730044747475887,0.9130471967608673,36.02430329152605,36.48599615039694,36.20711435447248,36.076464386518126,35.771080195333184
P_0015_0010,15,10,-14.8635,-18.7785,23.949022829752366,16,0.783,1.0,106.37812488575341,112.70480559081804,36.66585611487095,36.34206579197184,36.973521659872574,36.667543360953665,0.2028436647196398,0.6314558679007334,0.32547756898182456,0.8064570471273734,36.68759129775725,36.973521659872574,36.72096876676875,36.61356928839791,36.34206579197184
P_0015_0011,15,11,-14.8635,-17.9955,23.34012965902289,20,0.783,1.0,116.70388714079533,123.40955868803287,37.18221938809462,36.83899519308778,37.5067295889894,37.17137744287781,0.2199655437351546,0.6677343959016184,0.3353521461115889,0.8527897776521308,37.147170706878455,37.5067295889894,37.27732086607074,37.0866708593627,36.83899519308778
P_0015_0012,15,12,-14.8635,-17.2125,22.74189500679308,16,0.783,1.0,125.88408121761296,131.05041374424204,37.63304545324807,37.37768324903573,37.87758870131552,37.61428934560136,0.16236052801256082,0.49990545227979055,0.2632993557141603,0.6384488534863225,37.5506238139115,37.87758870131552,37.66243130117687,37.60311966256717,37.37768324903573
P_0015_0013,15,13,-14.8635,-16.429499999999997,22.155182294442984,16,0.783,1.0,133.2179975060693,138.01305171250272,37.99304357475842,37.75561149309107,38.21853067617218,37.99442828956877,0.1476356274470958,0.46291918308111235,0.23881679647770682,0.5912122389286236,38.00680593719301,38.21853067617218,38.02361554029676,37.96757780109084,37.75561149309107
P_0015_0014,15,14,-14.8635,-15.6465,21.580931270452627,20,0.783,1.0,140.6958418731482,145.90320065272454,38.363620635672966,38.10849062072123,38.6123696857926,38.354406084455526,0.16423662019187568,0.5038790650713736,0.2579636013370745,0.6435237101805538,38.32993740624141,38.6123696857926,38.42050312714758,38.3007295823748,38.10849062072123
P_0015_0015,15,15,-14.8635,-14.8635,21.020163284332497,16,0.783,1.0,147.50731211391295,151.64884437029912,38.70051941138367,38.49850358068005,38.888117497283645,38.685249078052934,0.1260451471386374,0.3896139166035937,0.20286841923071108,0.49759120894456405,38.636314541066895,38.888117497283645,38.71705828332813,38.68625148790596,38.49850358068005
P_0015_0016,15,16,-14.8635,-14.080499999999999,20.473986238639508,16,0.783,1.0,153.04128769852917,156.9483949144511,38.97340292450747,38.78691264851153,39.15207112975111,38.973760719182295,0.11607212844742783,0.3651584812395754,0.18684807067076292,0.4663582135882189,38.985668789282784,39.15207112975111,38.98803497870534,38.95611604966069,38.78691264851153
P_0015_0017,15,17,-14.8635,-13.2975,19.943598935498077,20,0.783,1.0,158.74697761488227,163.00828523865937,39.253359450739346,39.055413695052266,39.45820456595317,39.24770459269307,0.12990345811015053,0.40279087090090115,0.21049997326009873,0.5144200139219682,39.22423028276825,39.45820456595317,39.28585910108404,39.214815318607634,39.055413695052266
P_0015_0018,15,18,-14.8635,-12.5145,19.43029445222074,16,0.783,1.0,163.98147327330136,167.4449269140892,39.51322849629388,39.34397055927968,39.6789084899176,39.50132492315453,0.10819242693764371,0.33493793063792054,0.17758356676307585,0.42776236352224845,39.457264608258015,39.6789084899176,39.5114495408601,39.51503141745724,39.34397055927968
P_0015_0019,15,19,-14.8635,-11.731499999999999,18.935462088367423,16,0.783,1.0,168.25068315919705,171.54525732529984,39.72184600588109,39.56506477538187,39.86104692058677,39.717666364948045,0.09386876881655853,0.29598214520490274,0.1526015895661743,0.37801040256053986,39.728102797079146,39.86104692058677,39.72419456839128,39.709922763301165,39.56506477538187
P_0015_0020,15,20,-14.8635,-10.9485,18.460587328143163,20,0.783,1.0,172.65600387309,176.23134104218536,39.935669405558876,39.77364963948861,40.1004031585004,39.93354679560853,0.10478391473068095,0.3267535190117883,0.16685636289187045,0.41730973053868237,39.9226057768492,40.1004031585004,39.96163908330749,39.90943631989694,39.77364963948861
P_0015_0021,15,21,-14.8635,-10.165499999999998,18.007249165266746,16,0.783,1.0,176.6902866405507,179.65117993433097,40.13332791288485,40.00625480615582,40.26994759179365,40.13540928593221,0.083707557154255,0.2636927856378293,0.13453830586144022,0.3367723954506121,40.12211367683233,40.26994759179365,40.134607612058346,40.14412274282091,40.00625480615582
P_0015_0022,15,22,-14.8635,-9.3825,17.577114054929496,20,0.783,1.0,180.35012005433174,183.5398324060479,40.31070066090417,40.153331342169736,40.46255598180244,40.30352428078652,0.09831920542430385,0.30922463963270275,0.15903170101591968,0.3949229114083049,40.28312607931792,40.46255598180244,40.30845750784732,40.31015049279517,40.153331342169736
P_0015_0023,15,23,-14.8635,-8.599499999999999,17.17192570738646,16,0.783,1.0,183.68177720121218,186.35746113319985,40.47757007791074,40.345135196405295,40.6019722709845,40.468158166890554,0.08368000795078896,0.25683707457920235,0.13381410409394334,0.3280166980577297,40.43770190208989,40.6019722709845,40.45737629369074,40.49860517128235,40.345135196405295
P_0015_0024,15,24,-14.8635,-7.816499999999998,16.79348994402295,16,0.783,1.0,186.36531288944803,188.92616185287227,40.60906224652861,40.49083077988149,40.69833957761108,40.60228702148565,0.06688584745042082,0.20436802670798215,0.11145624160415935,0.26100641980585204,40.6040444594438,40.695198806589474,40.58649893901679,40.63486212249671,40.49083077988149
P_0015_0025,15,25,-14.8635,-7.0335,16.443653927883545,20,0.783,1.0,189.0854427409475,191.8009112358781,40.73811980815909,40.616848349078,40.84745709087196,40.72865912521314,0.07302246757664438,0.23060874179396507,0.11879796565882117,0.2945194658926757,40.72326934081957,40.84745709087196,40.730730259133736,40.72499058616245,40.616848349078
P_0015_0026,15,26,-14.8635,-6.250499999999999,16.124279286219274,16,0.783,1.0,191.51773150617518,193.84126155047213,40.85536999623863,40.757353393627454,40.94786785214888,40.848475799360756,0.062249774037832314,0.19051445852142734,0.0993920527881258,0.2433134847016952,40.83065441957604,40.94786785214888,40.832881596037055,40.87362173541436,40.757353393627454
P_0015_0027,15,27,-14.8635,-5.467499999999998,15.837208987065871,16,0.783,1.0,193.43219525297346,195.6580871989291,40.94664701966727,40.856628159611546,41.03713166598283,40.94748283454502,0.05903329651228256,0.18050350637128076,0.09085467493347466,0.23052810519959227,40.9487898763669,41.03713166598283,40.92364723936311,40.97121723140072,40.856628159611546
P_0015_0028,15,28,-14.8635,-4.6845,15.58422832545776,20,0.783,1.0,195.31569792927704,197.6230672381236,41.04048092500121,40.94459490398572,41.13345261355312,41.0376227330034,0.06090604715566844,0.1888577095674009,0.09582988054971509,0.24119758565440724,41.030793861881534,41.13345261355312,41.02153298279899,41.05773930279764,40.94459490398572
P_0015_0029,15,29,-14.8635,-3.9014999999999986,15.36702100278385,16,0.783,1.0,196.93536690203194,198.95569262382676,41.111832343031026,41.03907253573993,41.198578220284446,41.108679615792326,0.0580401030868336,0.15950568454451286,0.08989860449212017,0.20371096365838168,41.06735301581767,41.198578220284446,41.08767543024271,41.15071887687685,41.03907253573993
P_0015_0030,15,30,-14.8635,-3.1184999999999974,15.187121995295882,16,0.783,1.0,198.145244583912,200.07951017029123,41.15724244810043,41.088279511105895,41.24249034719418,41.1550545372119,0.05799259899554824,0.14722542934578087,0.08743580998227429,0.18802736825770225,41.133928807914685,41.24249034719418,41.101156703951176,41.20243190915107,41.0952649178484
P_0015_0031,15,31,-14.8635,-2.3354999999999997,15.045869615944437,20,0.783,1.0,199.2522184773266,201.19495622485573,41.181138098019424,41.11338267624859,41.25455887973629,41.18999786252474,0.053473180016113585,0.14117620348769577,0.07661518627615038,0.18030166473524364,41.1813276729788,41.24490760903063,41.155812474629386,41.25455887973629,41.11338267624859
P_0015_0032,15,32,-14.8635,-1.5524999999999984,14.944359755439509,16,0.783,1.0,200.10820520098335,201.8584200939137,41.193973270789954,41.11333610640333,41.276625500704085,41.1894183829632,0.06457424221264367,0.1632893943007545,0.0872071177408884,0.2085432877404272,41.16691039696536,41.276625500704085,41.136440661150345,41.25377924959287,41.11333610640333
P_0015_0033,15,33,-14.8635,-0.7695000000000007,14.883405608260496,16,0.783,1.0,200.64796924594907,202.3199634861165,41.215794528336545,41.14286967205504,41.286483227369615,41.21117012156818,0.06238564166531229,0.14313994461548418,0.07483949510234567,0.18280963552424545,41.19397123413063,41.286009616670526,41.15001199034805,41.28298809463666,41.14286967205504
P_0015_0034,15,34,-14.8635,0.013500000000000512,14.863506130788926,20,0.783,1.0,201.00784573695614,202.61404303529608,41.22534399941947,41.15390911249989,41.29441634873263,41.21988009892205,0.06104791362453419,0.1396447278094115,0.07367374138725324,0.17834575710014242,41.20265523822923,41.2935538403093,41.15940229643343,41.28988000713838,41.15390911249989
P_0015_0035,15,35,-14.8635,0.7965000000000018,14.884825981515538,16,0.783,1.0,201.12078690316835,202.6437379700179,41.18759885659084,41.09782626547093,41.29431569390295,41.19780530350162,0.0661997143329642,0.19648942843202377,0.09997903803068908,0.25094435304217594,41.205384293177474,41.23135953325607,41.09782626547093,41.29431569390295,41.160140731700665
P_0015_0036,15,36,-14.8635,1.5794999999999995,14.947188782510242,16,0.783,1.0,201.0013052201753,202.59391422736596,41.1619285392299,41.09702804293693,41.2501947852445,41.16203023691329,0.04234857447748292,0.1223127589353723,0.0666113094766061,0.1562104200962609,41.16981958206452,41.177091561641305,41.128269707016216,41.228641546389895,41.10632878745452
P_0015_0037,15,37,-14.8635,2.3625000000000007,15.05008433531188,20,0.783,1.0,200.61813615373788,202.35073272028063,41.086398699972634,40.96572288759768,41.17674464964336,41.07795036511882,0.050798321383476994,0.14063974912176036,0.09494683940167903,0.17961653783111156,41.08720933842528,41.04969253044436,41.032257455398735,41.172897204520496,41.047695296805216
P_0015_0038,15,38,-14.8635,3.145500000000002,15.192689113517725,16,0.783,1.0,199.9839799175425,201.760639618182,40.967531482094834,40.85676881016576,41.10558831555306,40.930588355961675,0.06370003111711091,0.18565935990972093,0.11183981411380728,0.2371128479051353,40.95034916227877,40.85676881016576,40.89005340582537,41.04242817007548,40.91334223146299
P_0015_0039,15,39,-14.8635,3.9284999999999997,15.373898155640292,16,0.783,1.0,199.19438459763515,201.05710443369017,40.76486067403212,40.58019475938727,40.882459366765545,40.74856919522783,0.10997793061868565,0.30226460737827665,0.1683744358405619,0.3860339813260238,40.7433232824157,40.58019475938727,40.68663442330626,40.85023414426439,40.882459366765545
P_0015_0040,15,40,-14.8635,4.711500000000001,15.592365583836214,20,0.783,1.0,198.0475332820995,200.1447614099597,40.48787511413404,40.12673370753538,40.82974439830929,40.45007171823979,0.17209983727317804,0.5058422551350645,0.2816885753117262,0.6460309771839904,40.45633451209869,40.168383142928064,40.383120492611965,40.56829504549711,40.67422539806313
P_0015_0041,15,41,-14.8635,5.494500000000002,15.846550492141816,16,0.783,1.0,196.63684826301522,198.7051343232311,40.11117679814519,39.60609569912765,40.528661753241295,40.06089889372748,0.2972260337652699,0.9225660541136449,0.4677628595138117,1.178245279838627,40.03815187394747,39.60609569912765,39.97774935985518,40.15383578246582,40.528661753241295
P_0015_0042,15,42,-14.8635,6.277500000000003,16.13476490377223,20,0.783,1.0,194.93462774765246,197.3085910367468,39.4552766383388,38.72461603449853,40.19474942185133,39.558831342518374,0.45156697849476535,1.3948137134685297,0.7588956341355768,1.7813712815690033,39.47427360421301,38.7999357083828,39.7352757843783,39.58992219376643,40.19474942185133
P_0015_0043,15,43,-14.8635,7.060500000000005,16.455220828053328,16,0.783,1.0,192.95337690635057,195.2478441870742,38.467938696532705,37.59519513714957,39.28288469858183,38.385734819708546,0.6447507248820031,1.687689561432265,0.8971498788732859,2.1554145101306066,38.68821665232292,37.69461240415785,37.59519513714957,39.28288469858183,38.66776520633056
P_0015_0044,15,44,-14.8635,7.843499999999999,16.806074035895474,16,0.783,1.0,190.93588357590102,193.33912665358548,37.15747327481796,36.07577000662826,38.400335925635375,37.07270149954886,0.8877601992197417,2.3245659190071137,1.3276344260865116,2.968794277148293,36.11629627072131,37.19366382206721,36.07577000662826,38.400335925635375,37.57744147269216
P_0015_0045,15,45,-14.8635,8.6265,17.18546288291357,20,0.783,1.0,188.3659342364378,191.1907082958857,38.59593165345103,37.09829131109086,40.69109354732126,38.757484360337344,1.1327768572947312,3.41634719263282,1.8345108735283588,4.363150948445491,39.224232514562345,38.5870379000749,40.5919952338657,37.17564804123288,38.20850811195089
P_0015_0046,15,46,-14.8635,9.409500000000001,17.591541220143277,16,0.783,1.0,185.48245090406147,188.15390647369185,40.582179114691044,40.45469486405853,40.70668723665108,40.58009590672159,0.08101419066461084,0.2519923725925466,0.1265913299294894,0.32182933919865464,40.575596742031735,40.60455376966195,40.45469486405853,40.70668723665108,40.558946921204665
P_0015_0047,15,47,-14.8635,10.192500000000003,18.022505056179067,16,0.783,1.0,182.62677500341493,185.4300624114554,40.43768590906595,40.30336137548727,40.56881634584346,40.428228753408234,0.08648061303399121,0.26545497035618837,0.14058759243522445,0.339022950646473,40.39438761019329,40.456372481833455,40.30336137548727,40.56881634584346,40.418205953683696
P_0015_0048,15,48,-14.8635,10.975500000000004,18.476613123080757,20,0.783,1.0,179.0653098931735,182.43050588128253,40.25761993109982,40.09323657412364,40.4171079650456,40.2515171327564,0.10290421422480196,0.3238713909219655,0.16559083228920457,0.4136288517521909,40.23320726467466,40.25078873846354,40.09323657412364,40.4171079650456,40.26324512147454
P_0015_0049,15,49,-14.8635,11.758499999999998,18.952201837781278,16,0.783,1.0,175.1328068364998,178.2697751168629,40.058920590035676,39.90720200347226,40.20682272741408,40.05758376897497,0.0949775000254795,0.29962072394182115,0.15038176550271487,0.3826573741274855,40.056673387042565,40.06894837237115,39.90720200347226,40.20682272741408,40.048272354574806
P_0015_0050,15,50,-14.8635,12.5415,19.447695351891955,16,0.783,1.0,171.28387931257677,174.58972706762486,39.86454550672868,39.70397721307194,40.02094097069721,39.85325952813199,0.10233154278199855,0.31696375762527396,0.16768144256521822,0.40480684243330006,39.81281331029885,39.87050857878978,39.70397721307194,40.02094097069721,39.85805756780218
P_0015_0051,15,51,-14.8635,13.3245,19.961611470520108,20,0.783,1.0,166.52220131137696,170.57336775416772,39.624177985781635,39.42361580669757,39.8181593975209,39.61737116454098,0.12628763501018914,0.3945435908233321,0.20078823297992443,0.5038870891741151,39.59762349133519,39.59712990812,39.42361580669757,39.8181593975209,39.650327219031226
P_0015_0052,15,52,-14.8635,14.107500000000002,20.49256422461572,16,0.783,1.0,161.28932905224315,165.03883038242532,39.36011576415661,39.17613878237523,39.53883748562299,39.35957114605446,0.11473770473624485,0.36269870324775866,0.18343236367923055,0.46321673467146696,39.362886469682,39.35622166669401,39.17613878237523,39.53883748562299,39.363771325898085
P_0015_0053,15,53,-14.8635,14.890500000000003,21.03926382980165,16,0.783,1.0,156.17563582959963,160.159562200246,39.10213799665944,38.90569194393345,39.29266396045824,39.08831693399925,0.12495675575206538,0.38697201652479407,0.20434702645898994,0.4942171347698519,39.03901510120539,39.09343600410602,38.90569194393345,39.29266396045824,39.11077766029314
P_0015_0054,15,54,-14.8635,15.673500000000004,21.60051468136813,20,0.783,1.0,149.8369832460542,154.8342008446442,38.782429278151724,38.53104064280677,39.02404263040757,38.77443411597583,0.15971050503735912,0.49300198760079894,0.24960851443174192,0.6296321680725401,38.752568588623774,38.73033699536802,38.53104064280677,39.02404263040757,38.83418172267301
P_0015_0055,15,55,-14.8635,16.4565,22.17521193810783,16,0.783,1.0,142.83195653619458,147.46940485688825,38.42916228776518,38.19755134581556,38.65261656298912,38.42948460309409,0.1446122555421535,0.45506521717355497,0.2319332572785271,0.5811816311284227,38.43838851560497,38.4081808840956,38.19755134581556,38.65261656298912,38.4506857069652
P_0015_0056,15,56,-14.8635,17.2395,22.76233714933508,16,0.783,1.0,135.91832260971086,140.9270492506002,38.0805363251194,37.828656319142965,38.322708849357525,38.06271632557749,0.160321151390075,0.4940525302145602,0.2599925237800349,0.6309738572344319,38.000171475468,38.05316509481685,37.828656319142965,38.322708849357525,38.10887988910213
P_0015_0057,15,57,-14.8635,18.0225,23.360953287483795,20,0.783,1.0,127.21094619011251,133.7064765563637,37.64147448693126,37.306846969590936,37.958622382269766,37.631109124686226,0.2139202382142922,0.6517754126788304,0.32751325758354,0.8324079344557221,37.6060542332861,37.553883236123,37.306846969590936,37.958622382269766,37.73013880216132
P_0015_0058,15,58,-14.8635,18.805500000000002,23.97019946725517,16,0.783,1.0,117.35800159228987,123.52707641161471,37.144637613280565,36.82781080349082,37.44534583267574,37.14586637148223,0.19776834295267298,0.6175350291849213,0.3180555679914079,0.7886781981927475,37.16407531209569,37.09923829769088,36.82781080349082,37.44534583267574,37.192861611458
P_0015_0059,15,59,-14.8635,19.588500000000003,24.589285563025214,16,0.783,1.0,107.28704183369874,114.22501789488092,36.63676601695336,36.27532351110227,36.97628355876145,36.610719127591175,0.2289544087519948,0.70096004765918,0.36556443117027726,0.8952235602288378,36.52388904039094,36.58061895180282,36.27532351110227,36.97628355876145,36.6974805758984
P_0015_0060,15,60,-14.8635,20.371500000000005,25.217486879147973,20,0.783,1.0,93.86801492479114,103.56215944304584,35.95994759260681,35.431101563875075,36.43854625194064,35.9421817803656,0.334582730293987,1.0074446880655685,0.5110802164905266,1.2866471111948512,35.91365020580491,35.805063314854806,35.431101563875075,36.43854625194064,36.12254756535259
P_0015_0061,15,61,-14.8635,21.1545,25.85413898198894,16,0.783,1.0,77.16129121075295,87.46201672849624,35.11709809758423,34.53865904362635,35.62644155894242,35.0733388479404,0.35649912332600464,1.0877825153160643,0.553102711002019,1.389249700275944,34.948013652356224,35.02135620210254,34.53865904362635,35.62644155894242,35.23222378267445
P_0015_0062,15,62,-14.8635,21.9375,26.49863276661647,20,0.783,1.0,52.140043768018096,70.86615718542319,33.85418783264997,32.34445407736416,34.789080644217904,33.756502101658,0.8195780090056662,2.444626566853742,1.4120480242938385,3.1221284378719565,33.829439275331254,33.55895374949222,32.34445407736416,34.789080644217904,34.26058276188445
P_0016_0005,16,5,-14.080499999999999,-22.6935,26.706842241268436,17,0.783,1.0,31.31868690340775,50.5402743519417,32.86344676635455,31.50893611716907,33.82410273872972,32.82078556089364,0.686427434636635,1.8444599423064574,1.003317177836081,2.3556321102253603,32.92132804567029,33.82410273872972,33.235837090692485,32.14301713295242,31.979642796423263
P_0016_0006,16,6,-14.080499999999999,-21.9105,26.044778565002236,16,0.783,1.0,58.446313606508085,69.81674510384303,34.231801143278986,33.578357648907115,34.7943293339477,34.21277899717279,0.3963177956331405,1.2159716850405857,0.6344213482656755,1.5529651149943624,34.20233472157139,34.7943293339477,34.39026914508037,34.09860413635738,33.578357648907115
P_0016_0007,16,7,-14.080499999999999,-21.127499999999998,25.38959898265429,16,0.783,1.0,75.69322297039758,84.64259726135342,35.099447585917574,34.61653267801836,35.53962345806593,35.12486812207062,0.30748720455523537,0.9230907800475734,0.508335444052264,1.1789154279023926,35.25872209032076,35.53962345806593,35.21332934040629,34.99613304354176,34.61653267801836
P_0016_0008,16,8,-14.080499999999999,-20.3445,24.74185038553099,20,0.783,1.0,90.90216426373702,99.77727746853404,35.86362617962031,35.39121200930924,36.299584019146096,35.86844766002584,0.3061085914428078,0.9083720098368531,0.4772356507166009,1.1601175093701828,35.920022440122125,36.299584019146096,36.027272556686455,35.704147274865306,35.39121200930924
P_0016_0009,16,9,-14.080499999999999,-19.5615,24.10213190777944,16,0.783,1.0,103.63310437270289,110.09694814689826,36.50263112550395,36.17093882555696,36.81724988302926,36.49604089761757,0.20909245749445304,0.6463110574723032,0.32510207206060926,0.8254291921740782,36.48379925226476,36.81724988302926,36.57285303312386,36.435363494113005,36.17093882555696
P_0016_0010,16,10,-14.080499999999999,-18.7785,23.471100155297364,16,0.783,1.0,113.42988072646287,119.2587290192197,36.99390480028927,36.69827851637751,37.2764644529467,37.01137809616714,0.19085349686844724,0.5781859365691844,0.313099579789629,0.738423929207132,37.092511243786646,37.2764644529467,37.052663231207646,36.9369730365172,36.69827851637751
P_0016_0011,16,11,-14.080499999999999,-17.9955,22.849474840792293,20,0.783,1.0,123.18296324804012,129.43820335237072,37.48232919485798,37.16419782027111,37.78626195637679,37.48709857055527,0.20701148843579026,0.6220641361056778,0.32290075028415544,0.7944624982192564,37.52140187413147,37.78626195637679,37.57998030850791,37.38365089348906,37.16419782027111
P_0016_0012,16,12,-14.080499999999999,-17.2125,22.23804479939727,16,0.783,1.0,131.92337898003535,136.75197569232884,37.91319418558007,37.67518643687231,38.13938533415825,37.90942293860337,0.14821925636107072,0.46419889728593944,0.23423650173106125,0.5928466121148651,37.90644508318837,38.13938533415825,37.9451435807328,37.88095425806512,37.67518643687231
P_0016_0013,16,13,-14.080499999999999,-16.429499999999997,21.63767433205334,16,0.783,1.0,138.9470048117935,143.44563988549152,38.24732206990245,38.02531300265571,38.45445236309911,38.26060966587263,0.14095396526297999,0.4291393604434006,0.23529666321692133,0.5480707029928488,38.32394217747918,38.45445236309911,38.282459478308,38.216881307821154,38.02531300265571
P_0016_0014,16,14,-14.080499999999999,-15.6465,21.049309786783983,20,0.783,1.0,146.13987537662214,151.05990022803672,38.60122630770364,38.36385511875704,38.83408178853307,38.60464015945765,0.15465419313127246,0.4702266697760322,0.24078504070061513,0.6005449166999134,38.62971437175645,38.83408178853307,38.66198424721051,38.53356527103119,38.36385511875704
P_0016_0015,16,15,-14.080499999999999,-14.8635,20.473986238639508,16,0.783,1.0,152.71452981377902,156.62163702970096,38.92561168901885,38.73515731619011,39.09521528343396,38.92045520591106,0.1146720746699996,0.3600579672438471,0.18529788972094963,0.4598441471824356,38.92056032968748,39.09521528343396,38.94589034546067,38.90545275478309,38.73515731619011
P_0016_0016,16,16,-14.080499999999999,-14.080499999999999,19.912834064994364,16,0.783,1.0,158.0711415567359,161.76290286875272,39.18763462720495,39.01333374085476,39.35088652846224,39.19389975082025,0.10985106782014055,0.3375527876074784,0.18056600996548866,0.43110189988183706,39.236506538834135,39.35088652846224,39.20774181672152,39.16103012922861,39.01333374085476
P_0016_0017,16,17,-14.080499999999999,-13.2975,19.36708513173833,20,0.783,1.0,163.60654312741593,167.65391644722496,39.45858843313263,39.27447477436357,39.65030722580411,39.465491494073696,0.12316969384971123,0.37583245144054445,0.19101671971012735,0.47999035943875407,39.47930299819967,39.65030722580411,39.51163574994746,39.41173672205366,39.27447477436357
P_0016_0018,16,18,-14.080499999999999,-12.5145,18.83807820612283,16,0.783,1.0,168.69453585071471,171.9744549899681,39.70735964679557,39.54687350218688,39.86493749331078,39.70745824451071,0.10060233996600612,0.3180639911238998,0.16058474232383446,0.40621199377254125,39.71055697478556,39.86493749331078,39.70938238264591,39.70554086962443,39.54687350218688
P_0016_0019,16,19,-14.080499999999999,-11.731499999999999,18.327263093544545,16,0.783,1.0,172.8510233298323,175.9727516174636,39.91385875744501,39.76144663561274,40.03141934129104,39.91763571104205,0.08931728719380425,0.269972705678299,0.15618907542931026,0.3447927275584917,39.96770441897832,40.03141934129104,39.9115782259222,39.91602993340598,39.76144663561274
P_0016_0020,16,20,-14.080499999999999,-10.9485,17.83620286103519,20,0.783,1.0,177.14594149420736,180.54806349884868,40.12099169798074,39.96650996296359,40.2578694427321,40.121653457374826,0.0963622905237543,0.2913594797685093,0.15514349441123443,0.37210661528545247,40.15587670933547,40.2578694427321,40.14947349958754,40.07853767225544,39.96650996296359
P_0016_0021,16,21,-14.080499999999999,-10.165499999999998,17.36657336667196,16,0.783,1.0,181.08384793614619,183.890807651972,40.31216028311413,40.19292762106864,40.43348800834161,40.31861145589577,0.07671803900297194,0.24056038727297135,0.12568383482712875,0.30722910251975905,40.337915266159314,40.43348800834161,40.31800368092553,40.31072270298375,40.19292762106864
P_0016_0022,16,22,-14.080499999999999,-9.3825,16.920159174783194,20,0.783,1.0,184.66028223605744,187.6954940883172,40.48349151844626,40.3579720239735,40.62157505889167,40.493236485612954,0.08435288096964232,0.2636030349181695,0.13526446163945138,0.3366577712875728,40.50439566318772,40.62157505889167,40.50950857468496,40.47273110732692,40.3579720239735
P_0016_0023,16,23,-14.080499999999999,-8.599499999999999,16.498844823198986,16,0.783,1.0,187.91902606080203,190.4546933270439,40.64090606802458,40.5453568674489,40.75783909769882,40.64445558983499,0.0688866658278993,0.2124822302499183,0.11338350786382989,0.27136938729236054,40.64762715562654,40.75783909769882,40.61465532269318,40.65679950570751,40.5453568674489
P_0016_0024,16,24,-14.080499999999999,-7.816499999999998,16.104600352073316,16,0.783,1.0,190.5460213304837,192.9718877653567,40.77045737432108,40.6472991913343,40.88202566654962,40.77597035360052,0.07709904668701414,0.23472647521532508,0.12867116226622244,0.2997783846939018,40.80927746105169,40.88202566654962,40.7512494478961,40.79000000117088,40.6472991913343
P_0016_0025,16,25,-14.080499999999999,-7.0335,15.739460044741051,20,0.783,1.0,193.21084136921303,195.79102919767416,40.902496509123715,40.78090110218801,41.02092728239478,40.906106410543785,0.07674137700222511,0.2400261802067689,0.12520530835577404,0.3065468457302285,40.92525391502028,41.02092728239478,40.892212509342414,40.91123724377343,40.78090110218801
P_0016_0026,16,26,-14.080499999999999,-6.250499999999999,15.405493516924407,16,0.783,1.0,195.59534895908544,197.7932845278326,41.01989539808939,40.91824585539638,41.11942720037098,41.02123696210348,0.06604847128332968,0.20118134497460005,0.10299110670710121,0.25693658362017885,41.029798269466255,41.11942720037098,40.99212491008939,41.04658857519439,40.91824585539638
P_0016_0027,16,27,-14.080499999999999,-5.467499999999998,15.104768667543372,16,0.783,1.0,197.47347286383842,199.5772397398699,41.11297587002383,41.01536059854448,41.20191993186705,41.1142676260901,0.058458230835388064,0.1566648011412255,0.09890702754561431,0.20008276007819348,41.144909008863976,41.17202539968571,41.08095887740461,41.15808424595173,41.01536059854448
P_0016_0028,16,28,-14.080499999999999,-4.6845,14.839306604420571,20,0.783,1.0,199.32245238546722,201.5079619360798,41.19411735295638,41.10146920298695,41.26641095121181,41.19236166802432,0.054851787788247945,0.1649417482248623,0.09089246503737058,0.21065357372268492,41.22488340348417,41.26641095121181,41.17683198233186,41.1922128001068,41.10146920298695
P_0016_0029,16,29,-14.080499999999999,-3.9014999999999986,14.61102948118304,16,0.783,1.0,200.9135478267429,202.8183112931942,41.2739016702599,41.19402001466432,41.34109046236085,41.26872890909857,0.04684320088816198,0.13625656181210388,0.07470889443425222,0.17401859746117992,41.29434272912431,41.33027657647642,41.24166644492573,41.28333878030208,41.19402001466432
P_0016_0030,16,30,-14.080499999999999,-3.1184999999999974,14.421703176116194,16,0.783,1.0,202.10302349089997,203.9241771582969,41.323814375211526,41.25625173675718,41.368433527921695,41.32417642727395,0.04530659906527452,0.11171248151134705,0.06792469051676875,0.14267239018051986,41.36666839225552,41.367964218268526,41.28534856511675,41.34464922397177,41.25625173675718
P_0016_0031,16,31,-14.080499999999999,-2.3354999999999997,14.272877793213251,20,0.783,1.0,203.19239677669538,205.02301232466277,41.3264366514477,41.24587225683223,41.40076635110336,41.31952679329646,0.04745144538585024,0.133940820710734,0.07365453646423248,0.1710610737046411,41.35069393759636,41.33374639105625,41.2875083034545,41.37981307754296,41.24587225683223
P_0016_0032,16,32,-14.080499999999999,-1.5524999999999984,14.16582989097356,16,0.783,1.0,204.03594524632575,205.67770207145168,41.321917440187505,41.2774619703423,41.36491548931991,41.326698345488026,0.024268813621740357,0.06856893126217756,0.03821714383188635,0.08757207057749368,41.3106606867031,41.36491548931991,41.3191119706521,41.34245702270727,41.296346558057735
P_0016_0033,16,33,-14.080499999999999,-0.7695000000000007,14.101510929684094,16,0.783,1.0,204.56912380075858,206.13439618265105,41.31711685201638,41.24916548620598,41.38632129165296,41.32115750517979,0.057412015108972966,0.13715580544698014,0.07199201897380902,0.175167056764981,41.3420828628295,41.38632129165296,41.25703752914188,41.37118035606864,41.24916548620598
P_0016_0034,16,34,-14.080499999999999,0.013500000000000512,14.080506471714715,20,0.783,1.0,204.9265390069009,206.42787083129625,41.323183944654424,41.25590731137862,41.388628614596826,41.326296141147296,0.05710719450846864,0.13117925144007359,0.07038882976867455,0.1675341653129931,41.34387543141622,41.387086562818695,41.26182753493771,41.38278386518522,41.25590731137862
P_0016_0035,16,35,-14.080499999999999,0.7965000000000018,14.103010051049385,16,0.783,1.0,205.04194145797783,206.4590179967512,41.314775148938,41.25749782703423,41.38474767831474,41.30309323714063,0.05198806372578195,0.12705434783907776,0.08145893773267687,0.16226608919422447,41.34493060249895,41.268129586568136,41.25749782703423,41.384552174873306,41.26035599472851
P_0016_0036,16,36,-14.080499999999999,1.5794999999999995,14.168814364653098,16,0.783,1.0,204.9290452655177,206.4131962049039,41.247713862759234,41.17751633674874,41.33123255028522,41.26997469450049,0.03580336486505196,0.1117797104450915,0.06125785578473142,0.1427582508877286,41.26058193094576,41.33123255028522,41.21945283984013,41.26653758897231,41.27206856245903
P_0016_0037,16,37,-14.080499999999999,2.3625000000000007,14.277320704529965,20,0.783,1.0,204.55831445310656,206.1787888200876,41.19125192659989,41.09198924206254,41.34991434863201,41.18591861504312,0.06383994969093372,0.19381962433238442,0.09989025135180185,0.24753464154838367,41.174956619449176,41.28580886639492,41.09198924206254,41.16154692472634,41.21529142258265
P_0016_0038,16,38,-14.080499999999999,3.145500000000002,14.427565647052173,16,0.783,1.0,203.9417588245305,205.6053066061877,41.02011874221667,40.89884481842569,41.23880494934025,41.00624053930831,0.061433660574787136,0.1859288852424399,0.1073957208826215,0.23745706927514673,40.99430288070721,41.016783212623125,40.89884481842569,41.03649808111737,41.08477370366813
P_0016_0039,16,39,-14.080499999999999,3.9284999999999997,14.618262294130584,16,0.783,1.0,203.17256552234608,204.9197231030576,40.82961070448357,40.621805080329125,41.12251706692814,40.81809701770859,0.17537737858925367,0.5007119865990148,0.30442004921955146,0.6394789100881415,40.71217018799223,40.74162689515083,40.621805080329125,41.12251706692814,40.89236585814263
P_0016_0040,16,40,-14.080499999999999,4.711500000000001,14.84785211739395,20,0.783,1.0,202.0542877382897,204.02965610791597,40.47116589335552,40.20919343513458,40.89412085717606,40.51902972896473,0.2403417505174914,0.6849274220414827,0.3750911282113307,0.8747476654425066,40.31511576018272,40.56673966005605,40.20919343513458,40.89412085717606,40.60997893227426
P_0016_0041,16,41,-14.080499999999999,5.494500000000002,15.114562861690708,16,0.783,1.0,200.67812587388016,202.6242868641719,39.94929230743011,39.645307425768976,40.51325942072566,39.897412739692925,0.21508831893444413,0.549427083782291,0.2973217698583426,0.7016948707308952,39.736664468207096,40.10822078804085,39.645307425768976,39.80213650689643,40.19473450955127
P_0016_0042,16,42,-14.080499999999999,6.277500000000003,15.416468029350952,20,0.783,1.0,199.017307836101,201.2606140141073,39.22231173845394,37.880969727922775,40.05404469720799,38.85844186816441,0.5618360057513133,1.7482621364923716,0.9774721402416375,2.2327741206799128,38.94035658447393,37.880969727922775,38.83645731998973,39.00519384402048,39.629231864415146
P_0016_0043,16,43,-14.080499999999999,7.060500000000005,15.751544067170052,16,0.783,1.0,197.08439253403213,199.2483492239462,37.93330565960246,36.27679211532416,39.32109044845714,37.95210198673883,0.9882979549238093,3.022195108080659,1.6532066463623494,3.859763867280535,37.820735509342,36.29889534037648,38.45385873532791,37.86592990019062,39.32109044845714
P_0016_0044,16,44,-14.080499999999999,7.843499999999999,16.117722311170397,16,0.783,0.75,146.21537546678258,197.38485256606992,36.224650192833764,34.06927702346684,38.43485631731335,36.01989226385651,1.725416142048629,4.357168571618843,2.414964053456835,5.564710819436581,34.077687745694504,34.079367971109264,37.22190567338521,36.285643611780245,38.43485631731335
P_0016_0045,16,45,-14.080499999999999,8.6265,16.512933794453364,20,0.783,0.8,153.68815534942433,193.72729550973287,38.585217770357666,35.57741902395969,40.95175350584952,38.65096400035105,2.0541775146448225,5.317157410376467,3.047168577965806,6.790750204823074,38.74003989946488,40.920952832761714,40.7860299797706,35.60379542238525,37.20400186737282
P_0016_0046,16,46,-14.080499999999999,9.409500000000001,16.93514601354237,16,0.783,1.0,189.80113680164598,192.3253444797433,40.772247973416796,40.65238258629262,40.88936258082413,40.77959053573609,0.07757142321613744,0.23697999453150942,0.12720794944347347,0.30265644256897756,40.81258868102839,40.789766237790616,40.65238258629262,40.88936258082413,40.75385259274469
P_0016_0047,16,47,-14.080499999999999,10.192500000000003,17.382391564453954,16,0.783,1.0,187.02033629901038,189.66969012909647,40.631528279900664,40.50518731785803,40.75492783137639,40.63192411741967,0.07953285578689372,0.24974051351836124,0.12673679956164108,0.3189534016837308,40.63727237834405,40.64535270634019,40.50518731785803,40.75492783137639,40.61688035317968
P_0016_0048,16,48,-14.080499999999999,10.975500000000004,17.852789151838433,20,0.783,1.0,183.5552475142909,186.74722833794576,40.45632000163533,40.30102162175535,40.60710476701144,40.46020138756783,0.09760564441889409,0.30608314525608904,0.15917976581247473,0.39091078576767435,40.481510063788846,40.44518149179288,40.30102162175535,40.60710476701144,40.46618899349062
P_0016_0049,16,49,-14.080499999999999,11.758499999999998,18.344557844221807,16,0.783,1.0,179.73314700713507,182.69726940902663,40.263186039134766,40.12048841120293,40.4024028029541,40.27194004801468,0.09134386239210444,0.2819143917511724,0.15145163681174978,0.36004392305386,40.3111181706646,40.26832391874075,40.12048841120293,40.4024028029541,40.257366936511005
P_0016_0050,16,50,-14.080499999999999,12.5415,18.856025628429762,16,0.783,1.0,175.99694188999015,179.11925514350372,40.074494026085645,39.92353680761806,40.22166459758097,40.07394343889117,0.0942892261501917,0.2981277899629049,0.15040663127310694,0.3807506896077968,40.076131553173184,40.07554929483172,39.92353680761806,40.22166459758097,40.07283494125193
P_0016_0051,16,51,-14.080499999999999,13.3245,19.38563335307877,20,0.783,1.0,171.38176682391062,175.2189989627333,39.84151369726201,39.652323791653714,40.0247365618618,39.845646439885456,0.11993019158456249,0.3724127702080864,0.19332264823174228,0.47562295045732617,39.86918051255845,39.81039971760447,39.652323791653714,40.0247365618618,39.871591615748855
P_0016_0052,16,52,-14.080499999999999,14.107500000000002,19.931935091706475,16,0.783,1.0,166.3191829104499,169.85333833672695,39.586039246658025,39.4134460762038,39.75393013988338,39.596597431724646,0.11037874169709623,0.3404840636795825,0.18315135552084882,0.43484554748350257,39.6439086855512,39.57719052220512,39.4134460762038,39.75393013988338,39.59451173477976
P_0016_0053,16,53,-14.080499999999999,14.890500000000003,20.49359584114023,16,0.783,1.0,161.38285352946573,165.13235485964785,39.337007405437326,39.15302010552728,39.51573924625609,39.33530727344865,0.11502919648959307,0.3627191407288066,0.18228716792136623,0.46324283617982964,39.33400109134232,39.32333125595864,39.15302010552728,39.51573924625609,39.3504446681589
P_0016_0054,16,54,-14.080499999999999,15.673500000000004,21.069387330912118,20,0.783,1.0,155.28101674952808,159.99090041995635,39.029245149774304,38.7934613336368,39.256394070305646,39.03371858523754,0.15114116848487122,0.46293273666884716,0.2402572516007382,0.5912295487469312,39.06087911181464,38.973581328418334,38.7934613336368,39.256394070305646,39.08427708201225
P_0016_0055,16,55,-14.080499999999999,16.4565,21.658182576107347,16,0.783,1.0,148.5609638419188,152.90199302987708,38.690356354134416,38.47475651362498,38.898886032172754,38.70341499822983,0.13833310180849878,0.4241295185477725,0.22865848460484983,0.5416724374811909,38.7625000414983,38.664387258333534,38.47475651362498,38.898886032172754,38.7165451455196
P_0016_0056,16,56,-14.080499999999999,17.2395,22.25894967198587,16,0.783,1.0,141.95762037213328,146.628611198687,38.357388558795066,38.12393663985961,38.582549886284426,38.35410128379276,0.14652247610820895,0.45861324642481804,0.23016464393315061,0.5857129583969579,38.34870647753627,38.32505865006851,38.12393663985961,38.582549886284426,38.39025476521499
P_0016_0057,16,57,-14.080499999999999,18.0225,22.870745210858345,20,0.783,1.0,133.69002229735727,139.73512122070153,37.94052318631317,37.63138935418095,38.23496967316311,37.94541386592776,0.19990723400573984,0.6035803189821536,0.31402451174680834,0.7708560906540914,37.97933764263365,37.85078352193085,37.63138935418095,38.23496967316311,38.03058913773026
P_0016_0058,16,58,-14.080499999999999,18.805500000000002,23.492707602573187,16,0.783,1.0,124.40975743299933,130.08099984001635,37.47259588141632,37.18392384438465,37.748206464087616,37.48960643664975,0.1856406776639653,0.5642826197029649,0.3056825922651001,0.7206674581136205,37.56888422698694,37.42255173263487,37.18392384438465,37.748206464087616,37.52446591515468
P_0016_0059,16,59,-14.080499999999999,19.588500000000003,24.124050499449716,16,0.783,1.0,115.03326344121209,121.33950132966768,36.99978838464642,36.67506596727611,37.30744389723043,36.99365852466106,0.20388112073688144,0.6323779299543162,0.31859255738494596,0.8076346487283731,36.98325285044661,36.93941398122792,36.67506596727611,37.30744389723043,37.063115927124215
P_0016_0060,16,60,-14.080499999999999,20.371500000000005,24.764056462946456,20,0.783,1.0,102.77514098946548,111.44011301327612,36.381596794554795,35.91849418344401,36.808257204602114,36.386417347610156,0.2986611591804947,0.8897630211581031,0.46792316416614455,1.1363512403040907,36.43797540599223,36.23133452955648,35.91849418344401,36.808257204602114,36.536025414455935
P_0016_0061,16,61,-14.080499999999999,21.1545,25.412070960470732,16,0.783,1.0,88.03901735334534,96.83078575856145,35.63828544105054,35.16240151737719,36.071446048372025,35.62696483278533,0.29488492860258203,0.9090445309948336,0.46456331540814233,1.160976412509366,35.613842149800575,35.541882670437644,35.16240151737719,36.071446048372025,35.745251777939245
P_0016_0062,16,62,-14.080499999999999,21.9375,26.067496744029718,20,0.783,1.0,68.51642026195042,82.42521596302366,34.65319344609476,33.805097740276324,35.34472980277758,34.64917934449396,0.5214589192102715,1.539632062501255,0.8440816042176351,1.9663244731816794,34.76210078866524,34.393170801310134,33.805097740276324,35.34472980277758,34.940797589440535
P_0016_0063,16,63,-14.080499999999999,22.7205,26.729788635527967,13,0.783,1.0,40.463336125052805,57.57806815637418,33.235051795137664,32.09714680317023,34.09075944223315,33.25663852814923,0.5535899045956275,1.5276599084838267,0.8341209140839183,1.9510343658797276,33.499876602189886,32.73101366659614,32.56309953374932,34.09075944223315,33.398443395977665
P_0017_0004,17,4,-13.2975,-23.4765,26.980911002039942,10,0.783,1.0,20.15328462988403,36.51529098110699,32.268393151714044,31.261153366277934,33.0849072831179,32.133991260334085,0.48116470712748527,1.317956343063031,0.9509160227838152,1.6832137203870128,31.91049691781268,33.0849072831179,31.76695094005487,31.997104242872297,31.91049691781268
P_0017_0005,17,5,-13.2975,-22.6935,26.302441873331837,25,0.783,1.0,48.18812117913587,65.42001817487359,33.68601162943927,32.516301800083056,34.54083400588888,33.64717377761362,0.6693979755660393,2.0245322058058264,1.1308719775305605,2.585609458244989,33.740143946000046,34.54083400588888,33.98754999321136,33.451039142884724,32.516301800083056
P_0017_0006,17,6,-13.2975,-21.9105,25.62993399328215,20,0.783,1.0,70.90346493793456,81.41341383532954,34.82956662606609,34.2474201020238,35.34513482736645,34.80135236564903,0.35244438329115946,1.097714725342648,0.553932263625228,1.40193451512471,34.73865443424677,35.34513482736645,34.915108216258545,34.760444248349586,34.2474201020238
P_0017_0007,17,7,-13.2975,-21.127499999999998,24.963869141220876,20,0.783,1.0,85.7547833572536,94.51215633859984,35.576150282580954,35.11053703694256,36.00315950678231,35.58830421101735,0.28770288084104273,0.8926224698397505,0.47776717407479197,1.140003154329183,35.66759632113076,36.00315950678231,35.63959919598261,35.52062899424851,35.11053703694256
P_0017_0008,17,8,-13.2975,-20.3445,24.304777030452264,25,0.783,1.0,99.49187673512273,108.3254199486877,36.26596409084332,35.80039696916134,36.6963646623085,36.26127155391727,0.2929200537124049,0.8959676931471563,0.4608745847559277,1.1442754701751676,36.27371869087796,36.6963646623085,36.384247708587566,36.15162973865097,35.80039696916134
P_0017_0009,17,9,-13.2975,-19.5615,23.653240549658303,20,0.783,1.0,111.26970550572548,117.92352498565327,36.85682329323757,36.51773517301706,37.17758635523842,36.84221623684721,0.21099972906757036,0.6598511822213595,0.3353701183912108,0.8427218163746609,36.80004000720754,37.17758635523842,36.89374208483679,36.82197756393623,36.51773517301706
P_0017_0010,17,10,-13.2975,-18.7785,23.009901531731945,20,0.783,1.0,120.46526994762432,126.53685923483422,37.31773326743697,37.011776162554725,37.60910553963532,37.326593994752315,0.1913582704525422,0.5973293770805981,0.3148178321975905,0.762872767663599,37.37555373865274,37.60910553963532,37.34682573770914,37.28970879520966,37.011776162554725
P_0017_0011,17,11,-13.2975,-17.9955,22.375467067750787,25,0.783,1.0,129.70628953848188,136.18858900732383,37.78054861932394,37.45270729979984,38.09225825032655,37.77813428735578,0.20711794893809526,0.6395509505267114,0.325426987555943,0.8167955945424156,37.78456206494354,38.09225825032655,37.8507838584776,37.71035996323138,37.45270729979984
P_0017_0012,17,12,-13.2975,-17.2125,21.750716367513046,20,0.783,1.0,138.0443526361724,143.16722822882346,38.19394311032869,37.94448659173804,38.43534682137209,38.1837729939593,0.15592911430153641,0.49086022963405185,0.2515738274127912,0.6268968449987891,38.156395532835575,38.43534682137209,38.200225608048754,38.18241041580205,37.94448659173804
P_0017_0013,17,13,-13.2975,-16.429499999999997,21.13650814349428,20,0.783,1.0,144.77920114520933,149.58167715719415,38.50594811015077,38.279724835809645,38.71410020612694,38.511987562943,0.1384757709445503,0.4343753703172979,0.23226272713335305,0.5547578164971876,38.544759093761854,38.71410020612694,38.51222466365186,38.50912901536469,38.279724835809645
P_0017_0014,17,14,-13.2975,-15.6465,20.533788459512287,25,0.783,1.0,151.70345985668598,156.90625009767092,38.837384176604594,38.59065666780168,39.08503488061535,38.83869746678981,0.15971729532286152,0.4943782128136718,0.24804079898812859,0.6313897992511772,38.83480797017154,39.08503488061535,38.89302518151504,38.78996263384545,38.59065666780168
P_0017_0015,17,15,-13.2975,-14.8635,19.943598935498077,20,0.783,1.0,158.05261710978823,162.2730799979716,39.14789491159488,38.94379433730609,39.32209764912676,39.13674736741368,0.12034167841200993,0.3783033118206731,0.19295303010759568,0.48314599210813935,39.11636875428957,39.32209764912676,39.14771870327735,39.153757393068645,38.94379433730609
P_0017_0016,17,16,-13.2975,-14.080499999999999,19.36708513173833,20,0.783,1.0,163.23894050707204,167.24546909128733,39.40017256468277,39.21305482987259,39.56881224735906,39.402835662023776,0.11459342653006807,0.3557574174864726,0.18978083215118602,0.4543517464705908,39.44518100079455,39.56881224735906,39.40157330332255,39.38555692877014,39.21305482987259
P_0017_0017,17,17,-13.2975,-13.2975,18.80550484565623,25,0.783,1.0,168.609757435315,172.95518403661384,39.66159951645077,39.46858843492368,39.86174620485707,39.66154020673398,0.12648183273180102,0.3931577699333886,0.2002059981230886,0.502117202980062,39.65071449745432,39.86174620485707,39.69904616938192,39.62760572705293,39.46858843492368
P_0017_0018,17,18,-13.2975,-12.5145,18.260235937687114,20,0.783,1.0,173.55536215434364,177.15042207470614,39.90335126629776,39.75392789564842,40.06973432041747,39.89776999548295,0.10165966120498608,0.3158064247690504,0.17196432493451397,0.4033287672657093,39.86920382933533,40.06973432041747,39.88074333625872,39.91524059575482,39.75392789564842
P_0017_0019,17,19,-13.2975,-11.731499999999999,17.732783157192216,20,0.783,1.0,177.6017738960491,181.03816843719252,40.10165135444839,39.93141242904159,40.26234978369752,40.104079065180905,0.10625781348699487,0.33093735465593,0.17266663613931144,0.42265307108037037,40.12973348040458,40.26234978369752,40.077608737291655,40.11929089546919,39.93141242904159
P_0017_0020,17,20,-13.2975,-10.9485,17.22478326423877,25,0.783,1.0,181.78845579425035,185.4930112565444,40.302768557819924,40.12445453185092,40.44994814152483,40.292309138184486,0.10477538340004877,0.32549360967390584,0.16785460633356308,0.4157006509245285,40.31336108304913,40.44994814152483,40.312989655495926,40.26079227900164,40.12445453185092
P_0017_0021,17,21,-13.2975,-10.165499999999998,16.73800754271547,20,0.783,1.0,185.63155573576503,188.75163862147787,40.486915302060844,40.355392135331726,40.61072781990907,40.49163719783828,0.08239055680077653,0.25533568457734646,0.13624506250655344,0.32609921401959957,40.52319186806119,40.61072781990907,40.47749642716701,40.491377738722406,40.355392135331726
P_0017_0022,17,22,-13.2975,-9.3825,16.274360586517677,25,0.783,1.0,189.1256931016693,192.46446009646797,40.656366752511786,40.51653221299432,40.79375231971784,40.65021327642726,0.08855402025096515,0.2772201067235187,0.14353904329058054,0.35404866759070075,40.627276940082254,40.79375231971784,40.66460712253689,40.64889778680498,40.51653221299432
P_0017_0023,17,23,-13.2975,-8.599499999999999,15.83587403650332,20,0.783,1.0,192.3123089983148,195.1595807479925,40.809003683589125,40.69965353802661,40.92647566012437,40.80740224803829,0.07332096717776343,0.22682212209775798,0.11907341208608102,0.2896834254122069,40.78263993821986,40.92647566012437,40.80019082352152,40.82805128029906,40.69965353802661
P_0017_0024,17,24,-13.2975,-7.816499999999998,15.424693789505188,20,0.783,1.0,194.88325269318497,197.62018658820037,40.93131282676027,40.8321944459712,41.04752874508648,40.94042280706634,0.06894174545192629,0.215334299115284,0.10822836109514355,0.2750118762647305,40.94079732770382,41.04752874508648,40.92377704500109,40.95781647156912,40.8321944459712
P_0017_0025,17,25,-13.2975,-7.0335,15.043059146995335,25,0.783,1.0,197.49314148280607,200.37812621715184,41.0575486894662,40.95285016032301,41.18303424296852,41.05873242696909,0.0747807420316188,0.23018408264550771,0.12430181599943069,0.29397711704407115,41.054347179011984,41.18303424296852,41.027414146300885,41.076016406241024,40.95285016032301
P_0017_0026,17,26,-13.2975,-6.250499999999999,14.693272491177721,20,0.783,1.0,199.83012043640832,202.33839098514767,41.16753429145524,41.05289721739456,41.279199707342514,41.16443555730084,0.07630468071232226,0.22630248994795465,0.11476415004167251,0.28901978281986546,41.156763684844975,41.279199707342514,41.12523595740538,41.20808121951677,41.05289721739456
P_0017_0027,17,27,-13.2975,-5.467499999999998,14.377658449831111,20,0.783,1.0,201.67204780622257,204.08607332257927,41.26248695475963,41.14799398186881,41.38816743959524,41.26858055582473,0.08388576433639329,0.24017345772643495,0.12058657395591865,0.30673493962507653,41.26960263728608,41.38816743959524,41.21226253199541,41.32487618837808,41.14799398186881
P_0017_0028,17,28,-13.2975,-4.6845,14.098512208740324,25,0.783,1.0,203.48660194967357,205.978951360874,41.35127097133444,41.23236315845583,41.48076514774482,41.355078542379786,0.08495544915956234,0.24840198928898616,0.12568660536503273,0.31724391990930545,41.34804898130653,41.48076514774482,41.30624857486265,41.40796684952909,41.23236315845583
P_0017_0029,17,29,-13.2975,-3.9014999999999986,13.858037685762007,20,0.783,1.0,205.04917813005176,207.26467077987,41.42988014241661,41.323106574186056,41.54346438261268,41.43000549074727,0.08080565154384259,0.2203578084266269,0.11345889186541314,0.28142759696887215,41.41622226968747,41.54346438261268,41.36985425892334,41.49737996832681,41.323106574186056
P_0017_0030,17,30,-13.2975,-3.1184999999999974,13.658277654960743,20,0.783,1.0,206.21827486491915,208.3506754986341,41.47409078493003,41.38416987192659,41.55758055762686,41.47125598259153,0.06529718536680813,0.17341068570027574,0.08708611066494143,0.22146958582410695,41.51085647919536,41.49633513906281,41.40733786514602,41.55758055762686,41.38416987192659
P_0017_0031,17,31,-13.2975,-2.3354999999999997,13.50103945998233,25,0.783,1.0,207.29005716473546,209.43112302018685,41.46607553910488,41.37448600448892,41.54819931695346,41.45669972225708,0.055332587995867134,0.1483757746699439,0.07545533590833742,0.18949651937413012,41.44049394441606,41.532155058165415,41.38377928349547,41.50792831883615,41.41914200637228
P_0017_0032,17,32,-13.2975,-1.5524999999999984,13.387821424712834,20,0.783,1.0,208.12116873137802,210.07609630237,41.4561586129645,41.39246089920943,41.54072523206986,41.45474722971558,0.051675702409214895,0.14826433286042828,0.0859780023542811,0.1893541926697679,41.47620617083948,41.44949693637011,41.41484691008901,41.54072523206986,41.39246089920943
P_0017_0033,17,33,-13.2975,-0.7695000000000007,13.319746112445236,20,0.783,1.0,208.6477605499621,210.52741918441495,41.44024502756179,41.389059247617865,41.49664448923136,41.43331766742966,0.02697849820273909,0.07648239130202228,0.03927371568323679,0.09767866066669512,41.394043951746426,41.47052634304845,41.42528510377133,41.455640491146255,41.42109244743585
P_0017_0034,17,34,-13.2975,0.013500000000000512,13.29750685279011,25,0.783,1.0,209.00271367009708,210.8202237679797,41.41550901068185,41.35095287829103,41.47750064938299,41.438367892446436,0.028129493244498708,0.0772139847664377,0.04127362950135449,0.09861300736454368,41.39709426294508,41.465271738336526,41.42605639926927,41.47430824771152,41.429108813969776
P_0017_0035,17,35,-13.2975,0.7965000000000018,13.32133321030594,20,0.783,1.0,209.12057820718132,210.85297958854596,41.40993645222686,41.30702289030114,41.46637009943004,41.40988763935144,0.05828324777623119,0.15909254473882584,0.10286474905029763,0.20318332661408153,41.38926460872296,41.46017147678941,41.30702289030114,41.46611543503997,41.42686378590372
P_0017_0036,17,36,-13.2975,1.5794999999999995,13.390979295779678,20,0.783,1.0,209.01426875056995,210.81159043582224,41.323158534340706,41.20526241199457,41.45534494748466,41.31451949201819,0.08302033605239245,0.25008253549009396,0.1408254554664694,0.31939021135388757,41.26893684282254,41.33760432628151,41.20526241199457,41.45534494748466,41.30544893150767
P_0017_0037,17,37,-13.2975,2.3625000000000007,13.505736281299143,25,0.783,1.0,208.6559748411467,210.5868995156117,41.2510283273608,41.082015194269786,41.39465319891775,41.24423207931153,0.10957201506149071,0.3126380046479653,0.1622168850417438,0.3992822537011051,41.39465319891775,41.210405354125214,41.082015194269786,41.33376793868968,41.20031871055522
P_0017_0038,17,38,-13.2975,3.145500000000002,13.664467662517994,20,0.783,1.0,208.05701019854968,210.0318049465249,41.078679846847294,40.84972968049925,41.32739256480215,41.13297944447011,0.12256312490178492,0.3751496530051668,0.19441312033204383,0.4791183307856536,41.1424608021473,40.952242911796986,41.16770598426552,41.32739256480215,41.07509495933857
P_0017_0039,17,39,-13.2975,3.9284999999999997,13.865663291022178,20,0.783,1.0,207.30819582565496,209.36608258973345,40.84162965344247,40.49609679435116,41.10535328149672,40.855571917781745,0.16332293848723026,0.4645979965750371,0.293438394452167,0.593356317464926,41.026731519904615,40.56213352332958,40.94239417273826,40.94331276914448,40.80328760379177
P_0017_0040,17,40,-13.2975,4.711500000000001,14.107506459328665,25,0.783,1.0,206.21843730249603,208.5006455327101,40.38433035847074,39.88646855841279,40.93275746004685,40.556906849815405,0.3130569220384843,0.9454435392798999,0.5695929290484543,1.207463013128863,40.70531258638607,39.98731392076695,40.6047885367405,40.554361745136646,40.93275746004685
P_0017_0041,17,41,-13.2975,5.494500000000002,14.387947612498456,20,0.783,1.0,204.87670081626433,207.13312044688124,39.790016935105726,39.08542423842249,40.3295665470888,40.048519170505735,0.24062157460479486,0.631912761689307,0.3508653851062391,0.8070405640987317,40.23221869475361,39.697653785399496,40.145151765565856,40.3295665470888,39.8380050597209
P_0017_0042,17,42,-13.2975,6.277500000000003,14.704778560046392,25,0.783,1.0,203.2571175755521,205.80572047142235,38.795060863967265,37.90985010896122,39.68267833561549,38.67930787888484,0.6642284296541118,1.7728282266542692,1.00337045673065,2.264148437617202,37.99397989911313,38.77156670100192,37.90985010896122,39.68267833561549,39.03846434973247
P_0017_0043,17,43,-13.2975,7.060500000000005,15.055702125772815,20,0.783,0.95,191.24689980445712,203.84688657322025,37.2433683842686,34.156966710450206,38.72679452961148,36.23968481903531,1.195439975874889,3.7379268364193194,2.082718108585105,4.773852920075759,36.387273407379325,34.156966710450206,36.32051480575399,36.43877562472352,37.894893546869525
P_0017_0044,17,44,-13.2975,7.843499999999999,15.438393650247423,20,0.783,0.1,19.882347348270688,199.2970241345936,35.30564466096265,34.097494540489265,37.40347000723091,35.705831099608645,1.0223929694947917,3.229004272011025,1.6726462538884448,4.123887959145626,35.67568978683124,35.69294044973179,35.632574826497034,34.149473081486065,37.37847735349709
P_0017_0045,17,45,-13.2975,8.6265,15.85055230898911,25,0.783,0.2,39.30529090740376,198.30916415677623,38.15151423311978,35.60703097556984,41.15691261685544,38.70493828150141,2.0863406538501796,5.506983581982297,3.0849655271984915,7.033184651318387,37.86355014972895,41.12695633628522,40.9639995875524,37.95021257963759,35.61997275430292
P_0017_0046,17,46,-13.2975,9.409500000000001,16.28994157448086,20,0.783,1.0,194.27497241764215,197.1115907362955,40.96677674762422,40.83358544925972,41.09623655933194,40.96924778496757,0.08603935139945541,0.26265111007221975,0.13566233570784902,0.33544203074357565,40.98440781652943,40.999415387149725,40.83358544925972,41.09623655933194,40.93259371256704
P_0017_0047,17,47,-13.2975,10.192500000000003,16.754419193156174,20,0.783,1.0,191.5680440986293,194.53052109860232,40.829779113916544,40.69004415073675,40.96555921943877,40.82537484570662,0.08938747736439435,0.27551506870201337,0.1401843737321471,0.3518710966820094,40.81320116466975,40.85911440951952,40.69004415073675,40.96555921943877,40.7989552841683
P_0017_0048,17,48,-13.2975,10.975500000000004,17.241957733969773,25,0.783,1.0,188.19776181433386,191.69217609564157,40.659348295343705,40.49112360623229,40.82197427824997,40.65823346067788,0.10471638527118798,0.33085067201767515,0.16710985444558446,0.42254236528438716,40.661205529288736,40.66483256765349,40.49112360623229,40.82197427824997,40.6520313219649
P_0017_0049,17,49,-13.2975,11.758499999999998,17.75065712868118,20,0.783,1.0,184.4838975733519,187.7626862287556,40.47166927311032,40.3154149338867,40.6233428575847,40.475164716889935,0.09890332407700919,0.3079279236980028,0.15974978300323528,0.393266824646236,40.4950696787505,40.49337721487308,40.3154149338867,40.6233428575847,40.4486188993547
P_0017_0050,17,50,-13.2975,12.5415,18.278750736852885,20,0.783,1.0,180.85776819361908,184.2952222282418,40.2885256772156,40.12394361246084,40.44817618621994,40.28282250855578,0.10355759382842503,0.3242325737590974,0.16535367766415732,0.4140901325148115,40.26620525125355,40.30672146148561,40.12394361246084,40.44817618621994,40.26906603135899
P_0017_0051,17,51,-13.2975,13.3245,18.824606410228075,25,0.783,1.0,176.3849811318097,180.52026655212225,40.06272353174273,39.8606814862577,40.2575639223698,40.061410857490216,0.12573560134704068,0.39688243611210083,0.20072937123251933,0.5068741201942539,40.06490981947411,40.05041525850044,39.8606814862577,40.2575639223698,40.07348380084903
P_0017_0052,17,52,-13.2975,14.107500000000002,19.386723872279195,20,0.783,1.0,171.48698186078602,175.33590455926156,39.815547520687296,39.62923190179077,39.99589731387363,39.82025795842674,0.11685803760878667,0.36666541208285963,0.1910260566359696,0.46828277405218344,39.84610068923388,39.825430815214304,39.62923190179077,39.99589731387363,39.8046290720211
P_0017_0053,17,53,-13.2975,14.890500000000003,19.96372952381393,20,0.783,1.0,166.72094082547494,170.7837978279185,39.57510305488968,39.37740495618016,39.76622140867158,39.5677183933149,0.12352105926438323,0.38881645249142593,0.19850301535668535,0.4965727362598032,39.54565783464329,39.581046795670375,39.37740495618016,39.76622140867158,39.56826097140908
P_0017_0054,17,54,-13.2975,15.673500000000004,20.55436957194261,25,0.783,1.0,160.84460122959194,165.83725028959057,39.27871416418148,39.03067814369609,39.51670520247143,39.277047797104636,0.1551213272793258,0.4860270587753348,0.2463696534085429,0.620724212995319,39.281488090273,39.24534206536066,39.03067814369609,39.51670520247143,39.311025483722005
P_0017_0055,17,55,-13.2975,16.4565,21.157502180077874,20,0.783,1.0,154.3931601753346,159.03803030157965,38.95337563629271,38.72440034782858,39.1738084689797,38.959627012433394,0.14315689059594455,0.44940812115112294,0.23522666460481645,0.5739567319937713,38.99362206659709,38.949639000182856,38.72440034782858,39.1738084689797,38.95666517857876
P_0017_0056,17,56,-13.2975,17.2395,21.772089162503445,20,0.783,1.0,148.07859402827023,153.04386373518167,38.634977961378056,38.3885748122517,38.87155805267798,38.62515999441215,0.15354284899952755,0.48298324042628593,0.24639805826583228,0.6168368332391901,38.59585164549208,38.626438232226405,38.3885748122517,38.87155805267798,38.64337722941258
P_0017_0057,17,57,-13.2975,18.0225,22.397187602464733,25,0.783,1.0,140.21334858779903,146.48550687565466,38.238416925844625,37.91982142453389,38.54088741756095,38.23600356015652,0.20021437495306324,0.6210659930270594,0.31618213562262554,0.7931877305581857,38.2424287645448,38.17740521515617,37.91982142453389,38.54088741756095,38.29947497898678
P_0017_0058,17,58,-13.2975,18.805500000000002,23.03194165718557,20,0.783,1.0,131.4451466541608,137.3591300556309,37.7963354053248,37.49733401102725,38.08075769310716,37.8047358320801,0.18653011808030986,0.5834236820799106,0.3074018210528493,0.7451132593613161,37.85184939349506,37.7751893562463,37.49733401102725,38.08075769310716,37.81854870652472
P_0017_0059,17,59,-13.2975,19.588500000000003,23.67557472375275,20,0.783,1.0,122.66986457423468,129.16607816842267,37.353879452000584,37.02176181641818,37.66767914858309,37.3397349622775,0.20611830338084144,0.6459173321649132,0.32794418630559363,0.8249263501467601,37.29940295177761,37.325916319719056,37.02176181641818,37.66767914858309,37.38391457488956
P_0017_0060,17,60,-13.2975,20.371500000000005,24.327382072471345,25,0.783,1.0,111.36485346085121,119.98825549342976,36.78381494834176,36.32755506649477,37.20492210695835,36.77912428217739,0.28579927185535753,0.8773670404635823,0.45156921568262476,1.1205198473353541,36.79156645307376,36.67868162549087,36.32755506649477,37.20492210695835,36.89289615886924
P_0017_0061,17,61,-13.2975,21.1545,24.98672400495911,20,0.783,1.0,98.10057774020133,106.70034483580775,36.11484047191488,35.65625077418326,36.53484061924718,36.093924329935746,0.28126259586974267,0.8785898450639138,0.44091628931143134,1.1220815390343726,36.04092474468359,36.06621428076341,35.65625077418326,36.53484061924718,36.171391230801305
P_0017_0062,17,62,-13.2975,21.9375,25.653019559108436,25,0.783,1.0,81.50899784305341,94.02188469451018,35.27781960353151,34.55656458526545,35.895361222119334,35.26506241006589,0.4392397784622917,1.3387966368538855,0.708497824800439,1.7098296766971717,35.29824796617709,35.10966780628996,34.55656458526545,35.895361222119334,35.46547047047761
P_0017_0063,17,63,-13.2975,22.7205,26.32574075880867,20,0.783,1.0,58.56706385563255,73.86575880560372,34.119947986555815,33.104172259826214,34.87839679415697,34.12271641505,0.5790937605116586,1.7742245343307559,1.0185441552237862,2.265931716897517,34.318420305913264,34.03859408960767,33.104172259826214,34.87839679415697,34.27399862574589
P_0018_0004,18,4,-12.5145,-23.4765,26.60373587487291,16,0.783,1.0,33.355983277538975,50.92497831829939,32.90907893748291,31.463157296118084,33.78510683007937,32.8613174484905,0.7855625497722535,2.3219495339612877,1.3981601523724194,2.9654527892225895,33.10442229996744,33.78510683007937,33.286354701324285,32.66754611496333,31.463157296118084
P_0018_0005,18,5,-12.5145,-22.6935,25.915394122027163,20,0.783,1.0,62.08861456384186,74.74454123967789,34.356879834854354,33.6235171283771,34.983986638906174,34.33035358436331,0.4702418499439977,1.3604695105290716,0.7068364559862061,1.7375089534215473,34.31822161357911,34.983986638906174,34.660091549657295,34.06595099129686,33.6235171283771
P_0018_0006,18,6,-12.5145,-21.9105,25.232572609625045,16,0.783,1.0,80.97504615423422,89.1572329592608,35.30690771271776,34.87250896589785,35.708407387412194,35.27501310104393,0.28178977069241623,0.8358984215143437,0.43339428636826227,1.067558648166467,35.1737838171407,35.708407387412194,35.44145723338136,35.17890810138755,34.87250896589785
P_0018_0007,18,7,-12.5145,-21.127499999999998,24.555731846149484,16,0.783,1.0,94.29589464195634,101.29922051787588,35.976156020075464,35.61299389369924,36.318093629846544,35.9808362913019,0.23399876338656792,0.7050997361473037,0.3678423976026579,0.9005105187066458,36.01727321912307,36.318093629846544,36.08603480504115,35.869785908799486,35.61299389369924
P_0018_0008,18,8,-12.5145,-20.3445,23.88538026701689,20,0.783,1.0,106.97509607269197,114.32348724968892,36.612526194793304,36.23193394676997,36.971445419468296,36.60224180246259,0.25395663659511697,0.7395114726983252,0.3703078556926229,0.944459096677299,36.58226567340819,36.971445419468296,36.768360601302845,36.45720337136368,36.23193394676997
P_0018_0009,18,9,-12.5145,-19.5615,23.222079848712948,16,0.783,1.0,118.02487074918872,123.47077795863734,37.166612930411155,36.89227431761702,37.42990111505111,37.147139532863164,0.17997946974501874,0.5376267974340863,0.2827615821879448,0.6866242623679262,37.07930289544117,37.42990111505111,37.2434419527699,37.0907773834366,36.89227431761702
P_0018_0010,18,10,-12.5145,-18.7785,22.566452368504894,16,0.783,1.0,126.7435965121248,131.73243737871428,37.60344392603541,37.35426687291539,37.84366428304776,37.606661392592585,0.16074341248709736,0.48939741013236926,0.25239451967719617,0.6250286208587091,37.627980603169135,37.84366428304776,37.670206183289565,37.53718902054106,37.35426687291539
P_0018_0011,18,11,-12.5145,-17.9955,21.91918635579341,20,0.783,1.0,135.56848445224625,141.0387081237578,38.045250009297874,37.77043260897682,38.3093784460325,38.038026306002095,0.18286481134169744,0.5389458370556781,0.27135214003040176,0.6883088595857958,38.02053848901204,38.3093784460325,38.14871597541776,37.941066010571376,37.77043260897682
P_0018_0012,18,12,-12.5145,-17.2125,21.28104476993552,16,0.783,1.0,143.57368921348052,147.79451194348542,38.445720582301604,38.2380705932294,38.64720234508826,38.43111598549916,0.13559587956450558,0.4091317518588582,0.21608635958909872,0.5225182016077371,38.3789763199527,38.64720234508826,38.49480525043862,38.39652541878684,38.2380705932294
P_0018_0013,18,13,-12.5145,-16.429499999999997,20.652873419938444,16,0.783,1.0,150.06636596782252,154.02132564757585,38.74944531216741,38.57080451870638,38.916625410009374,38.74754249397264,0.11013231554310961,0.3458208913029921,0.17673797526625634,0.44166141928862335,38.757866743897466,38.916625410009374,38.7650511707896,38.72736462646037,38.57080451870638
P_0018_0014,18,14,-12.5145,-15.6465,20.035610110500752,20,0.783,1.0,156.7630244083845,161.14938149212844,39.04115964974502,38.84035191781373,39.25132450161556,39.033800136845215,0.13810574943392295,0.4109725838018292,0.2175243647703411,0.524869200257764,39.011808094105845,39.25132450161556,39.10396589998624,38.96155027070472,38.84035191781373
P_0018_0015,18,15,-12.5145,-14.8635,19.43029445222074,16,0.783,1.0,162.91951014786346,166.38296378865132,39.34429862215545,39.17206602447732,39.51125068119103,39.33105374195492,0.11084866493349979,0.33918465671371223,0.18019693923611158,0.4331860239000156,39.28512760144173,39.51125068119103,39.36865529890463,39.318169103759885,39.17206602447732
P_0018_0016,18,16,-12.5145,-14.080499999999999,18.83807820612283,16,0.783,1.0,167.95933061002694,171.2392497492803,39.58627921812972,39.43171282743509,39.71038911554541,39.5798941118194,0.09326201530690191,0.27552866981829993,0.14818128438430733,0.3518884672008939,39.60821799826789,39.70724149725339,39.62349716648288,39.52880106965773,39.43171282743509
P_0018_0017,18,17,-12.5145,-13.2975,18.260235937687114,20,0.783,1.0,173.18775953399978,176.823664189956,39.83513972429459,39.68197533124709,39.99775091527852,39.83760430209097,0.1093320623540875,0.31577558403143513,0.16014661318754975,0.40328937935049186,39.83864085132751,39.99775091527852,39.90512544971864,39.76452896288311,39.68197533124709
P_0018_0018,18,18,-12.5145,-12.5145,17.698175626318097,16,0.783,1.0,178.00959677104055,180.93191420324715,40.06765257250535,39.95426344969627,40.20085729404184,40.05609619960021,0.08142322141084113,0.24253646318982192,0.14476109444162688,0.30975282655149666,40.00599641569693,40.20085729404184,40.06533667521006,40.04996978220021,39.95832083085202
P_0018_0019,18,19,-12.5145,-11.731499999999999,17.153448705726788,16,0.783,1.0,181.95994188508175,184.7426535101282,40.257835114617855,40.11445802648319,40.38913263184276,40.25785043806824,0.08729400531291888,0.27467460535957144,0.14339241158504734,0.3507977079943441,40.26522730597321,40.38913263184276,40.2711532511575,40.24928097488453,40.11445802648319
P_0018_0020,18,20,-12.5145,-10.9485,16.627758793655865,20,0.783,1.0,186.05184327871393,189.1133081561859,40.46269628202838,40.31666684942428,40.60490497137573,40.458049529389825,0.09309911302596652,0.2882381219514514,0.14685544198590605,0.3681202068345484,40.44465285689972,40.60490497137573,40.490036261016485,40.43398670823291,40.31666684942428
P_0018_0021,18,21,-12.5145,-10.165499999999998,16.12296810453956,16,0.783,1.0,189.81168042469557,192.3129861612628,40.64348740528825,40.531264866369725,40.726038314204914,40.63804984390191,0.05905281929528976,0.18223698824550638,0.10678497753218608,0.23274200286782423,40.64987130275182,40.71350185461523,40.65004653802691,40.645564657745865,40.531264866369725
P_0018_0022,18,22,-12.5145,-9.3825,15.641100233039873,20,0.783,1.0,193.23334667312838,195.9612752396052,40.80791743878448,40.68803800506754,40.92923203905423,40.7926640223091,0.06971126066397935,0.2045721173940933,0.10462601724155718,0.26126707202310767,40.79959906268687,40.89261012246163,40.832229428863855,40.750843492465606,40.68803800506754
P_0018_0023,18,23,-12.5145,-8.599499999999999,15.184337670771155,16,0.783,1.0,196.35631018002383,198.6112891699943,40.94709724674861,40.86637466874305,41.02421440855426,40.94332123942583,0.050947028435715025,0.15620666829153151,0.07926009760875274,0.19949766065329694,40.93709450535863,41.02258133703458,40.96436490546228,40.92619078053059,40.86637466874305
P_0018_0024,18,24,-12.5145,-7.816499999999998,14.75501211453247,16,0.783,1.0,198.87769651591202,201.0319975967357,41.070627082748146,40.9955696497081,41.14118944973649,41.078071202321816,0.05068742408260169,0.14561980002838482,0.08250155261371361,0.1859767561026626,41.11541550825024,41.14118944973649,41.08489828718382,41.05328311673043,40.9955696497081
P_0018_0025,18,25,-12.5145,-7.0335,14.355585411260664,20,0.783,1.0,201.43894168034367,203.74672134815705,41.18700569376008,41.09881131035371,41.2740346642388,41.19048758833368,0.059259674024602915,0.1607687048048092,0.08354707590511623,0.20532401635352387,41.15304083654354,41.2740346642388,41.242985511469215,41.16911096998285,41.11326595943399
P_0018_0026,18,26,-12.5145,-6.250499999999999,13.988618963285832,16,0.783,1.0,203.7337746925981,205.67729641206768,41.300510623241266,41.22931208566007,41.36836484174347,41.305442414104334,0.04298221914516698,0.11496282580350226,0.06292242763913691,0.14682353231609482,41.25340201593997,41.36836484174347,41.33888378645048,41.29859922345474,41.267962202933006
P_0018_0027,18,27,-12.5145,-5.467499999999998,13.656729714686454,16,0.783,1.0,205.54356703454192,207.39930624019445,41.37019650490694,41.28625437285877,41.45236804847076,41.36839616302151,0.05417530107648851,0.16611367561198875,0.08397188544925172,0.21215028813791667,41.36404021830919,41.45236804847076,41.34899389012344,41.3903242853454,41.28625437285877
P_0018_0028,18,28,-12.5145,-4.6845,13.36253159023394,20,0.783,1.0,207.32752874405537,209.26537461787777,41.45711376036443,41.36862291579911,41.54319207973816,41.45308107881185,0.056390623262780784,0.1745691639390543,0.09011100092631352,0.22294912380466705,41.4410021223207,41.54319207973816,41.44080560230003,41.47178267390126,41.36862291579911
P_0018_0029,18,29,-12.5145,-3.9014999999999986,13.108562564217328,16,0.783,1.0,208.86474025354596,210.53363196201755,41.53181704731049,41.457282713979,41.604735095557885,41.526485848231665,0.050790262909607684,0.14745238157888707,0.07824924732621952,0.18831721785298475,41.507922980467015,41.604735095557885,41.50299204720943,41.55949640394499,41.457282713979
P_0018_0030,18,30,-12.5145,-3.1184999999999974,12.89719940529726,16,0.783,1.0,210.01570000597374,211.60554776196665,41.59480803623093,41.51699572585636,41.69152452103651,41.59426993651347,0.06802532880014207,0.17452879518015152,0.09725458452304281,0.222897567279887,41.57771015867877,41.69152452103651,41.53161953483914,41.65349974215656,41.51699572585636
P_0018_0031,18,31,-12.5145,-2.3354999999999997,12.730564421894261,20,0.783,1.0,211.07181851176307,212.67294543051815,41.58994582727978,41.5044523144885,41.678870622399984,41.592828939359876,0.041794048397972135,0.12484153067607195,0.07518638233036512,0.15944001363483007,41.59887604856067,41.57071825080351,41.58336128473081,41.66801532169024,41.54317379101417
P_0018_0032,18,32,-12.5145,-1.5524999999999984,12.610430860997573,16,0.783,1.0,211.89185144728492,213.3110204652725,41.54049763420552,41.478687666207975,41.600884255296535,41.536023764589615,0.04655933869477441,0.1221965890885599,0.0648604907069199,0.15606205503008927,41.52079672786988,41.600884255296535,41.5006130144173,41.5791371591564,41.478687666207975
P_0018_0033,18,33,-12.5145,-0.7695000000000007,12.538135447505741,16,0.783,1.0,212.41257435300525,213.75852930905955,41.533432422477034,41.44457795440746,41.60696623338066,41.52808210752393,0.05056963928105026,0.15320961748125228,0.07888412585673166,0.1956700095546006,41.5513590718586,41.45375661589941,41.52158828039978,41.60696623338066,41.50674033608118
P_0018_0034,18,34,-12.5145,0.013500000000000512,12.514507281551278,20,0.783,1.0,212.7653334426206,214.05085805289949,41.48215703535781,41.40705185174954,41.55947841727596,41.494756329513635,0.03654002468691072,0.0986373208292548,0.054351231506061026,0.12597358982024878,41.549107561019696,41.45047024019044,41.50752443977103,41.457485790641954,41.50919361594504
P_0018_0035,18,35,-12.5145,0.7965000000000018,12.539821470021014,16,0.783,1.0,212.88539201022454,214.084756229892,41.46868890871677,41.3615155442771,41.56856263140651,41.480856122693794,0.038954549534213026,0.10318524636460324,0.05459470942163591,0.13178192383729662,41.53545083211543,41.43226558575083,41.4951218341634,41.4404167466509,41.50102561478843
P_0018_0036,18,36,-12.5145,1.5794999999999995,12.613783353934695,16,0.783,1.0,212.7849514664769,214.04651459872477,41.37474558754538,41.25605741556029,41.43085468039476,41.34985016573951,0.05894740433568542,0.17479726483446711,0.09379275017921884,0.22324044040161828,41.38788709513324,41.25605741556029,41.34839754069725,41.43085468039476,41.326054096912
P_0018_0037,18,37,-12.5145,2.3625000000000007,12.735545394681768,20,0.783,1.0,212.43773618817426,213.82872192594303,41.273736303029025,41.065354106308405,41.45624085560496,41.26724829402622,0.10336457918171317,0.2872831500981192,0.18590301997539882,0.3669005748379556,41.2755413561581,41.08134527405082,41.35832097091856,41.25240544485467,41.36862842414894
P_0018_0038,18,38,-12.5145,3.145500000000002,12.903754511769046,16,0.783,1.0,211.85443533960424,213.28667720985732,41.07955876921267,40.71583906762419,41.36219544658866,41.037222932421706,0.20702814099892108,0.6463563789644695,0.3249725141669515,0.8254870740286967,41.02977369061216,40.71583906762419,40.98745415214791,41.09085230513563,41.36219544658866
P_0018_0039,18,39,-12.5145,3.9284999999999997,13.116623898701983,16,0.783,1.0,211.12375794914917,212.63504377188096,40.780094350799686,40.594234458020765,41.17856180732088,40.801965900972505,0.2073457806467162,0.5505666289900546,0.34283518603831453,0.7031502285952166,40.63252602326583,40.93087851928095,40.594234458020765,40.70738941728416,41.14480108701082
P_0018_0040,18,40,-12.5145,4.711500000000001,13.372020883172446,20,0.783,1.0,210.05936409687783,211.78706878971383,40.29005431448215,39.344989790899376,40.861752361679976,40.155579269854755,0.4826995791220837,1.483558721422014,0.8105894789553787,1.8947110107560843,40.0753826007479,39.344989790899376,40.376062598423175,40.15291284688192,40.82854851232139
P_0018_0041,18,41,-12.5145,5.494500000000002,13.667561615006534,16,0.783,1.0,208.74822004458366,210.44635336449645,39.39878313547916,38.16084570907634,40.362524600301015,39.476508806372806,0.7246769113648488,2.1777118202231236,1.2916960262949146,2.781241149710247,39.77336310015721,38.18481278007789,39.72870512139582,39.33313842993209,40.362524600301015
P_0018_0042,18,42,-12.5145,6.277500000000003,14.000704143006525,20,0.783,1.0,207.1652413475485,209.14462589834235,38.07333121026833,36.46926960052872,39.713803702096925,38.169387729497146,1.0986807538160757,3.244534101568206,1.7001181289684268,4.143721713369357,38.857235632418,37.63391704644761,36.46926960052872,38.17271266599448,39.713803702096925
P_0018_0043,18,43,-12.5145,7.060500000000005,14.36883330336879,16,0.783,0.375,77.08344670575933,207.22356513842212,35.78805402388096,34.1652819244556,37.62062737971559,36.32008985987143,1.2790857935862674,3.4553454552599945,2.154807935415832,4.412957158697311,37.56433802984242,35.79230042319335,34.1652819244556,37.62062737971559,36.45790154215018
P_0018_0044,18,44,-12.5145,7.843499999999999,14.769333177229091,16,0.783,0.0,0.0,0.0,36.75329352444518,35.71899467697631,38.09214074124395,36.661103504794184,1.1137158381026182,2.3251721853974345,1.3967290644400379,2.96956856372597,35.73266038383679,38.05783256923422,37.99163229021855,35.78147072743167,35.74192155324971
P_0018_0045,18,45,-12.5145,8.6265,15.199645143884116,20,0.783,0.6,120.45865672252064,202.90891761443405,39.95191461214259,37.935763461558,41.36167625475804,39.9432729291975,1.581774273056474,3.3022953564764137,1.9697715990856608,4.217490876725943,41.26164549436413,41.27579668658825,41.165457807564,38.03996332735926,37.97350133011184
P_0018_0046,18,46,-12.5145,9.409500000000001,15.657311407135007,16,0.783,1.0,198.39005530161702,200.62055684129055,41.14331376872755,41.038584708137705,41.2456888193264,41.142301162519345,0.06568721268458945,0.20710411118869843,0.10371645438164023,0.2645007805730503,41.141518103607154,41.15081660607825,41.038584708137705,41.2456888193264,41.13489757544721
P_0018_0047,18,47,-12.5145,10.192500000000003,16.140005157991745,16,0.783,1.0,195.7481687875598,198.09186863838724,41.009592397423305,40.89903602695699,41.11764956106919,41.00179147861654,0.0705698669908007,0.21861353411220108,0.11585808245265383,0.2791999158521086,40.97396496996032,41.01339851156792,40.89903602695699,41.11764956106919,41.0049083235283
P_0018_0048,18,48,-12.5145,10.975500000000004,16.645549270000078,20,0.783,1.0,192.46114929879744,195.31247299528303,40.843356237675565,40.70582947120676,40.97703385820967,40.83870112260506,0.08689857012676873,0.2712043870029106,0.1383327356046138,0.3463657560701285,40.82531001028582,40.82323392882074,40.70582947120676,40.97703385820967,40.86209834450233
P_0018_0049,18,49,-12.5145,11.758499999999998,17.17192570738646,16,0.783,1.0,188.84206556238453,191.46717130169125,40.660452796299424,40.53535831208785,40.78264356923626,40.66021195198266,0.07826391344957848,0.24728525714840544,0.12485363989480902,0.3158176975075421,40.66293957719592,40.655543521829486,40.53535831208785,40.78264356923626,40.66457477956379
P_0018_0050,18,50,-12.5145,12.5415,17.71727779598209,16,0.783,1.0,185.31200281031596,188.0767143567828,40.48215029404802,40.34981478375983,40.61135686394925,40.47284132801176,0.08455134567401465,0.2615420801894146,0.13851553593748633,0.33402564519720895,40.439474030422105,40.47313835939627,40.34981478375983,40.61135686394925,40.49042260253134
P_0018_0051,18,51,-12.5145,13.3245,18.279907289152206,20,0.783,1.0,180.96298323049444,184.3887467054644,40.262586140699014,40.09511118461376,40.42512808063617,40.25745862609747,0.10747802943922084,0.33001689602241413,0.16766945453870363,0.42147751727000526,40.2431472643575,40.22294896062158,40.09511118461376,40.42512808063617,40.30095764025833
P_0018_0052,18,52,-12.5145,14.107500000000002,18.858267855240577,16,0.783,1.0,176.2073719637409,179.32968521725454,40.022587767438964,39.87161196440815,40.16977665473093,40.02319058169745,0.09508723400349826,0.29816469032277837,0.1515786172892959,0.3807978165041869,40.02999334453989,40.00362481462486,39.87161196440815,40.16977665473093,40.04094613018344
P_0018_0053,18,53,-12.5145,14.890500000000003,19.450956287545353,16,0.783,1.0,171.58783386355014,174.89368161859824,39.78952960172749,39.62893251405188,39.94595340488127,39.77824148551124,0.10335209369381033,0.3170208908293901,0.16771191937003493,0.4048798094883654,39.73778830265195,39.765726710639285,39.62893251405188,39.94595340488127,39.81280649533181
P_0018_0054,18,54,-12.5145,15.673500000000004,20.056702433351305,20,0.783,1.0,165.90416578129046,170.08038168404812,39.50285642648604,39.29574134645651,39.7031551867957,39.49697582336338,0.13504075994217116,0.4074138403391885,0.20617936343231946,0.5203241894497938,39.4813605585955,39.43956539651117,39.29574134645651,39.7031551867957,39.56505662845802
P_0018_0055,18,55,-12.5145,16.4565,20.674358575298047,16,0.783,1.0,159.68032499794776,163.47767879196135,39.188997040753875,39.002437405543446,39.370168228196974,39.190569462856544,0.11864017659385016,0.3677308226535274,0.1881320573130978,0.46964345166478594,39.20252287343146,39.15294744607303,39.002437405543446,39.370168228196974,39.224771361037824
P_0018_0056,18,56,-12.5145,17.2395,21.302888782979647,16,0.783,1.0,153.60793060557842,157.6711474498436,38.882815737427336,38.68208431953008,39.07738157534669,38.86867268291136,0.13028681791112928,0.39529725581661523,0.20870889243533242,0.5048496242868649,38.81837664996255,38.84049913438241,38.68208431953008,39.07738157534669,38.925021735335065
P_0018_0057,18,57,-12.5145,18.0225,21.94135858373405,20,0.783,1.0,146.07554350156343,151.33562599208864,38.50304912286178,38.23746184608319,38.757952169782016,38.495827618814516,0.17537140928134934,0.520490323698823,0.2621245509674992,0.6647385998707829,38.47834351383591,38.40804986533419,38.23746184608319,38.757952169782016,38.597330699037286
P_0018_0058,18,58,-12.5145,18.805500000000002,22.588925173633207,16,0.783,1.0,137.72347321866124,142.55470819951097,38.08196792186574,37.83972952667699,38.315253381278126,38.08472668043247,0.15534954828827227,0.47552385460113555,0.24499715375547737,0.6073101591329956,38.104207564428805,38.02260104655511,37.83972952667699,38.315253381278126,38.14184188322332
P_0018_0059,18,59,-12.5145,19.588500000000003,23.24482829577367,16,0.783,1.0,129.4250298176979,134.71333114140674,37.66358100962742,37.39619281356846,37.91992335164736,37.644571464827706,0.1745102543414621,0.523730538078901,0.2753518868196565,0.6688768046984687,37.578586071380585,37.594638786598864,37.39619281356846,37.91992335164736,37.73351630094328
P_0018_0060,18,60,-12.5145,20.371500000000005,23.908381846122506,20,0.783,1.0,118.84807279842043,125.986322794431,37.130274265419736,36.75896160005357,37.47992295714778,37.11999335708507,0.2463171648292091,0.720961357094211,0.3610317570315047,0.9207680167231304,37.100021958509785,36.98416316841957,36.75896160005357,37.47992295714778,37.27689710129465
P_0018_0061,18,61,-12.5145,21.1545,24.578966221141197,16,0.783,1.0,106.64168902490408,113.48740901508386,36.51472269174121,36.1585503019432,36.84967897325754,36.48895942219565,0.23176517287037465,0.6911286713143383,0.3607195510618908,0.8826675240285291,36.40361499242971,36.41526216057093,36.1585503019432,36.84967897325754,36.61769068277687
P_0018_0062,18,62,-12.5145,21.9375,25.256021390947545,20,0.783,1.0,91.87531078959846,101.7657038184414,35.769897768529425,35.22888643854583,36.25851934661296,35.75299454440436,0.3543220192599735,1.0296329080671285,0.5241081058585308,1.314984556918427,35.733237697464006,35.55267598922745,35.22888643854583,36.25851934661296,35.99165325017157
P_0018_0063,18,63,-12.5145,22.7205,25.939040662676792,16,0.783,1.0,73.0563706196334,83.77433570986089,34.82034527947701,34.211013918666765,35.350912752551835,34.8235756122286,0.3797381773093537,1.13989883388507,0.6125616935618368,1.455809494106092,34.89630614851336,34.653298759132326,34.211013918666765,35.350912752551835,35.00634648227873
P_0018_0064,18,64,-12.5145,23.503500000000003,26.627565087705637,16,0.783,1.0,47.06769533689797,64.47908449191851,33.50830026470413,32.069769278680724,34.377139748253,33.372469755692194,0.7725560878391146,2.3073704695722768,1.30270047701147,2.9468332944728948,33.26314357106156,33.2737391990276,32.069769278680724,34.377139748253,33.87855698143807
P_0019_0003,19,3,-11.731499999999999,-24.2595,26.947197117696675,10,0.783,1.0,21.959537566426256,37.27489156603219,32.306738378065546,31.49964580240021,33.07108330279209,32.10103341947532,0.5841268289430527,1.5714375003918803,0.9700498833167686,2.00694444494493,31.49964580240021,33.07108330279209,32.39160175346609,31.996844904038312,31.54599133467991
P_0019_0004,19,4,-11.731499999999999,-23.4765,26.244506939548323,16,0.783,1.0,48.89587697671326,61.66214062064119,33.666507481800664,32.896914117177744,34.29977449031293,33.695046355726824,0.48367303155136815,1.4028603731351836,0.7981322385490799,1.791647986124117,33.91334183187354,34.29977449031293,33.92655160237388,33.438649736896025,32.896914117177744
P_0019_0005,19,5,-11.731499999999999,-22.6935,25.546487713578163,20,0.783,1.0,71.56549058748695,82.59879889998425,34.80780318024886,34.194470027131615,35.35294162818332,34.80829686687912,0.40635021810725847,1.1584716010517084,0.6138268397475031,1.4795295032588869,34.873473924325594,35.35294162818332,35.08225996703584,34.538338787719226,34.194470027131615
P_0019_0006,19,6,-11.731499999999999,-21.9105,24.85353299834854,16,0.783,1.0,88.4938650324628,95.88939646390718,35.658874823451725,35.27238838656547,36.020663774157185,35.64726258424274,0.2509016286201944,0.7482753875917183,0.37487419767727204,0.9556518360047488,35.621546060860624,36.020663774157185,35.790795890346544,35.53091880928389,35.27238838656547
P_0019_0007,19,7,-11.731499999999999,-21.127499999999998,24.16607846755447,16,0.783,1.0,100.85909395043117,107.30106547632327,36.27984090741283,35.9492572170181,36.5934562172306,36.29893517546715,0.21997371100778176,0.6441990002125024,0.3496779584490497,0.8227318010376786,36.390133663414986,36.5934562172306,36.3903634359092,36.17146534376286,35.9492572170181
P_0019_0008,19,8,-11.731499999999999,-20.3445,23.48460713957123,20,0.783,1.0,112.8277665300531,119.69552228738836,36.88032061528382,36.52747274002803,37.21499962089939,36.88381460460387,0.23906689417040092,0.6875268808713599,0.35634186457583894,0.8780675362341761,36.91628438301302,37.21499962089939,37.03511109044695,36.725205188631946,36.52747274002803
P_0019_0009,19,9,-11.731499999999999,-19.5615,22.809655291126166,16,0.783,1.0,123.3672924111076,128.47235916612485,37.40863954102605,37.1530668373976,37.65475026173033,37.40203746588495,0.16669912274236648,0.5016834243327253,0.2527127958453761,0.6407195713061625,37.38460775321113,37.65475026173033,37.488553652996416,37.32920882408928,37.1530668373976
P_0019_0010,19,10,-11.731499999999999,-18.7785,22.14181913258258,16,0.783,1.0,131.7423545391255,136.43994449601553,37.82811930279006,37.59476830074459,38.05366804961517,37.84220924277677,0.1551011364398254,0.4588997488705786,0.2474409420321777,0.5860788619036763,37.90623124986695,38.05366804961517,37.89836063730439,37.75801797635273,37.59476830074459
P_0019_0011,19,11,-11.731499999999999,-17.9955,21.48176232295665,20,0.783,1.0,140.26161036906424,145.45318227915993,38.254497610998456,37.99489881905612,38.5045926792161,38.2578664762637,0.17502828988869046,0.5096938601599845,0.2629676572075823,0.6509500129757145,38.28186898107583,38.5045926792161,38.36015201466876,38.147819887301694,37.99489881905612
P_0019_0012,19,12,-11.731499999999999,-17.2125,20.830224398695275,16,0.783,1.0,148.01884700849808,152.01786695377425,38.64245375655712,38.446619380076925,38.83277277197118,38.6380674872061,0.12679191357903802,0.3861533918942541,0.1947052847650781,0.49317163715741263,38.62634725884067,38.83277277197118,38.69542737476854,38.589170650373205,38.446619380076925
P_0019_0013,19,13,-11.731499999999999,-16.429499999999997,20.18803017879654,16,0.783,1.0,154.32911192003033,158.08251924742927,38.94412100839878,38.775017511747706,39.10305475581771,38.95149930861701,0.1085048871242595,0.32803724407000345,0.17648179686930376,0.418949226143044,39.00597295935586,39.10305475581771,38.9626849947619,38.910766321401866,38.775017511747706
P_0019_0014,19,14,-11.731499999999999,-15.6465,19.556100186386853,20,0.783,1.0,160.8528675362833,165.03956717254815,39.201061043927645,39.016251950839205,39.390323876836135,39.20984150926116,0.12763167799066072,0.3740719259969296,0.19358955842195513,0.4777419233677262,39.20139402993056,39.390323876836135,39.295099587457855,39.14613810124206,39.016251950839205
P_0019_0015,19,15,-11.731499999999999,-14.8635,18.935462088367423,16,0.783,1.0,166.861962149009,170.1565363151118,39.48544598141525,39.3602488137978,39.64374272461436,39.4899101186174,0.0914456025537671,0.28220268387293146,0.15383260599696058,0.3604121122259661,39.47955484031911,39.64374272461436,39.50925256482407,39.45546042258803,39.36154004074143
P_0019_0016,19,16,-11.731499999999999,-14.080499999999999,18.327263093544545,16,0.783,1.0,171.7890602043944,174.91078849202566,39.73184859772422,39.57064968942348,39.87905890468835,39.73997148886269,0.10168383110217229,0.30840921526486653,0.16932179943921,0.39388150097684105,39.78360784105428,39.87905890468835,39.76232983111623,39.70421117803113,39.57064968942348
P_0019_0017,19,17,-11.731499999999999,-13.2975,17.732783157192216,20,0.783,1.0,176.90741339095513,180.3846526676923,39.972168417481456,39.81936416416221,40.11317801146714,39.967139970979154,0.10642087509180867,0.2839375396725359,0.14777580681694502,0.3626277645881684,40.007362928823,40.103301703834745,40.037162826651695,39.86850823142413,39.81936416416221
P_0019_0018,19,18,-11.731499999999999,-12.5145,17.153448705726788,16,0.783,1.0,181.63318400033162,184.4158956253781,40.19436017395515,40.0891183433348,40.30177721554577,40.18624557873542,0.07506139752008092,0.2126588722109659,0.11553163681035272,0.2715949836666231,40.14675708473828,40.30177721554577,40.23926230801448,40.15431294204376,40.0891183433348
P_0019_0019,19,19,-11.731499999999999,-11.731499999999999,16.590846406979963,16,0.783,1.0,185.50870580340407,188.15828981555796,40.3749030020066,40.25560963971151,40.48591478417626,40.39105482159889,0.06780013743118274,0.19846206116767462,0.10360209859030789,0.25346367965220257,40.40613900493037,40.48591478417626,40.42664487685306,40.34912271902618,40.287452723008585
P_0019_0020,19,20,-11.731499999999999,-10.9485,16.046736256946456,20,0.783,1.0,189.52657071229504,192.4540423961704,40.56679351488697,40.45963997351544,40.697120384645984,40.57435386099915,0.07491095384381818,0.22582857254235478,0.12276652364683116,0.2884145243197379,40.58079497989286,40.697120384645984,40.59275776772034,40.529804360632966,40.47129181210363
P_0019_0021,19,21,-11.731499999999999,-10.165499999999998,15.523062922632246,16,0.783,1.0,193.2212040441606,195.6011609065532,40.74356294659018,40.63308213407288,40.85172635048269,40.75036077762361,0.07090057909167388,0.2186442164098139,0.11727864355073336,0.27923910141738684,40.78075736300792,40.85172635048269,40.74929811736229,40.73693992319227,40.63308213407288
P_0019_0022,19,22,-11.731499999999999,-9.3825,15.021963869614385,20,0.783,1.0,196.5859849100369,199.1918081364929,40.91544991575264,40.78648123966104,41.06139814442668,40.9181557308044,0.08820781506329266,0.27491690476563946,0.14324241362228207,0.3511071580659508,40.92678088164882,41.06139814442668,40.927658418372175,40.8884599699133,40.78648123966104
P_0019_0023,19,23,-11.731499999999999,-8.599499999999999,14.545772323943474,16,0.783,1.0,199.65889201275147,201.8014676556526,41.07215047128555,40.961102300798586,41.18963312295034,41.07266739584934,0.07346353630772075,0.2285308221517539,0.11696572710100384,0.2918656732461736,41.06097056760024,41.18963312295034,41.05710630837251,41.09452467952502,40.961102300798586
P_0019_0024,19,24,-11.731499999999999,-7.816499999999998,14.097012609060117,16,0.783,1.0,202.1412429381665,204.18643873412304,41.17770812844038,41.08768685812765,41.27498565945132,41.18541684401247,0.05429922828344794,0.1589543222225558,0.09772998588482551,0.20300679721910062,41.2466411803502,41.1975718158912,41.17525118502852,41.21993318066478,41.08768685812765
P_0019_0025,19,25,-11.731499999999999,-7.0335,13.678384937557503,20,0.783,1.0,204.66411946948935,206.862407174458,41.30114661717619,41.20306567553621,41.40663398241844,41.28385579369673,0.0594792588749926,0.15290419577775083,0.08079011816052173,0.1952799435220317,41.35596987131396,41.32772727645539,41.30759426268202,41.22492188249606,41.20306567553621
P_0019_0026,19,26,-11.731499999999999,-6.250499999999999,13.292736456426118,16,0.783,1.0,206.92566919158037,208.7663298028885,41.39951451799009,41.33206798474919,41.468455941482034,41.392065002089865,0.044773114839176544,0.12261226909533463,0.06261525175465721,0.15659293626479517,41.45468025384452,41.420194730541255,41.40157924063169,41.35180280068266,41.33206798474919
P_0019_0027,19,27,-11.731499999999999,-5.467499999999998,12.943015433043414,16,0.783,1.0,208.71005780040252,210.4652757233634,41.479077826555496,41.41092171435884,41.55203135832,41.46797781016793,0.03690358308662488,0.09642030577565919,0.051902271813240475,0.12314215297019053,41.45224610020682,41.5025764062251,41.51988008198117,41.441726686221045,41.42345977620551
P_0019_0028,19,28,-11.731499999999999,-4.6845,12.632206161237235,20,0.783,1.0,210.4698145187737,212.3072411775244,41.56678367101515,41.49108056780648,41.64240664547242,41.5581180414883,0.03607083329956042,0.08893808382009638,0.05244192457983843,0.11358631394648325,41.52745007744704,41.591694636218335,41.61055996606814,41.52162188224804,41.539263645459926
P_0019_0029,19,29,-11.731499999999999,-3.9014999999999986,12.36324368845005,16,0.783,1.0,211.98694283386072,213.55978992852823,41.64034772795014,41.57743202644377,41.70365469205308,41.63030921541686,0.028768828674913108,0.07912282920892011,0.04169731796142884,0.10105086744434241,41.59288370416937,41.65211811345171,41.67200653337829,41.60769904889253,41.62683867719238
P_0019_0030,19,30,-11.731499999999999,-3.1184999999999974,12.138909938705368,16,0.783,1.0,213.12353359973338,214.61902612810195,41.66707950150966,41.60483437521077,41.72375227121967,41.687908854533624,0.02334171660878866,0.06257614411180157,0.03584341668604196,0.07991844714150903,41.661176127107865,41.70303496259135,41.72375227121967,41.6657336393111,41.68584727243814
P_0019_0031,19,31,-11.731499999999999,-2.3354999999999997,11.961716118517442,20,0.783,1.0,214.167236882186,215.6746750040897,41.67088700393176,41.60274459589618,41.724965146542615,41.68110833546791,0.04269422014497081,0.11555431576249475,0.07836373957172782,0.1475789473339652,41.66998893722854,41.71829891165868,41.60274459589618,41.714292745086766,41.70021648746939
P_0019_0032,19,32,-11.731499999999999,-1.5524999999999984,11.833779975138967,16,0.783,1.0,214.97848584712423,216.30653786774403,41.578293098049315,41.4648953724236,41.696800462712986,41.55025314124062,0.04925812856362292,0.1462448620208079,0.08535776881701906,0.18677504728072528,41.53662848721217,41.5799631478323,41.4648953724236,41.5586384642906,41.611140234444406
P_0019_0033,19,33,-11.731499999999999,-0.7695000000000007,11.756709680008262,16,0.783,1.0,215.49455436554518,216.7506115086589,41.53633857571882,41.470906140046736,41.600448183242975,41.541869964476746,0.05328275497924542,0.1295420431962384,0.07096382443000948,0.16544322247284599,41.56655504847083,41.600448183242975,41.48550570627606,41.58593474434713,41.470906140046736
P_0019_0034,19,34,-11.731499999999999,0.013500000000000512,11.731507767546335,20,0.783,1.0,215.8455732782947,217.0425116515531,41.544989204740105,41.48078102951416,41.60986747404314,41.54426334731183,0.05029151308256588,0.12192648054843858,0.062036208962261696,0.15571708882303778,41.55631020698559,41.589396339660254,41.48222713834957,41.60415361889801,41.48922943266575
P_0019_0035,19,35,-11.731499999999999,0.7965000000000018,11.758507749710418,16,0.783,1.0,215.96737202276444,217.0774387688101,41.52229937131598,41.464079476021936,41.574470279777984,41.52574344660012,0.04400806089469672,0.1100640102731063,0.06166397057818074,0.14056706292861595,41.54481646897841,41.56257481064449,41.464079476021936,41.57414348629504,41.48310299106072
P_0019_0036,19,36,-11.731499999999999,1.5794999999999995,11.837352427802426,16,0.783,1.0,215.8715858663162,217.04203200119625,41.34290569353315,41.20529927383291,41.52420690322293,41.33045496642592,0.0740012299472822,0.20742644714312064,0.13222763405332216,0.26491244845864703,41.27126594194056,41.35072136032397,41.25525615333612,41.3123487760497,41.46268260047924
P_0019_0037,19,37,-11.731499999999999,2.3625000000000007,11.967017109539034,20,0.783,1.0,215.5331545585972,216.8304514995145,41.2011509510927,40.97234422545557,41.35039617717888,41.22798355927041,0.12338827522201862,0.301142817322102,0.17876696698239414,0.3846012992619438,41.04921659228802,41.35035940961012,41.11403575728286,41.34229130871228,41.28401472845877
P_0019_0038,19,38,-11.731499999999999,3.145500000000002,12.145874299530684,16,0.783,1.0,214.96226893336393,216.30015557599276,41.023171798747605,40.74636615625724,41.36538355652925,41.01649250554961,0.2259243672891072,0.6190174002720141,0.34889105097964546,0.7905713924291368,40.79391411740789,41.070601012258464,40.74636615625724,41.36538355652925,41.10619768529517
P_0019_0039,19,39,-11.731499999999999,3.9284999999999997,12.371790674756827,16,0.783,1.0,214.2459605294639,215.66120173839167,40.6169928844308,40.18623572082271,41.06211397928075,40.57178067410497,0.32446378566707856,0.8758782584580445,0.4903333051757812,1.1186184654636582,40.24526625194858,40.627330117381405,40.18623572082271,41.06211397928075,40.7379573010914
P_0019_0040,19,40,-11.731499999999999,4.711500000000001,12.642243649764072,20,0.783,1.0,213.20164987159615,214.8289353493605,39.98202531127703,39.37210697000535,40.623967991652535,39.91940187034205,0.46751717451190855,1.251861021647187,0.704566121310485,1.5988007939299962,39.44336422224393,39.98004665382928,39.37210697000535,40.623967991652535,40.17752351397917
P_0019_0041,19,41,-11.731499999999999,5.494500000000002,12.954444121613246,16,0.783,1.0,211.9147108104443,213.51232284766533,39.07073428037292,38.208244964621485,39.96772420275664,39.07530908479566,0.7568515393310201,1.7594792381351567,0.8924151179609794,2.247099920989983,38.26503122381274,39.0486597455328,38.208244964621485,39.96772420275664,39.88688528725464
P_0019_0042,19,42,-11.731499999999999,6.277500000000003,13.305453712669856,20,0.783,0.9,189.32345874977537,212.2336592891632,37.39692932845183,34.23697333881239,39.01203687038248,37.042212428506026,1.5826621716958897,4.719718291407851,2.798736008518155,6.0277372814915084,37.71864915986646,34.24347641998787,37.65432505574819,36.63141679553189,38.96319471139572
P_0019_0043,19,43,-11.731499999999999,7.060500000000005,13.6922880666454,16,0.783,0.0,0.0,0.0,35.580159563533506,34.210070406349416,38.20402605559042,35.98885597734445,1.2739634178624393,3.9872534247655267,2.2151700782459685,5.092277681692882,35.848894441286575,38.20402605559042,35.8047018622832,35.869884896737176,34.21677263082489
P_0019_0044,19,44,-11.731499999999999,7.843499999999999,14.112001434948905,16,0.783,0.125,25.845112998407956,207.1466565751994,38.41369382065712,35.79392109539026,41.54828552109092,38.349117554437385,1.8389095181513087,5.754364425700658,3.1991679666535333,7.349124426182193,38.1362612687995,41.54828552109092,38.07879457617469,38.18832531073156,35.79392109539026
P_0019_0045,19,45,-11.731499999999999,8.6265,14.561751079454696,20,0.783,1.0,204.37062588776703,206.63471481833847,41.41809724213515,41.31089366472333,41.52230602292707,41.42074452463551,0.06738807492678503,0.21141235820373794,0.10985085991217858,0.27000301175445457,41.43582100663292,41.41128956848184,41.31089366472333,41.52230602292707,41.42341236041239
P_0019_0046,19,46,-11.731499999999999,9.409500000000001,15.038842458779865,16,0.783,1.0,201.74853222107066,203.861951538846,41.28522621716013,41.186509699929786,41.38172852770981,41.291253679860404,0.0632666059048044,0.19521882778002464,0.10474397993061757,0.2493216191315768,41.31850518347005,41.28859669898458,41.186509699929786,41.38172852770981,41.28092828920779
P_0019_0047,19,47,-11.731499999999999,10.192500000000003,15.540757655275371,16,0.783,1.0,199.1576924070248,201.3800433836777,41.15407537746927,41.049761986901046,41.256044558767485,41.15360513140676,0.06523667721479327,0.2062825718664385,0.10384314450571708,0.26345156049353574,41.15496678204187,41.15374935975126,41.049761986901046,41.256044558767485,41.15350296957217
P_0019_0048,19,48,-11.731499999999999,10.975500000000004,16.065170167165988,20,0.783,1.0,195.93587673237855,198.6532072352675,40.99112312735034,40.86055353411842,41.118075483163295,40.993885928433585,0.08313448459374391,0.2575219490448788,0.1333323943151683,0.3288913780905221,41.00997438764932,40.96724870162171,40.86055353411842,41.118075483163295,41.013577535615184
P_0019_0049,19,49,-11.731499999999999,11.758499999999998,16.60994926241498,16,0.783,1.0,192.39082948070683,194.88280760712092,40.81194900129168,40.69373608827272,40.92745747137894,40.81919772099677,0.07587514831121485,0.23372138310622148,0.12546163272404698,0.29849474215353955,40.85172243431128,40.80290078969057,40.69373608827272,40.92745747137894,40.82017182133035
P_0019_0050,19,50,-11.731499999999999,12.5415,17.173156800658404,16,0.783,1.0,188.93559003960706,191.56069577891373,40.637416034264646,40.51231490845953,40.75961337555674,40.63602327778193,0.07862512095376357,0.2472984670972096,0.12370836932240081,0.3158345684510978,40.63414366111601,40.6242600398827,40.51231490845953,40.75961337555674,40.64978440389467
P_0019_0051,19,51,-11.731499999999999,13.3245,17.75303896520255,20,0.783,1.0,184.6826370874498,187.94973518320063,40.42269243253935,40.26353849790695,40.57726409922896,40.42561159125938,0.10317250331452356,0.31372560132201244,0.1620730933524328,0.40067126605621,40.44321514904056,40.37947028928011,40.26353849790695,40.57726409922896,40.46456992084035
P_0019_0052,19,52,-11.731499999999999,14.107500000000002,18.348014838123497,16,0.783,1.0,180.0371015581084,183.00122395999992,40.18824144178697,40.04551864723237,40.32748303692716,40.19699690390674,0.09242380885920169,0.2819643896947923,0.1514782566743662,0.36010777738798505,40.23618228626606,40.16512399805112,40.04551864723237,40.32748303692716,40.21067655105696
P_0019_0053,19,53,-11.731499999999999,14.890500000000003,18.956663274426756,16,0.783,1.0,175.5302858646957,178.66725414505876,39.96086504816323,39.80911115635462,40.10880197749435,39.958373995863894,0.09641236555490042,0.299690821139734,0.15042798163045745,0.3827468980073231,39.95284867446219,39.93290708308615,39.80911115635462,40.10880197749435,39.98820108792216
P_0019_0054,19,54,-11.731499999999999,15.673500000000004,19.57770912287748,20,0.783,1.0,169.99400890918926,173.97056736446785,39.68162251580981,39.48513528321672,39.87188172092959,39.6847462246993,0.1296053183647736,0.38674643771287265,0.1996109414825824,0.49392903922461384,39.70470863655129,39.61505979025276,39.48513528321672,39.87188172092959,39.74694569254615
P_0019_0055,19,55,-11.731499999999999,16.4565,20.210009512615276,16,0.783,1.0,163.94307095015557,167.5388723918148,39.376481626379224,39.20058884330018,39.54751628677582,39.38722187256925,0.11514177374619984,0.34692744347563576,0.18663302926906766,0.44307464045419637,39.43547315865953,39.33630502978895,39.20058884330018,39.54751628677582,39.416226044321775
P_0019_0056,19,56,-11.731499999999999,17.2395,20.852540672541558,16,0.783,1.0,158.053088400596,161.89450246013237,39.07950015543079,38.89058048158319,39.26290687216823,39.07557282588381,0.12142524377705695,0.37232639058503736,0.18733404628441974,0.475512631653943,39.0656859622228,39.03309596359583,38.89058048158319,39.26290687216823,39.125594849848994
P_0019_0057,19,57,-11.731499999999999,18.0225,21.504385564344776,20,0.783,1.0,150.76866941838142,155.75010014749074,38.71224232625275,38.46186839304761,38.95311682988336,38.71561062725674,0.16745816427492516,0.4912484368357539,0.25374223420912756,0.6273926396369781,38.739606089182985,38.61474900750625,38.46186839304761,38.95311682988336,38.8087128166635
P_0019_0058,19,58,-11.731499999999999,18.805500000000002,22.164722477396374,16,0.783,1.0,142.72223124566196,147.26221531681222,38.30658216301675,38.08016442885389,38.52520098488253,38.32021050620002,0.14958993837091392,0.44503655602864,0.24004607734612904,0.5683736347747638,38.38238289091703,38.24336914846327,38.08016442885389,38.52520098488253,38.36993507788338
P_0019_0059,19,59,-11.731499999999999,19.588500000000003,22.832814642527104,16,0.783,1.0,134.76745147961677,139.71491234889425,37.905539134398815,37.65691036524981,38.14470992572996,37.8993971797845,0.16118086085123423,0.4877995604801555,0.24531274594546204,0.6229879444191002,37.88380414431538,37.83300192738176,37.65691036524981,38.14470992572996,37.9785595362456
P_0019_0060,19,60,-11.731499999999999,20.371500000000005,23.50800086140887,20,0.783,1.0,124.70074325578155,131.35835783213048,37.39798960745095,37.0544114130164,37.72340672669662,37.40148299108629,0.23136803100339584,0.6689953136802202,0.34707157806988675,0.8544001451854665,37.43394208050484,37.25208455072243,37.0544114130164,37.72340672669662,37.54357018449116
P_0019_0061,19,61,-11.731499999999999,21.1545,24.189687110419595,16,0.783,1.0,113.20488833337888,119.48925397353123,36.81831417114615,36.49470870724031,37.12495816095202,36.809363522414195,0.2098941509853559,0.6302494537117127,0.3155946385378243,0.8049162882652781,36.7883761514218,36.71684773635212,36.49470870724031,37.12495816095202,36.92192685610473
P_0019_0062,19,62,-11.731499999999999,21.9375,24.877339055855632,20,0.783,1.0,99.56385691573257,108.4978673230878,36.130326263585246,35.65091734505546,36.57067772280732,36.13296896866581,0.320686202230163,0.9197603777518566,0.4820516236103458,1.1746620405515409,36.1808567306079,35.92151109213967,35.65091734505546,36.57067772280732,36.34088195271869
P_0019_0063,19,63,-11.731499999999999,22.7205,25.57047540621801,16,0.783,1.0,82.8106018697507,92.01585999670824,35.28513209781094,34.78177456179037,35.73931145780881,35.31054581412345,0.32811448274207594,0.9575368960184392,0.5287712523330796,1.2229079131780831,35.45137474091371,35.12552781229209,34.78177456179037,35.73931145780881,35.45474049781228
P_0019_0064,19,64,-11.731499999999999,23.503500000000003,26.268662023407284,16,0.783,1.0,62.6075890360722,75.21624679426036,34.26546821670415,33.50302749892222,34.89163302319355,34.23477195333423,0.46560986078027883,1.3886055242713269,0.7317444544120093,1.7734425597334953,34.21608761906026,34.04457507801453,33.50302749892222,34.89163302319355,34.51853654748061
P_0019_0065,19,65,-11.731499999999999,24.286500000000004,26.971506715421,10,0.783,1.0,36.017982574412805,51.24928010162402,32.92132794174748,32.12003501912977,33.6817288732388,32.716614769944044,0.5808341729446317,1.5616938541090235,0.9651141032947521,1.9945004522465177,32.12003501912977,32.617057410933,32.16176745529293,33.6817288732388,33.00248509112572
P_0020_0003,20,3,-10.9485,-24.2595,26.615653148100648,20,0.783,1.0,34.442316822099954,52.555809164279104,32.908379410862665,31.38839084905004,33.80859047624136,32.78828021437905,0.8018802313722784,2.420199627191323,1.3998893653290096,3.090931835493388,32.7856862448283,33.80859047624136,33.24516874877122,32.713564753004334,31.38839084905004
P_0020_0004,20,4,-10.9485,-23.4765,25.903970824952687,20,0.783,1.0,60.843575214611086,72.26093918334898,34.23895008724892,33.58779694365154,34.800584390877304,34.253733578776874,0.4026987031542569,1.2127874472257645,0.665936635125334,1.5488984000329047,34.38168177852128,34.800584390877304,34.41039832803699,34.08820645279724,33.58779694365154
P_0020_0005,20,5,-10.9485,-22.6935,25.196519491786955,25,0.783,1.0,80.32584160275884,90.9039017144362,35.21913490373813,34.641371955305885,35.73783290144684,35.21110034031885,0.3726455259573219,1.096460946140958,0.5697283850129651,1.400333264547839,35.23230015005754,35.73783290144684,35.43600635120123,35.007990343582776,34.641371955305885
P_0020_0006,20,6,-10.9485,-21.9105,24.49366576280488,20,0.783,1.0,95.76095020995977,103.17350377435756,35.99474875248776,35.61053290695662,36.35397174641321,35.975955266260506,0.2442972626077805,0.7434388394565872,0.3780164801527022,0.9494748907491535,35.92250520998061,36.35397174641321,36.09199779980082,35.90076866815127,35.61053290695662
P_0020_0007,20,7,-10.9485,-21.127499999999998,23.795817037874535,20,0.783,1.0,107.32077604877728,113.8834852280366,36.57502761083573,36.24055452626544,36.89132211269174,36.586058085544664,0.21428780590607066,0.6507675864262978,0.3455035592792228,0.831120800033586,36.64676596758216,36.89132211269174,36.65688734081834,36.49476048036564,36.24055452626544
P_0020_0008,20,8,-10.9485,-20.3445,23.103426856204685,25,0.783,1.0,118.6614986927662,125.65042241765514,37.14379285392172,36.78703582507933,37.48117822954595,37.14084031016324,0.23399089646599022,0.6941424044666178,0.3538044850839128,0.8865164808002781,37.14869732980742,37.48117822954595,37.27146080767113,37.01582935871238,36.78703582507933
P_0020_0009,20,9,-10.9485,-19.5615,22.417001014854772,20,0.783,1.0,128.73631520819328,134.04892668406902,37.648647648064696,37.38453477165177,37.901829640055496,37.63644157838537,0.1687864539759815,0.5172948684037237,0.26538806167012297,0.6606575586254454,37.59860333963462,37.901829640055496,37.70704998143037,37.59019015915459,37.38453477165177
P_0020_0010,20,10,-10.9485,-18.7785,21.7371045564951,20,0.783,1.0,136.79182317308488,141.7115365668108,38.051996399108496,37.809417533461385,38.28535491969086,38.06016979273427,0.15536191541276356,0.4759373862294751,0.25075225927288614,0.6078382965893679,38.10249344765191,38.28535491969086,38.10263395751787,38.00094910534932,37.809417533461385
P_0020_0011,20,11,-10.9485,-17.9955,21.064369738969166,25,0.783,1.0,145.0227265657693,150.41694834005702,38.46382208401899,38.19605244830575,38.72074690292982,38.461996367417534,0.17484850001942728,0.5246944546240684,0.26594391911178406,0.6701078603117093,38.46686083377591,38.72074690292982,38.55021140643271,38.376110245643474,38.19605244830575
P_0020_0012,20,12,-10.9485,-17.2125,20.399505104291134,20,0.783,1.0,152.54338666535133,156.77882796350568,38.83984127814176,38.63420542048976,39.03869600575763,38.830729024108074,0.13081177044596945,0.4044905852678724,0.2079669816495553,0.5165907857827233,38.80194085389331,39.03869600575763,38.87619560824788,38.802607232151786,38.63420542048976
P_0020_0013,20,13,-10.9485,-16.429499999999997,19.7433057642331,20,0.783,1.0,158.6780766243939,162.67018353222647,39.14017027918571,38.953693940481,39.31351346405262,39.142227295059854,0.1161806433257174,0.3598195235716162,0.18853335457885123,0.45953962141968857,39.1849435475142,39.31351346405262,39.144607605879,39.11437791737245,38.953693940481
P_0020_0014,20,14,-10.9485,-15.6465,19.096665009891126,25,0.783,1.0,165.03425506050633,169.44330267951898,39.362255745617084,39.200653764638446,39.53430227976224,39.36608037457627,0.11216763513911153,0.3336485151237909,0.16822190518596614,0.42611560041352603,39.3108865046039,39.53430227976224,39.42985725236469,39.35470207151207,39.200653764638446
P_0020_0015,20,15,-10.9485,-14.8635,18.460587328143163,20,0.783,1.0,170.89968024255808,174.4341726760597,39.624982797170375,39.4946407289483,39.78043518684399,39.6286623297289,0.09632744861778221,0.28579445789569036,0.15177285711509114,0.36499930765733124,39.58877256310046,39.78043518684399,39.68193257332814,39.59753059642361,39.4946407289483
P_0020_0016,20,16,-10.9485,-14.080499999999999,17.83620286103519,20,0.783,1.0,175.7163757484256,179.07765301747307,39.85135467913706,39.6765742244462,40.00930516257438,39.852051396865804,0.10659646990079151,0.33273093812817933,0.1754771724196047,0.4249437268559123,39.88555351283907,40.00930516257438,39.84960534819521,39.83921873627418,39.6765742244462
P_0020_0017,20,17,-10.9485,-13.2975,17.22478326423877,25,0.783,1.0,180.72649266881245,184.43104813110645,40.09146831077149,39.92624273803648,40.24077210275294,40.08754392010493,0.09287528371164928,0.2780557247576212,0.16130118206844912,0.3551158681451101,40.10422146603384,40.2042984627941,40.13898122222406,40.06397571143617,39.92624273803648
P_0020_0018,20,18,-10.9485,-12.5145,16.627758793655865,20,0.783,1.0,185.3574827736199,188.3781029154981,40.30768370448884,40.1897601814776,40.40359059055902,40.297023056612815,0.07087328348775808,0.20765633283814822,0.10726287513521271,0.26520604449316504,40.30745583262092,40.39741651431575,40.33656781712108,40.25391493752875,40.1897601814776
P_0020_0019,20,19,-10.9485,-11.731499999999999,16.046736256946456,20,0.783,1.0,189.15896809195118,192.0455950402327,40.49054580143898,40.383707072827576,40.57674629686335,40.49944913687974,0.07534277526548437,0.1930392240357719,0.11574206405216358,0.24653796173150944,40.573365764837376,40.57674629686335,40.5199153894348,40.443511160435605,40.383707072827576
P_0020_0020,20,20,-10.9485,-10.9485,15.48351718764183,25,0.783,1.0,193.10339457965173,196.25906449559773,40.67497483027576,40.55773113811841,40.79527595788363,40.667499911734595,0.07869099817716697,0.21900095722843815,0.11512247214021443,0.27969470910400784,40.64148934119686,40.78262238387481,40.73025407551808,40.61951233143685,40.56362142664637
P_0020_0021,20,21,-10.9485,-10.165499999999998,14.940115210399147,20,0.783,1.0,196.73321209167895,199.34832418662245,40.83826922510609,40.729892586051164,40.93344869322817,40.86241102739981,0.052798693171799645,0.13074084910795136,0.07103766582836357,0.166974264505685,40.83714505838964,40.93344869322817,40.91729481313882,40.8214587281222,40.80270784412022
P_0020_0022,20,22,-10.9485,-9.3825,14.418771046798684,25,0.783,1.0,200.04133345220376,202.87540571389653,40.99501752047108,40.87935433557169,41.15491871030599,41.00885844302976,0.07383859663962421,0.20095213858417083,0.14606026727623345,0.25664385515219773,40.98011399806046,41.15491871030599,40.98599376081307,40.96929917424745,40.95396657172182
P_0020_0023,20,23,-10.9485,-8.599499999999999,13.921962954267618,20,0.783,1.0,203.06430343086998,205.4404946533247,41.13845977155775,41.0187331677875,41.28034420708849,41.14213841148685,0.08737233217611613,0.2616110393009876,0.13820579560164248,0.33411371558235964,41.111563518709886,41.28034420708849,41.11273827137654,41.18731289247182,41.0187331677875
P_0020_0024,20,24,-10.9485,-7.816499999999998,13.4524096168679,20,0.783,1.0,205.5076577081773,207.7859477094288,41.265078971782835,41.14268944289006,41.39491402501699,41.267275442305824,0.08389528213049975,0.252224582126928,0.1276385827111639,0.3221259030995249,41.260311620988205,41.39491402501699,41.22847158957683,41.30999053305703,41.14268944289006
P_0020_0025,20,25,-10.9485,-7.0335,13.013061688165472,25,0.783,1.0,207.99215821688017,210.4190115892446,41.39218779908866,41.25572628814223,41.523364400348896,41.39539286775872,0.08771859418356649,0.26763811220666867,0.1396665796164953,0.3418111267007263,41.41779382382259,41.523364400348896,41.35817942724458,41.42190039923531,41.25572628814223
P_0020_0026,20,26,-10.9485,-6.250499999999999,12.607077476560535,20,0.783,1.0,210.22038392545295,212.2933987836824,41.49648817915276,41.38217392247879,41.592776310357806,41.46898622040069,0.05731456485775241,0.16495782847209028,0.08681229792189527,0.2106741104368969,41.51474424123609,41.45054231925451,41.45033886808318,41.54713175095088,41.38217392247879
P_0020_0027,20,27,-10.9485,-5.467499999999998,12.237777923299637,20,0.783,1.0,211.9793150859303,213.9667667029623,41.55979674551787,41.47155150808953,41.668997080819054,41.525694368310916,0.05501185940250769,0.15017575719474507,0.09603289697336237,0.19179534763058118,41.62172726528428,41.53093880493793,41.53245388016677,41.47155150808953,41.47180038307607
P_0020_0028,20,28,-10.9485,-4.6845,11.908576426256834,25,0.783,1.0,213.71479769900137,215.78198290219703,41.651491606955254,41.54953142604552,41.75730736402289,41.60728897175551,0.054173714989312644,0.14668883472819516,0.08893128901820546,0.18734206223268857,41.696220260773714,41.61796100860278,41.62129330384727,41.54953142604552,41.551438859508266
P_0020_0029,20,29,-10.9485,-3.9014999999999986,11.622880645519851,20,0.783,1.0,215.21177294818003,217.01708798428825,41.72378658057778,41.63359587553265,41.81720232066948,41.6780873611675,0.045921249655895356,0.12745818067685377,0.08296669504200338,0.16278183994489626,41.7610540562095,41.677002969353055,41.68153499353394,41.63359587553265,41.63724891120836
P_0020_0030,20,30,-10.9485,-3.1184999999999974,11.383966553886214,20,0.783,1.0,216.3339373432203,218.0622381236689,41.77779184293225,41.69031296460872,41.86768961381739,41.73465278517888,0.04989999132062492,0.13843088717590035,0.09409106660574196,0.1767955136346109,41.82874385178462,41.726791467595376,41.73230504922458,41.69031296460872,41.69511059268109
P_0020_0031,20,31,-10.9485,-2.3354999999999997,11.194829721795681,25,0.783,1.0,217.3651709416715,219.1048302695793,41.73900183487068,41.57942369032935,41.86232869282316,41.72105919185621,0.07841533622918892,0.24108369820378783,0.14163550152686355,0.30789744342757064,41.82050738853314,41.72402753139039,41.57942369032935,41.73780589572283,41.743531453305366
P_0020_0032,20,32,-10.9485,-1.5524999999999984,11.058024620157074,20,0.783,1.0,218.1675948157111,219.72978755837352,41.63410985975704,41.478035538418624,41.73978300271688,41.623885640785,0.07943634093887009,0.22810649054332544,0.11980576880326765,0.29132374271178213,41.686586424922666,41.50407987198173,41.60892503369155,41.732186362525056,41.587650510804
P_0020_0033,20,33,-10.9485,-0.7695000000000007,10.975508302579884,20,0.783,1.0,218.67898622510876,220.1700420152636,41.52966698989708,41.404313700899536,41.67073221844822,41.5419794231171,0.07276219590989573,0.19770887674850002,0.11031748611841152,0.2525017582994892,41.43166193699869,41.52407921400942,41.62937081374719,41.50990128180928,41.6148838690209
P_0020_0034,20,34,-10.9485,0.013500000000000512,10.948508323054789,25,0.783,1.0,219.02825630585886,220.4614656218096,41.47186504536379,41.36920858183976,41.636208086672696,41.495282893553664,0.08773007697245168,0.26386275157807404,0.1377884398641669,0.3369894656169528,41.44513517175494,41.50128830832199,41.36920858183976,41.52771107243382,41.63307133341783
P_0020_0035,20,35,-10.9485,0.7965000000000018,10.977434331390919,20,0.783,1.0,219.151803882328,220.49830814606491,41.43266808202816,41.35405498947523,41.59157206617596,41.473492456392066,0.07448870358175877,0.22146522581817862,0.11807960978389076,0.2828419231394363,41.425852847743045,41.47773383150195,41.59157206617596,41.50219669618161,41.37010684035778
P_0020_0036,20,36,-10.9485,1.5794999999999995,11.061847607881786,20,0.783,1.0,219.06069483490305,220.4652816918257,41.320300575908355,41.0144993002649,41.46036762608907,41.31890689936781,0.13111222969137404,0.3863690643290738,0.24490833760781783,0.49344708088004313,41.39244929909057,41.07399856175999,41.3266066622474,41.46036762608907,41.34111234765203
P_0020_0037,20,37,-10.9485,2.3625000000000007,11.200493672155705,25,0.783,1.0,218.73108861808277,220.26060676500416,41.09573894582596,40.72578808656664,41.41592552995195,41.09982016953611,0.15665681340688298,0.463554633824117,0.27917544693477936,0.592023797987378,41.12930060448525,40.91544098264677,41.37899561647089,41.070702472400455,41.00466117167719
P_0020_0038,20,38,-10.9485,3.145500000000002,11.391392474144677,20,0.783,1.0,218.1726726768508,219.74336757155967,40.89437212878664,40.350731624624245,41.193801643692325,40.93211493353929,0.2932008330833971,0.7941272882445674,0.5324405780915313,1.014211096097787,41.132410400870526,40.39967435544776,41.10012265581338,41.193801643692325,40.83456561187245
P_0020_0039,20,39,-10.9485,3.9284999999999997,11.631971651444134,20,0.783,1.0,217.47079064378326,219.1184997941517,40.44664834605895,39.56832260631211,41.09167103586185,40.56026387199914,0.5083124023856834,1.5010144237629675,0.9696072599002576,1.9170043726219252,40.70628050486414,39.59065661209888,40.654542310452086,40.75816889671876,41.09167103586185
P_0020_0040,20,40,-10.9485,4.711500000000001,11.919223317817314,25,0.783,1.0,216.44663305182377,218.30367707403312,39.589557516226215,38.35741141389394,40.64425294182229,40.006751220969065,0.46445148896938604,1.4473586166135988,0.809856895760376,1.84847843756526,40.068324927923015,39.19689432520869,40.00569860228586,40.118585307605485,40.64425294182229
P_0020_0041,20,41,-10.9485,5.494500000000002,12.249864591088345,20,0.783,1.0,215.18396809597206,217.01381382726427,38.43840712259553,36.67135315066355,39.188993883483874,38.7153648750229,0.5301127039647239,1.3307186080360722,0.8570895995750973,1.6995129093691854,39.12827821701888,37.8582752754478,39.071609667533664,39.188993883483874,38.32966733163028
P_0020_0042,20,42,-10.9485,6.277500000000003,12.620485668150812,25,0.783,0.36,76.96615052401803,215.76072826995704,36.09005714557063,34.255944819859,37.84747859858402,36.11770052100119,1.162708977786922,3.5737561575519976,1.843978079969169,4.56418410926181,34.27372244103202,35.930171655855304,35.89015628148894,37.84747859858402,36.64697362804566
P_0020_0043,20,43,-10.9485,7.060500000000005,13.02767486929268,20,0.783,0.0,0.0,0.0,37.44313423029821,35.861071973255775,38.33535277257033,37.80368403092924,0.9621365211790076,2.4545935079567585,1.922924766315667,3.1348576091401767,38.287884352588605,38.29183227745614,38.22259148741756,38.33535277257033,35.88075926461357
P_0020_0044,20,44,-10.9485,7.843499999999999,13.4681158481801,20,0.783,0.7,147.0660417820162,212.198912510142,40.63863637640486,38.19086521741389,41.769427098731,40.98357781577388,1.389649040154875,3.562471067738784,2.7766217847816606,4.549771478593594,41.66481592559518,41.69712051082041,41.579569512730586,41.769427098731,38.20695603099222
P_0020_0045,20,45,-10.9485,8.6265,13.938656839882386,25,0.783,1.0,207.7813674754733,210.27374181601056,41.55931630165564,41.44315702818676,41.67166108918116,41.558437280730935,0.07232829070363937,0.22850406099439624,0.11528025254417429,0.291831495522856,41.56078100772612,41.56288746295832,41.44315702818676,41.67166108918116,41.55369981560233
P_0020_0046,20,46,-10.9485,9.409500000000001,14.436354889652721,20,0.783,1.0,205.20970233226484,207.55753608002823,41.42898344719737,41.32099703969175,41.53392966618179,41.43136304562809,0.06832133933553058,0.21293262649004419,0.11036600593634205,0.2719446059898393,41.44544868556136,41.44271640714123,41.32099703969175,41.53392966618179,41.4137234295643
P_0020_0047,20,47,-10.9485,10.192500000000003,14.958499540395088,20,0.783,1.0,202.66970045454315,205.12720666374693,41.30039175845063,41.186748100956606,41.41084162472379,41.29632292271542,0.07144494047399365,0.2240935237671806,0.11451870200836822,0.2861986255008692,41.28473763736452,41.31069916586762,41.186748100956606,41.41084162472379,41.28858808466458
P_0020_0048,20,48,-10.9485,10.975500000000004,15.50262082681506,25,0.783,1.0,199.51270059973518,202.45822933469483,41.14070279823978,41.00109929721822,41.2757849623406,41.1397325229954,0.08717898922824932,0.2746856651223837,0.13863322577718407,0.3508118328510647,41.14231943355907,41.12822400248342,41.00109929721822,41.2757849623406,41.151234919375725
P_0020_0049,20,49,-10.9485,11.758499999999998,16.066486065720778,20,0.783,1.0,196.0410917692539,198.77011283179573,40.965226673775575,40.83752745966712,41.08930949143979,40.968565371889824,0.08017400737024813,0.2517820317726702,0.1310379122227019,0.3215607046905111,40.98695614894592,40.96754005556653,40.83752745966712,41.08930949143979,40.961493703829774
P_0020_0050,20,50,-10.9485,12.5415,16.648089214681665,20,0.783,1.0,192.6598888128953,195.52290306903373,40.79442244071834,40.65975952695618,40.925236990006624,40.789191280253455,0.08432040100835421,0.26547746305044484,0.13604570975316932,0.3390516769482054,40.7734951852575,40.79301603644751,40.65975952695618,40.925236990006624,40.79444866259945
P_0020_0051,20,51,-10.9485,13.3245,17.245635752270775,25,0.783,1.0,188.50171636530717,191.9961306466149,40.584473149509705,40.41621943568248,40.74712758339058,40.58335791618258,0.106299999141994,0.33090814770810084,0.16713848050009972,0.42261576974214665,40.586331047692056,40.55411296734849,40.41621943568248,40.74712758339058,40.6129985467993
P_0020_0052,20,52,-10.9485,14.107500000000002,17.857525262476884,20,0.783,1.0,183.9644171021396,187.16808848544736,40.3554752595506,40.20302272624781,40.50341472391676,40.35993405868165,0.09592129447063531,0.3003919976689531,0.15691133243384314,0.38364239804463995,40.38355276846215,40.34517399982053,40.20302272624781,40.50341472391676,40.36450607496101
P_0020_0053,20,53,-10.9485,14.890500000000003,18.482333253677687,20,0.783,1.0,179.56800395824476,182.94489050600663,40.133662160041105,39.97211486307901,40.29031451013242,40.12698102599573,0.10153807120925655,0.31819964705341164,0.16333348413668602,0.40638524527894204,40.1063587986539,40.11910503977191,39.97211486307901,40.29031451013242,40.14701191834144
P_0020_0054,20,54,-10.9485,15.673500000000004,19.118793228130276,25,0.783,1.0,174.17539643341232,178.37430287143857,39.86166072296966,39.65617742879277,40.05974848763992,39.86030103509286,0.1315931804789585,0.40357105884714883,0.20412360630008664,0.5154164225378657,39.86392524258128,39.81020880699782,39.65617742879277,40.05974848763992,39.911445209452495
P_0020_0055,20,55,-10.9485,16.4565,19.765779632991965,20,0.783,1.0,168.29203565451917,172.126536676612,39.564967659600825,39.37922236794839,39.74465339601761,39.57081354887092,0.11759701226794475,0.36543102806922434,0.19159118092253635,0.466706293830427,39.60126516540356,39.539868043417584,39.37922236794839,39.74465339601761,39.589058771567466
P_0020_0056,20,56,-10.9485,17.2395,20.422292048151697,20,0.783,1.0,162.57762805744923,166.65546346986383,39.27683909841053,39.07811946446668,39.46878041997189,39.2681869059604,0.12571000356085013,0.3906609555052114,0.20059351401149428,0.4989284233783032,39.24123612746871,39.2464793253543,39.07811946446668,39.46878041997189,39.3063191925404
P_0020_0057,20,57,-10.9485,18.0225,21.087440776443216,25,0.783,1.0,155.52978561508647,160.7138662083878,38.92151273742089,38.66296884801574,39.16921657335473,38.91968779812773,0.16752538971234493,0.5062477253389943,0.2567189501119955,0.6465488190791754,38.92455019315236,38.84297935724152,38.66296884801574,39.16921657335473,38.99872401887433
P_0020_0058,20,58,-10.9485,18.805500000000002,21.760433876648694,20,0.783,1.0,147.77169987962125,152.5338073876075,38.5303987140702,38.29475459169584,38.75682632481693,38.538112168978444,0.15012515025978754,0.4620717331210855,0.24335757728260177,0.5901299273577082,38.57859230430694,38.48623377786839,38.29475459169584,38.75682632481693,38.574153846204126
P_0020_0059,20,59,-10.9485,19.588500000000003,22.440565601160774,20,0.783,1.0,140.13647427670244,145.29147986683842,38.14547971600003,37.88831207907896,38.39172099464554,38.13373528879582,0.16350708560560862,0.5034089155665811,0.2579857058497197,0.6429232638142798,38.09773926153935,38.093908966765866,37.88831207907896,38.39172099464554,38.1969951419494
P_0020_0060,20,60,-10.9485,20.371500000000005,23.127206154224513,25,0.783,1.0,130.53447541849465,137.31325796239722,37.661384454436785,37.3138966856809,37.98950882947986,37.65843318910116,0.2265095299944146,0.6756121437989577,0.3445365034202581,0.8628507583639307,37.66628680556846,37.54262198584553,37.3138966856809,37.98950882947986,37.77985163893106
P_0020_0061,20,61,-10.9485,21.1545,23.81979266282559,20,0.783,1.0,119.66657043172502,126.0716737252445,37.11341051365114,36.78591548231276,37.4227343364048,37.09786351897541,0.2080708814674698,0.6368188540920414,0.3248708174293924,0.813306327065187,37.05225484424528,37.040042802564585,36.78591548231276,37.4227343364048,37.18837012934961
P_0020_0062,20,62,-10.9485,21.9375,24.5178212429245,25,0.783,1.0,106.96721814590438,115.7819746335382,36.4729765377924,36.0045488882443,36.90388159765564,36.46768356076556,0.30377419528736405,0.8993327094113397,0.4631346725212566,1.1485730643822984,36.48172004464925,36.306277855539975,36.0045488882443,36.90388159765564,36.64198941773861
P_0020_0063,20,63,-10.9485,22.7205,25.220840043503706,20,0.783,1.0,91.77392427862274,100.6568119653419,35.706581626505084,35.22852642658728,36.14104214867848,35.72018919499946,0.30128086343450133,0.9125157220912001,0.4916627684121835,1.1654096067575992,35.810082695358744,35.59502215605528,35.22852642658728,36.14104214867848,35.82627254831755
P_0020_0064,20,64,-10.9485,23.503500000000003,25.928443156117186,20,0.783,1.0,74.55528727397004,85.81504535696814,34.83771465099151,34.19367058632952,35.39227386504234,34.80258258898366,0.39378207072409455,1.1986032787128238,0.6089120026541437,1.5307832422896854,34.730842065583886,34.693906976863275,34.19367058632952,35.39227386504234,35.00221945109928
P_0020_0065,20,65,-10.9485,24.286500000000004,26.640265285841284,23,0.783,1.0,45.50245563307551,66.53019769987101,33.369899378983995,31.778667256678204,34.418978676013694,33.2938504224925,0.8369413860621776,2.405561926024575,1.2804336725033778,3.0722374534158043,33.405618713474155,32.775484489196,32.01341674998912,34.418978676013694,33.8557534837895
P_0021_0003,21,3,-10.165499999999998,-24.2595,26.30324562672827,16,0.783,1.0,49.32447436927608,61.622460658487626,33.62933698506719,32.89981958652652,34.23906172686213,33.59630959689688,0.46183980689587784,1.3392421403356138,0.6964900103703613,1.7103986466610648,33.561964571282374,34.23906172686213,33.92600164162377,33.3547004581896,32.89981958652652
P_0021_0004,21,4,-10.165499999999998,-23.4765,25.582874007820156,16,0.783,1.0,70.22915156937108,79.23256360899639,34.6820078993198,34.19508388097893,35.12515691940689,34.70687237995021,0.3280513162816042,0.9300730384279632,0.5117884989712849,1.1878327438415877,34.843689181196964,35.12515691940689,34.88713434446527,34.483297573703,34.19508388097893
P_0021_0005,21,5,-10.165499999999998,-22.6935,24.866289077785613,20,0.783,1.0,87.72354809921359,96.6000924671252,35.561723834045324,35.08989453812677,35.997956399258044,35.56312187588852,0.32712641847035917,0.908061861131273,0.47322733776174886,1.159721406297922,35.60524556189688,35.997956399258044,35.80646240224564,35.31605047791527,35.08989453812677
P_0021_0006,21,6,-10.165499999999998,-21.9105,24.15382786433653,16,0.783,1.0,102.07334463887693,108.25077601428768,36.28250204484844,35.96694980150596,36.58283086276879,36.27172727060164,0.21219287414677773,0.6158810612628258,0.3111035921671501,0.7865658509103778,36.242825432431175,36.58283086276879,36.41409560106746,36.15193465523481,35.96694980150596
P_0021_0007,21,7,-10.165499999999998,-21.127499999999998,23.445866298774288,16,0.783,1.0,113.00818407252166,118.51821133063326,36.83121282185492,36.55319849672702,37.0978323453337,36.84762353515329,0.1906292979734608,0.5446338486066793,0.29442503842626877,0.6955732421541242,36.9242808958835,37.0978323453337,36.94543044321557,36.71737549460664,36.55319849672702
P_0021_0008,21,8,-10.165499999999998,-20.3445,22.742824593704274,20,0.783,1.0,123.8443304527985,129.8781732422417,37.37449901640806,37.06869238931648,37.66714197363672,37.37705635701833,0.2138158588535837,0.5984495843202353,0.30836396770185104,0.7643034282506198,37.40195857193157,37.66714197363672,37.52979897942208,37.2176898707848,37.06869238931648
P_0021_0009,21,9,-10.165499999999998,-19.5615,22.045173451347573,16,0.783,1.0,133.53698998677606,138.02646004073486,37.860061675478434,37.6379015255161,38.07516459273484,37.85318605235629,0.14921093351061987,0.4372630672187441,0.2219785403785508,0.5584458074313462,37.833032852614906,38.07516459273484,37.94709616852265,37.77273512239299,37.6379015255161
P_0021_0010,21,10,-10.165499999999998,-18.7785,21.353441233206418,16,0.783,1.0,141.32534257833453,145.48483547682886,38.24992737765655,38.045482695684655,38.448384416232216,38.26235340040121,0.13952650893660462,0.4029017205475611,0.21687070471655545,0.5145615843519299,38.31848799591319,38.448384416232216,38.3278941274636,38.171517766712384,38.045482695684655
P_0021_0011,21,11,-10.165499999999998,-17.9955,20.66822223849937,20,0.783,1.0,149.31230706939297,153.981902974347,38.64944477010781,38.418044852224455,38.873266310789006,38.65193330370202,0.16067910831592833,0.45522145856455154,0.23388845147756854,0.581381173134804,38.6709912806528,38.873266310789006,38.76051321271524,38.53685086212863,38.418044852224455
P_0021_0012,21,12,-10.165499999999998,-17.2125,19.990186254760108,16,0.783,1.0,156.63097420919752,160.20535495867423,39.01527454735984,38.84188631862975,39.18423409238005,39.01042308508751,0.11529844046322371,0.3423477737503049,0.17381100729254229,0.43722576468749025,38.99609338243772,39.18423409238005,39.07662497139984,38.95327666059018,38.84188631862975
P_0021_0013,21,13,-10.165499999999998,-16.429499999999997,19.320089557245844,16,0.783,1.0,162.614645393672,165.97771589705903,39.3141657770445,39.151890582853525,39.47247973323704,39.32412987927423,0.10956774450808261,0.3205891503835119,0.172239296420706,0.4094369736698747,39.368652444808106,39.47247973323704,39.36929429220049,39.258332343272,39.151890582853525
P_0021_0014,21,14,-10.165499999999998,-15.6465,18.65878754099526,20,0.783,1.0,168.82583997858362,172.62384668024967,39.51250627047167,39.410318982631566,39.602724335395806,39.52609541372033,0.06587206295293299,0.19240535276423998,0.11577643108876146,0.2457284198777011,39.50725079440588,39.602724335395806,39.5689263358949,39.54125662027349,39.410318982631566
P_0021_0015,21,15,-10.165499999999998,-14.8635,18.007249165266746,16,0.783,1.0,174.56636038967488,177.52725368345506,39.725147072359235,39.63153401509766,39.84303724809331,39.72940136754461,0.083740587750076,0.21118190484310162,0.11363588054869922,0.26970869073193054,39.69376192974573,39.84303724809331,39.81391847358748,39.66443384304631,39.63185534325021
P_0021_0016,21,16,-10.165499999999998,-14.080499999999999,17.36657336667196,16,0.783,1.0,179.2866795700205,182.09363928584636,39.940157035098565,39.83276464433612,40.06670977478507,39.959281648032785,0.0682660665253091,0.19427074031239044,0.10742812675228208,0.24811077945388307,39.98219761471523,40.06670977478507,39.97459508447986,39.90046673171111,39.87243903447268
P_0021_0017,21,17,-10.165499999999998,-13.2975,16.73800754271547,20,0.783,1.0,184.20198998998325,187.36291761128984,40.18093303529629,40.02870503004465,40.370912332754415,40.1900767647197,0.11465316054943592,0.34220730270976674,0.18083556803471623,0.437046363614006,40.1949917814552,40.370912332754415,40.235606812754895,40.12016786658933,40.02870503004465
P_0021_0018,21,18,-10.165499999999998,-12.5145,16.12296810453956,16,0.783,1.0,188.74971729925767,191.2510230358249,40.41577151146435,40.285024494323466,40.56178647356455,40.41753563678441,0.08841475514882845,0.2767619792410869,0.14425083678014516,0.3534635750205452,40.3929629792903,40.56178647356455,40.42796334535456,40.41994089138916,40.285024494323466
P_0021_0019,21,19,-10.165499999999998,-11.731499999999999,15.523062922632246,16,0.783,1.0,192.48599880347282,194.86595566586547,40.569682520522434,40.45673217511609,40.711593270628384,40.55848086501228,0.08086897734643092,0.2116022679932712,0.10985357809708063,0.2702455529926835,40.66833444310936,40.58684202985842,40.60661466297631,40.45673217511609,40.47388101400122
P_0021_0020,21,20,-10.165499999999998,-10.9485,14.940115210399147,20,0.783,1.0,196.36560947133506,199.02156630187235,40.75556337572469,40.62861706053667,40.8884004906331,40.74283233568654,0.08646955833319935,0.2079596241287618,0.11421527514987417,0.2655933896919052,40.83657668466543,40.788000662236186,40.811744425650375,40.62861706053667,40.64922284534407
P_0021_0021,21,21,-10.165499999999998,-10.165499999999998,14.376187968303695,16,0.783,1.0,199.9381142666924,202.0700674631121,40.918549457587005,40.79931901760256,41.03870569019938,40.908888315776245,0.062209776080668355,0.18490389479160285,0.10197762487680251,0.23614801378237912,40.873277446128895,40.93545517488752,41.01086594065305,40.825962045861445,40.89888097135031
P_0021_0022,21,22,-10.165499999999998,-9.3825,13.833607501299143,20,0.783,1.0,203.19604773627822,205.5523007526992,41.04544797244963,40.94433626297155,41.18292452035632,41.06329148043992,0.07403432448716835,0.21240995262809292,0.11963303991640117,0.2712770787076538,41.01255387126315,41.10374817015503,41.18292452035632,40.97051456772823,41.04671627269687
P_0021_0023,21,23,-10.165499999999998,-8.599499999999999,13.314983683805247,16,0.783,1.0,206.17472253930674,208.08590042203292,41.18193999235324,41.0833010206868,41.30794296988546,41.20505059325043,0.06345988317837503,0.17260486853859902,0.10289237663503314,0.22044044513231037,41.140679641803615,41.22607983880448,41.30794296988546,41.13533810134686,41.21521241441173
P_0021_0024,21,24,-10.165499999999998,-7.816499999999998,12.823223561179924,16,0.783,1.0,208.583443713444,210.40340461682172,41.28684290928386,41.20369370520075,41.412169732102655,41.3249785015092,0.051877380630817455,0.15156014568231768,0.08719123059345435,0.19356340444740444,41.28575023316944,41.412169732102655,41.26060958642034,41.32886809744832,41.33749485840525
P_0021_0025,21,25,-10.165499999999998,-7.0335,12.361533582043936,20,0.783,1.0,211.03382670506025,213.00609370836685,41.395086551401576,41.28718313321474,41.53821195436802,41.40825877115583,0.08154258577857942,0.25102882115328384,0.1299531832121943,0.32059874987648,41.39014701251568,41.53821195436802,41.38710617277656,41.438645582904144,41.28718313321474
P_0021_0026,21,26,-10.165499999999998,-6.250499999999999,11.933404396901999,16,0.783,1.0,213.23239938770257,214.85955245738452,41.51987899167369,41.4105153447062,41.62783252196999,41.52732125389006,0.07548950639408164,0.2173171772637943,0.11680590918386002,0.27754428769322387,41.5596849500875,41.62783252196999,41.477033464046485,41.56153998864011,41.4105153447062
P_0021_0027,21,27,-10.165499999999998,-5.467499999999998,11.542571052412887,16,0.783,1.0,214.9686597219711,216.5147840308495,41.60354619703825,41.49798163689405,41.70773584282949,41.61520100761443,0.07643111596159387,0.20975420593543959,0.11721937072037747,0.2678853204794886,41.66437748348034,41.70773584282949,41.55719890404521,41.64871117082305,41.49798163689405
P_0021_0028,21,28,-10.165499999999998,-4.6845,11.19294110142638,20,0.783,1.0,216.68251120710838,218.3110214685032,41.68978166666883,41.5757390860386,41.79424471246364,41.69549873273028,0.07673262011614954,0.2185056264250349,0.11975964669167638,0.27906210271396537,41.73731357197971,41.79424471246364,41.64397936562983,41.72621692753961,41.5757390860386
P_0021_0029,21,29,-10.165499999999998,-3.9014999999999986,10.888484398666325,16,0.783,1.0,218.1615177953721,219.5337436276401,41.77602156074251,41.65957189702931,41.85295219994754,41.765200335122515,0.07211227693201532,0.1933803029182286,0.10562843809320555,0.24697356694537498,41.80082414491813,41.85295219994754,41.702863609575445,41.80978982414217,41.65957189702931
P_0021_0030,21,30,-10.165499999999998,-3.1184999999999974,10.633081985012621,16,0.783,1.0,219.27081367161384,220.5688905996292,41.82911246882861,41.71613895480209,41.90246947684045,41.820899533841875,0.07279582161472872,0.18633052203836087,0.10476057903978386,0.23797001537466267,41.86717594140293,41.90246947684045,41.75252469676411,41.86618859939978,41.71613895480209
P_0021_0031,21,31,-10.165499999999998,-2.3354999999999997,10.430337985894798,20,0.783,1.0,220.29092028983547,221.6022075750324,41.85201711249408,41.74966436206381,41.93364000166412,41.84225475507727,0.07138172500866369,0.16376122698346762,0.0925903930134595,0.2091458837592179,41.90996816720536,41.87470377371511,41.74966436206381,41.91342558904728,41.7635118833548
P_0021_0032,21,32,-10.165499999999998,-1.5524999999999984,10.283367468879051,16,0.783,1.0,221.0854672909232,222.22225816293087,41.60669963680117,41.51621416711981,41.7827673333544,41.63852443849622,0.07325421948601396,0.22832865232471278,0.1192805508836301,0.29160747423334965,41.61752907655648,41.65422189566152,41.52947633705514,41.63358989382812,41.75780498937985
P_0021_0033,21,33,-10.165499999999998,-0.7695000000000007,10.194582899756123,16,0.783,1.0,221.5926833887859,222.65979858658272,41.539449345843906,41.24799211935476,41.665254219447775,41.51817470252759,0.1399820082712003,0.40796341006893044,0.2661282173670685,0.5210260664992725,41.59408850108616,41.25204648516052,41.5494418737585,41.66000989522945,41.5352867574033
P_0021_0034,21,34,-10.165499999999998,0.013500000000000512,10.165508964139471,20,0.783,1.0,221.9403921396682,222.9508835341852,41.39390928935471,41.21757549229136,41.585398158456485,41.37463540917027,0.14966185921098968,0.32420076647549223,0.18749608210730173,0.4140495101858138,41.23793072480208,41.26446802409134,41.56213149127757,41.2555773065767,41.55306949910363
P_0021_0035,21,35,-10.165499999999998,0.7965000000000018,10.19665643728374,16,0.783,1.0,222.06550104600518,222.9891493139271,41.33365556652579,41.18231055452537,41.55253880737433,41.346531577720555,0.13932499851972718,0.32053001704440476,0.1810524555777988,0.4093614521639907,41.20705401625395,41.22947003640576,41.50316723251149,41.26538257013323,41.52758403329835
P_0021_0036,21,36,-10.165499999999998,1.5794999999999995,10.287478335335631,16,0.783,1.0,221.97856731011518,222.9577522963831,41.2022618576992,41.09914946929939,41.526719583547845,41.229657051805646,0.14056272812572848,0.40276487734263355,0.27225729483637906,0.5143868165295448,41.16114005001901,41.18170393052935,41.09914946929939,41.204377462538446,41.501914346642025
P_0021_0037,21,37,-10.165499999999998,2.3625000000000007,10.436416842000897,20,0.783,1.0,221.65683796624666,222.75798407045727,40.84974947117324,40.59619160535607,41.170481494593616,40.86581310400743,0.1689021268536547,0.46258139415885324,0.2325240218853466,0.5907808354519198,40.78671587278734,40.7924391823916,41.02075090645519,40.63328908212208,41.095870476280936
P_0021_0038,21,38,-10.165499999999998,3.145500000000002,10.641031928342287,16,0.783,1.0,221.10954900524433,222.25002004752,40.667907769573866,40.40671134304921,41.20788499072171,40.736726071315516,0.2763330754704065,0.7545675650598582,0.4469534824348642,0.9636878225540974,40.42911198869052,40.84030060308305,40.76885089317875,40.46168731787486,41.18367955375038
P_0021_0039,21,39,-10.165499999999998,3.9284999999999997,10.898188037467511,16,0.783,1.0,220.42053549097528,221.6351554375035,40.13055627880484,39.605288951690966,40.80714622570849,40.1969945974255,0.35537680122790577,1.1207177712250882,0.5851713284004489,1.4313126069285929,40.18939954021016,40.20134639490357,40.15061297158695,39.66144815460086,40.78216592582595
P_0021_0040,21,40,-10.165499999999998,4.711500000000001,11.204268048382275,20,0.783,1.0,219.41434655993083,220.83271564033933,39.11164367707679,36.78499266408261,40.1865836751075,38.77766302559511,1.1259678385330982,3.356151125163713,1.992670361512502,4.286272190502826,39.258723936726426,36.78499266408261,39.21697540141378,38.48647933650642,40.14114378924632
P_0021_0041,21,41,-10.165499999999998,5.494500000000002,11.555384913537065,16,0.783,0.8125,177.19473138233602,219.56183115515148,37.10003614886179,34.315767179183524,39.20910805040438,37.45069548765406,1.6444702996869904,4.888900779869459,3.1304882171191366,6.243806870842221,37.915101349123006,34.32020727053492,37.87422705289248,37.93483371531551,39.20910805040438
P_0021_0042,21,42,-10.165499999999998,6.277500000000003,11.947568643870602,20,0.783,0.0,0.0,0.0,36.29030256518389,34.30094905050208,38.4226483562411,36.1245711829333,1.313001581812035,4.108685536462588,2.2850634040313693,5.247363392672526,35.974234724326834,38.40963458696467,35.93936094654396,35.99867660632896,34.30094905050208
P_0021_0043,21,43,-10.165499999999998,7.060500000000005,12.376916033487504,16,0.783,0.375,80.49543980973718,215.68598435465367,39.67764993792093,38.32280586491902,41.91841194587374,39.76624728483604,1.7081415612096937,3.5453525552917426,2.1303793666254336,4.527908755161868,38.3677739764845,41.896626651461474,41.81936705130704,38.39619464875744,38.35127409616973
P_0021_0044,21,44,-10.165499999999998,7.843499999999999,12.839699470782014,16,0.783,1.0,213.154014399897,214.81636941753496,41.80030319343268,41.72465320395503,41.8741896335755,41.80010117980193,0.047338980330900726,0.14953642962046843,0.07544797584689888,0.1909788373186059,41.80205246804951,41.80292111382005,41.72465320395503,41.8741896335755,41.79668947960954
P_0021_0045,21,45,-10.165499999999998,8.6265,13.332437605329341,20,0.783,1.0,210.89651653905116,212.91914758471884,41.685725618131016,41.59092845695483,41.77782921570724,41.68772991803862,0.06010617523373183,0.18690075875241519,0.09680146108379262,0.23869828704012155,41.69996296246967,41.6706394557271,41.59092845695483,41.77782921570724,41.69928949933427
P_0021_0046,21,46,-10.165499999999998,9.409500000000001,13.85193417902352,16,0.783,1.0,208.36957796632242,210.24289394203143,41.557643049916564,41.471220924052886,41.6421073646423,41.562895313032655,0.05543492669641454,0.17088644058941327,0.09167438897976865,0.21824577342198373,41.5868195227074,41.55224717710627,41.471220924052886,41.6421073646423,41.56208157665441
P_0021_0047,21,47,-10.165499999999998,10.192500000000003,14.395292511790096,16,0.783,1.0,205.8746026295566,207.84894994023665,41.431317090330026,41.3397233823203,41.52084979037102,41.430298231842606,0.05753933565777508,0.18112640805071578,0.0905748495223051,0.231323637357236,41.4292239340304,41.42222347838543,41.3397233823203,41.52084979037102,41.43947057410588
P_0021_0048,21,48,-10.165499999999998,10.975500000000004,14.959912783836678,20,0.783,1.0,202.7749154914185,205.22073114096943,41.274512568372856,41.1579865311723,41.38784390662647,41.27659907754848,0.07559816225138687,0.2298573754541735,0.11861254637618401,0.2935598664804259,41.28963741339413,41.24257894531934,41.1579865311723,41.38784390662647,41.304948591230186
P_0021_0049,21,49,-10.165499999999998,11.758499999999998,15.543478133931282,16,0.783,1.0,199.36812248077558,201.5904734574285,41.10229905202034,40.997973653202735,41.20428014115862,41.108679789010694,0.06770589381233277,0.20630648795588513,0.11070613580795907,0.26348210466907424,41.13744620309734,41.08446627131531,40.997973653202735,41.20428014115862,41.119232676279466
P_0021_0050,21,50,-10.165499999999998,12.5415,16.143934232398244,16,0.783,1.0,196.05212333853308,198.39582318936053,40.93477753698548,40.82420254627664,41.042853150720646,40.93284569820363,0.07050380672722557,0.21865060444400797,0.11000745251701716,0.27924725982631926,40.92849674713091,40.9128253260252,40.82420254627664,41.042853150720646,40.95585072086476
P_0021_0051,21,51,-10.165499999999998,13.3245,16.759465698523922,20,0.783,1.0,191.97721368647797,194.9280001267982,40.72902093655104,40.586374066957774,40.86771139527679,40.73121635720277,0.09474002003811528,0.2813373283190188,0.14484229024499484,0.3593069327190534,40.74544611560617,40.67803376374883,40.586374066957774,40.86771139527679,40.77851644442427
P_0021_0052,21,52,-10.165499999999998,14.107500000000002,17.388471655093785,16,0.783,1.0,187.53472092373448,190.18407475382057,40.504797949910326,40.37842003250904,40.62823404627619,40.51254580171384,0.08330973350412678,0.24981401376714985,0.13412576920480035,0.31904727173326924,40.54730439078196,40.47285973618318,40.37842003250904,40.62823404627619,40.53591080281882
P_0021_0053,21,53,-10.165499999999998,14.890500000000003,18.02954188269907,16,0.783,1.0,183.23468410536157,186.03797151340203,40.287839801736666,40.15346834620368,40.41901659162943,40.284829215121746,0.08716432185919383,0.26554824542574806,0.13418737650768264,0.3391420758949528,40.276777150054784,40.25105740817071,40.15346834620368,40.41901659162943,40.32382657955014
P_0021_0054,21,54,-10.165499999999998,15.673500000000004,18.681434433683087,20,0.783,1.0,177.96698135148958,181.5548468721693,40.02213178532271,39.846193786735,40.19285638777637,40.02446489353942,0.11923163678455832,0.34666260104136626,0.1782711068044165,0.4427363997974026,40.0405138284961,39.948345875305165,39.846193786735,40.19285638777637,40.09441458938443
P_0021_0055,21,55,-10.165499999999998,16.4565,19.343055149070942,16,0.783,1.0,172.2286044237972,175.43406904144447,39.732745469607465,39.577371814643584,39.88415965490088,39.74224982995251,0.10398462839566132,0.306787840257293,0.1648780153089291,0.39181077938351594,39.78493148750357,39.68378845625887,39.577371814643584,39.88415965490088,39.78099773645568
P_0021_0056,21,56,-10.165499999999998,17.2395,20.013439247165888,16,0.783,1.0,166.66521560129542,170.08199046503236,39.45222955492813,39.285748676406286,39.61428372892374,39.44783705727936,0.10970072633851181,0.3285350525174522,0.16644667164437976,0.41958499682944084,39.43534105676992,39.39711153336822,39.285748676406286,39.61428372892374,39.50670029092862
P_0021_0057,21,57,-10.165499999999998,18.0225,20.69173498042153,20,0.783,1.0,159.81936611871012,164.27882084267785,39.10708786301412,38.88490300262464,39.32169789191357,39.10957605823685,0.15292531627720513,0.43679488928893306,0.2246730556122074,0.5578478790407829,39.12862838934723,39.00367808765435,38.88490300262464,39.32169789191357,39.20897291964445
P_0021_0058,21,58,-10.165499999999998,18.805500000000002,21.377189256307762,16,0.783,1.0,152.30521928487096,156.30710629762555,38.72827656146114,38.53075524194327,38.9198128948176,38.74024155604191,0.13382201938908522,0.38905765287433525,0.2094863140986405,0.4968807827258432,38.79452921681212,38.65675612898798,38.53075524194327,38.9198128948176,38.79935429764856
P_0021_0059,21,59,-10.165499999999998,19.588500000000003,22.069135064610034,16,0.783,1.0,144.93714905528523,149.2690132235043,38.35683467652704,38.14160681771847,38.56500841056493,38.350419134298555,0.1434970626482554,0.42340159284646006,0.21458927626637347,0.5407427750274074,38.33210301009257,38.27640235977856,38.14160681771847,38.56500841056493,38.43697507333826
P_0021_0060,21,60,-10.165499999999998,20.371500000000005,22.766980531023435,20,0.783,1.0,135.71730717852694,141.5410087869838,37.892023284617935,37.59546931050016,38.175419523658206,37.89458027659235,0.20596479148085614,0.5799502131580496,0.29911096609219356,0.7406771560128348,37.91947420515714,37.74442267133594,37.59546931050016,38.175419523658206,38.03811567231031
P_0021_0061,21,61,-10.165499999999998,21.1545,23.470199413298555,16,0.783,1.0,125.3539784554694,130.70639982784124,37.369517761269236,37.09846280463631,37.62918278923394,37.36079279048646,0.18139938186808713,0.5307199845976243,0.26838999874748026,0.6778033008909633,37.33690256416872,37.26258935389535,37.09846280463631,37.62918278923394,37.47682644049797
P_0021_0062,21,62,-10.165499999999998,21.9375,24.17832286367274,20,0.783,1.0,113.38181661976876,120.85924687346828,36.76580028793758,36.37488523861009,37.1326696887449,36.767959639193506,0.2712053078116748,0.7577844501348068,0.3930744005834157,0.9677962326115028,36.80193883127998,36.56631768749344,36.37488523861009,37.1326696887449,36.96398674983914
P_0021_0063,21,63,-10.165499999999998,22.7205,24.89093229471327,16,0.783,1.0,99.31520373577787,106.54985881723364,36.05630997536885,35.67689902290408,36.411023761902186,36.07723730561404,0.2574796154372528,0.7341247389981049,0.40033828270995997,0.9375794878647572,36.18290579212066,35.90297969109474,35.67689902290408,36.411023761902186,36.21237826004853
P_0021_0064,21,64,-10.165499999999998,23.503500000000003,25.60765320172858,16,0.783,1.0,83.94086362873003,92.78666978261556,35.280621281136625,34.80074752020721,35.71673736340534,35.262304257861175,0.31552653808835623,0.9159898431981333,0.46155673765396443,1.1698465430372071,35.226379761298574,35.088861951305546,34.80074752020721,35.71673736340534,35.478794693089185
P_0021_0065,21,65,-10.165499999999998,24.286500000000004,26.328149811561012,20,0.783,1.0,59.83346392708338,75.59684919407964,34.063726735136804,33.03515582706757,34.84930032852765,34.041264595169025,0.6513489274697568,1.8141445014600777,1.0061087681014556,2.316915072107379,34.1816223023431,33.60389553757011,33.03515582706757,34.84930032852765,34.5363489803367
P_0022_0002,22,2,-9.3825,-25.0425,26.74244028692969,21,0.783,1.0,30.407886241349015,49.889613521866025,32.644202458844205,31.144337556978257,33.615301742140105,32.51233373720885,0.7947726898242179,2.0276981071951923,1.102968004931256,2.5896527550385597,32.56338255105845,33.615301742140105,33.124932353789575,31.6704484041112,31.587603634944912
P_0022_0003,22,3,-9.3825,-24.2595,26.010664091868165,20,0.783,1.0,59.546226563620905,70.69141484676942,34.11480598271949,33.482206942867435,34.66282785094671,34.07816219935231,0.3987422812589655,1.1806209080792769,0.5959552564848778,1.5078172516976716,34.00011902065785,34.66282785094671,34.33247058548216,33.91318659680741,33.482206942867435
P_0022_0004,22,4,-9.3825,-23.4765,25.2819571730513,20,0.783,1.0,77.84754707762394,86.57295185154328,35.03587373878043,34.57008053415956,35.46155929790996,35.050749856169,0.3032132933064147,0.8914787637503991,0.48066932200944024,1.1385424824398456,35.14471158608404,35.46155929790996,35.19801756706869,34.87938029562275,34.57008053415956
P_0022_0005,22,5,-9.3825,-22.6935,24.556592770577925,25,0.783,1.0,93.99467511977382,102.75928227179811,35.847507372204554,35.385520567161336,36.27468094492849,35.842264859602224,0.31110196115446853,0.8891603777671548,0.456744292440888,1.135581580800964,35.856178334832975,36.27468094492849,36.05732373677466,35.63762071431364,35.385520567161336
P_0022_0006,22,6,-9.3825,-21.9105,23.834876053799817,20,0.783,1.0,107.53504704511309,113.80357514652054,36.527396210699706,36.20937351129396,36.82892956033902,36.51112225968484,0.20891619384644777,0.6195560490450589,0.31780730065418084,0.791259321896627,36.46190051204758,36.82892956033902,36.63541507672176,36.41999263802188,36.20937351129396
P_0022_0007,22,7,-9.3825,-21.127499999999998,23.11714866716914,20,0.783,1.0,117.98052920058096,123.62494688812394,37.051394398389775,36.768587929229454,37.32140928005021,37.06179849299692,0.18669506816525375,0.5528213508207571,0.2932105637674667,0.7060298222487319,37.11628018284085,37.32140928005021,37.145481829923824,36.95723324294028,36.768587929229454
P_0022_0008,22,8,-9.3825,-20.3445,22.403794020210057,25,0.783,1.0,128.41036353191177,134.56601616405018,37.574168048598615,37.264304197944966,37.869575802404256,37.57175508301742,0.21010452758475395,0.6052716044592898,0.30745088507245555,0.7730160976491569,37.57818125933346,37.869575802404256,37.71019622855852,37.43651792684591,37.264304197944966
P_0022_0009,22,9,-9.3825,-19.5615,21.695243453347093,20,0.783,1.0,137.78928304222185,142.4528332583571,38.043896329534064,37.815019618407575,38.264405211079406,38.032641133130845,0.15028414984134708,0.4493855926718311,0.23176407794856146,0.5739279599895671,37.99680056522061,38.264405211079406,38.11536839699272,37.97161187395392,37.815019618407575
P_0022_0010,22,10,-9.3825,-18.7785,20.99198343415886,20,0.783,1.0,145.35519166785676,149.69567379231967,38.422538568729806,38.211094666996416,38.62675249681399,38.430368416187704,0.13899053644906043,0.41565782981757593,0.21927374919128795,0.5308529116444137,38.469897498408216,38.62675249681399,38.48624831418567,38.35784910453424,38.211094666996416
P_0022_0011,22,11,-9.3825,-17.9955,20.294563964273785,25,0.783,1.0,153.13693258566934,157.97098543843794,38.81170415924592,38.57419342773562,39.04045123614219,38.81010645172687,0.15995557382167214,0.46625780840656716,0.23591302399124459,0.5954761282331636,38.814364477616834,39.04045123614219,38.90873161591554,38.71279150122416,38.57419342773562
P_0022_0012,22,12,-9.3825,-17.2125,19.60360840508706,20,0.783,1.0,160.2842711691777,164.04608402621133,39.16889410902278,38.98831853282394,39.34393962290409,39.160300160059975,0.11760488360701529,0.35562109008014886,0.1836394628441127,0.45417763739482614,39.13265952899934,39.34393962290409,39.21809959659527,39.11848351897726,38.98831853282394
P_0022_0013,22,13,-9.3825,-16.429499999999997,18.919824959549704,20,0.783,1.0,166.13900159642353,169.69029117290918,39.46128469313795,39.291834240639616,39.62572576041339,39.46738201988849,0.11031633969245909,0.33389151977377196,0.17554777924887333,0.4264259511797854,39.49804808102744,39.62572576041339,39.504966303577646,39.41633571378435,39.291834240639616
P_0022_0014,22,14,-9.3825,-15.6465,18.244020075082137,25,0.783,1.0,172.22575356169477,176.19903802210004,39.65931182993987,39.57109176185503,39.76095370652877,39.64291860164684,0.03965910864553127,0.119596013125431,0.0694907467124608,0.1527407575037433,39.66102125493671,39.65346440844752,39.63365562185578,39.69302386805981,39.57342785493438
P_0022_0015,22,15,-9.3825,-14.8635,17.577114054929496,20,0.783,1.0,177.85859118311205,181.00745879923443,39.79563167425918,39.68620149713041,39.90206284472077,39.80523801703373,0.0831740192645986,0.1917944159858962,0.11013487050973936,0.24494816856436294,39.85783775675441,39.88689756250989,39.87296894856468,39.71338267081569,39.69510314652399
P_0022_0016,22,16,-9.3825,-14.080499999999999,16.920159174783194,20,0.783,1.0,182.49551124958788,185.48987836625392,40.00431113493755,39.88925668306655,40.10438976885149,40.01436141837621,0.07374931682323205,0.1742221896623235,0.09002835047527924,0.22250598935162644,39.99877047569879,40.10438976885149,40.09575901312871,39.94272025501289,39.93016757918917
P_0022_0017,22,17,-9.3825,-13.2975,16.274360586517677,25,0.783,1.0,187.32852473554368,190.66729173034227,40.23362035971611,40.07732597355613,40.42371206311299,40.24647056483957,0.09364618393475958,0.267310954874624,0.17724149827341762,0.3413933012447305,40.20645369776929,40.42371206311299,40.25124635660603,40.15640110823836,40.19453959847118
P_0022_0018,22,18,-9.3825,-12.5145,15.641100233039873,20,0.783,1.0,191.80378092734657,194.4908647582296,40.44243493363392,40.29947753006172,40.61002435766824,40.443978257253775,0.10118123721070915,0.3105468276065153,0.16604610041446222,0.39661152951023665,40.39980331109001,40.61002435766824,40.43903002522785,40.471556062221055,40.29947753006172
P_0022_0019,22,19,-9.3825,-11.731499999999999,15.021963869614385,20,0.783,1.0,195.48317704900523,198.04815553986748,40.63145712474045,40.48387398747383,40.7832529315977,40.6315570450634,0.09566062082846678,0.2993789441238732,0.15169588653429855,0.3823485876422391,40.62258558612439,40.7832529315977,40.61354168618169,40.654531033939406,40.48387398747383
P_0022_0020,22,20,-9.3825,-10.9485,14.418771046798684,25,0.783,1.0,199.306128211516,202.14020047320875,40.791169148299694,40.63852894858098,40.95919346516763,40.78094851534145,0.07131314608036005,0.2022840010334903,0.12577108291584693,0.2583448289061179,40.85746143345909,40.753468299191525,40.814041331692295,40.82459407993872,40.6551774324256
P_0022_0021,22,21,-9.3825,-10.165499999999998,13.833607501299143,20,0.783,1.0,202.82844511593441,205.14385339676156,40.96680737188113,40.79033365700076,41.10565017399887,40.90929936717045,0.08845839597925799,0.25622349354893004,0.13725778337924055,0.3272330696665773,41.04655715054969,40.89669315453625,40.96103124196503,40.79033365700076,40.851881631800495
P_0022_0022,22,22,-9.3825,-9.3825,13.268858748965565,25,0.783,1.0,206.04235833610161,208.5766729258428,41.09355825814689,40.93075782765999,41.249885988888536,41.07474826486183,0.1052963990599861,0.2711088522375462,0.14399043720184324,0.34624374487553794,41.18488478215397,41.06024960845696,41.201866679897535,40.93075782765999,40.9959824261407
P_0022_0023,22,23,-9.3825,-8.599499999999999,12.727242690386634,20,0.783,1.0,208.98213065873725,211.07553723758411,41.231709584986405,41.06885374844768,41.37180858756784,41.22807035327717,0.0867024606022061,0.23352132243508095,0.1371090622035709,0.29823923682641246,41.31217866767344,41.179199580453314,41.32448261350868,41.0909612910736,41.23352961367681
P_0022_0024,22,24,-9.3825,-7.816499999999998,12.211837638128012,20,0.783,1.0,211.36040025598714,213.3621837584194,41.315890723295965,41.18553064262738,41.46022878290546,41.32258738999492,0.09368409605626696,0.2292071851302282,0.11525656603153323,0.2927294829249402,41.21773265705741,41.397861982208326,41.43653800909362,41.20733082396339,41.353473477651846
P_0022_0025,22,25,-9.3825,-7.0335,11.726100310845034,25,0.783,1.0,213.78075561831025,215.9313075139839,41.43654736752365,41.269877501,41.58558240693873,41.45786227819663,0.08389221614067055,0.2426837269079556,0.1383148254109443,0.30994090281986664,41.319547452785685,41.52089281115627,41.56223117969364,41.42370039429545,41.46293955305208
P_0022_0026,22,26,-9.3825,-6.250499999999999,11.273866084888537,20,0.783,1.0,215.95320771427743,217.76162192566477,41.54062896583498,41.38948283387885,41.674728287195535,41.560155681987474,0.08207058678238412,0.240020003502309,0.14856453860422647,0.30653895721878544,41.41159114338325,41.60841000939757,41.65161114688556,41.54367015835112,41.58549595191988
P_0022_0027,22,27,-9.3825,-5.467499999999998,10.859321456702531,20,0.783,1.0,217.66948316460585,219.39678537163525,41.60850047349148,41.47185405192198,41.73130589591648,41.64645437008711,0.07420009903316177,0.21804636161027702,0.1331948357809125,0.27847555761210346,41.5132595343062,41.68646810448871,41.73130589591648,41.62880359102098,41.67243472470318
P_0022_0028,22,28,-9.3825,-4.6845,10.486936945552786,25,0.783,1.0,219.36425456848784,221.172011159136,41.677055675372905,41.527735791947975,41.81759642907855,41.72540140220701,0.07945756102998615,0.23347013976353992,0.14127511289200356,0.29817386942980834,41.58412628931501,41.77101771135153,41.81759642907855,41.70452695318636,41.74973962810361
P_0022_0029,22,29,-9.3825,-3.9014999999999986,10.161348753979464,20,0.783,1.0,220.82740340779492,222.3810177736722,41.74657342331151,41.60936699758344,41.87616141062233,41.79395480156255,0.07933258162912325,0.23029326751770895,0.14808665845792746,0.2941165613252988,41.64586814310462,41.828425261218,41.87616141062233,41.78621590004656,41.83310329282125
P_0022_0030,22,30,-9.3825,-3.1184999999999974,9.887181018874895,20,0.783,1.0,221.92533767264905,223.4050814792677,41.798561567667846,41.66448234778369,41.925563530671184,41.84871915703148,0.07420316319334223,0.215143614604699,0.13829924096499724,0.274768345599871,41.710419916066485,41.876872943489786,41.925563530671184,41.84137289931897,41.889366495611
P_0022_0031,22,31,-9.3825,-2.3354999999999997,9.668808949400127,25,0.783,1.0,222.9356170748115,224.42811894155864,41.84222462770907,41.64850667439646,41.965906145437486,41.829921478026755,0.09925208351041812,0.2879883431184638,0.18141480363029672,0.367801204493568,41.86599829526966,41.81101041096446,41.64850667439646,41.88759699198829,41.93649501751492
P_0022_0032,22,32,-9.3825,-1.5524999999999984,9.510076892433625,20,0.783,1.0,223.7232056113466,225.0427304106543,41.58942355944771,41.32981396005073,41.81893330247931,41.66597228532557,0.11302655720058523,0.34923192807872283,0.19627091092498716,0.44601778809543147,41.70771440905702,41.469701374400586,41.677052676403264,41.81893330247931,41.656459664287695
P_0022_0033,22,33,-9.3825,-0.7695000000000007,9.41400215105138,20,0.783,1.0,224.22673260544258,225.477261977753,41.36715545397491,41.3135056968531,41.47530933361929,41.37875004247553,0.05906903527911937,0.16180363676619436,0.0965592911437625,0.20664576853920097,41.36640744232028,41.41129313685252,41.32723460273246,41.47530933361929,41.3135056968531
P_0022_0034,22,34,-9.3825,0.013500000000000512,9.382509712225188,25,0.783,1.0,224.57306173512737,225.7679714617693,41.31258102109885,40.87240602337289,41.41780164294022,41.26806814447282,0.1984674266544415,0.5391126314532926,0.39237410776480885,0.688521879250693,41.37944634928493,40.87569403670801,41.33963169515465,41.414806668161305,41.33076197305519
P_0022_0035,22,35,-9.3825,0.7965000000000018,9.41624758064485,20,0.783,1.0,224.6995502626618,225.80781514853257,41.228890559990546,40.82366847904484,41.40486712366902,41.114373015470036,0.21786131888397872,0.5079461628311606,0.29070453642519567,0.6487179601930531,41.331614641876,40.82366847904484,41.25206148178,40.87659771668416,41.28792275796519
P_0022_0036,22,36,-9.3825,1.5794999999999995,9.514521874482186,20,0.783,1.0,224.6163056305386,225.7782245441065,41.00846633697093,40.65843556870624,41.31513339192185,40.846505247653496,0.20970863287664357,0.5924688058931906,0.4043991269459326,0.7566651416260416,40.71952398726216,40.78104767848998,40.65843556870624,40.82261462920968,41.25090437459943
P_0022_0037,22,37,-9.3825,2.3625000000000007,9.675366272136678,25,0.783,1.0,224.3015347512227,225.5838954369836,40.47255595322411,39.96736871803893,40.82691978773238,40.52084188659636,0.27131400163904035,0.6220114354335919,0.3362421399582871,0.7943951921246385,40.80661118207166,40.20339750984732,40.18459974663807,40.75420240677886,40.65539858764589
P_0022_0038,22,38,-9.3825,3.145500000000002,9.895730215603091,20,0.783,1.0,223.76407300627957,225.08621092715845,40.36637942756494,39.656257105808265,40.86684988098659,40.36780263766443,0.40234433590942126,1.1792338529684798,0.7115455318561672,1.506045789231775,40.835490958776745,40.279287007574055,39.656257105808265,40.63719890293714,40.43077921322595
P_0022_0039,22,39,-9.3825,3.9284999999999997,10.17174608904489,20,0.783,1.0,223.08642110339807,224.48242958353563,39.64907177195739,38.52002352834592,40.2720713002841,39.61044947877032,0.6414580927388331,1.7448512048568432,1.0832293833430668,2.2284178861517794,38.52722009542725,39.35027397000374,40.221625788909705,40.2720713002841,39.68105623922679
P_0022_0040,22,40,-9.3825,4.711500000000001,10.499025597644765,25,0.783,1.0,222.0960899213103,223.69370533097216,38.40464789365987,36.8058340757014,39.3419722928374,38.12245194371961,0.8246162160210704,2.5331860013305914,1.313665652212805,3.23523116389603,36.808786291506806,38.00019762483282,37.95802410183478,39.3419722928374,38.50327940758626
P_0022_0041,22,41,-9.3825,5.494500000000002,10.872940563619395,20,0.783,0.2,44.10625629336137,221.33062393815263,35.98931005191936,34.32621182563753,37.96587679952557,36.070738534674376,1.1459200884393417,3.619324770939727,1.8782391307900639,4.622381572081388,36.0251400566986,36.035741225744005,36.01418083094012,34.32965289452471,37.94897766546444
P_0022_0042,22,42,-9.3825,6.277500000000003,11.28885789174441,25,0.783,0.08,17.56318354071479,219.81891936223127,38.170570728091725,35.99853297736661,42.09349083622368,38.70460754792862,1.9456829577476402,6.086994643668447,3.3888832882950624,7.7739395193722185,38.47560635371934,42.09349083622368,38.42363037209225,38.52381398505258,36.00649619255523
P_0022_0043,22,43,-9.3825,7.060500000000005,11.742315210383346,20,0.783,0.9,195.93748340326934,219.43541597765204,41.64076998896603,38.41023533322704,42.07395062139375,41.2853651614207,1.4383910725137028,3.6637152881667063,2.875129828193657,4.679074442103073,42.01011778438021,42.01154396443599,41.92097810366653,42.07395062139375,38.41023533322704
P_0022_0044,22,44,-9.3825,7.843499999999999,12.22913727537638,20,0.783,1.0,215.93097094244007,217.7751485591326,41.90976557877616,41.82759053902936,41.98946602341812,41.906806807513576,0.05175455830395982,0.16187548438875865,0.08265921590454184,0.2067375279549919,41.89901738264075,41.91934313667417,41.82759053902936,41.98946602341812,41.89861695580549
P_0022_0045,22,45,-9.3825,8.6265,12.74550150052951,25,0.783,1.0,213.70808040605732,215.90878440027,41.796928027085585,41.69576375486042,41.89465667616042,41.796103861557526,0.06304776235783356,0.19889292130000058,0.10034010669710369,0.254013948020435,41.79830138194637,41.789213159402266,41.69576375486042,41.89465667616042,41.80258433541815
P_0022_0046,22,46,-9.3825,9.409500000000001,13.28796434748378,20,0.783,1.0,211.22041950177442,213.27659565753424,41.67082061900633,41.57778584003262,41.761150134451725,41.67314972981471,0.05840547377764317,0.18336429441910695,0.09536388978209231,0.23418172978174578,41.686701783904766,41.672780035444646,41.57778584003262,41.761150134451725,41.66733085523981
P_0022_0047,22,47,-9.3825,10.192500000000003,13.853460307807579,20,0.783,1.0,208.76493347879858,210.922735873886,41.54648079135397,41.44822622022048,41.641908095196015,41.5425768262107,0.061509198038982,0.1936818749755389,0.09933126898531697,0.24735871644385554,41.53130068229655,41.544949516199495,41.44822622022048,41.641908095196015,41.54649961714097
P_0022_0048,22,48,-9.3825,10.975500000000004,14.439283448287872,25,0.783,1.0,205.71543423159946,208.3393653123059,41.3922009326801,41.26924005377265,41.5111576585079,41.391297798533195,0.07785628010655474,0.24191760473524937,0.12205774476054643,0.3089624581548523,41.39370578863668,41.36841444279332,41.26924005377265,41.5111576585079,41.41397104895543
P_0022_0049,22,49,-9.3825,11.758499999999998,15.043059146995333,20,0.783,1.0,202.36530072630802,204.77267333143047,41.22283814923452,41.11172482507118,41.33079126726051,41.22609284034803,0.07006635939494599,0.21906644218933025,0.11436801527685247,0.27977834251510886,41.243742206366846,41.21312153928716,41.11172482507118,41.33079126726051,41.23108436375446
P_0022_0050,22,50,-9.3825,12.5415,15.662711403202191,20,0.783,1.0,199.10618696662198,201.63566491176525,41.058179276755595,40.940753083934624,41.17226425839664,41.05317615280377,0.07405106545896838,0.23151117446201397,0.11908810559286565,0.2956719980357777,41.0379547083046,41.044636795676695,40.940753083934624,41.17226425839664,41.07027191770629
P_0022_0051,22,51,-9.3825,13.3245,16.296429256128473,25,0.783,1.0,195.10374843203837,198.23237424585065,40.85607037679315,40.70691457753128,41.000369758423744,40.85504393258606,0.09632145836004116,0.29345518089246525,0.14812935505477753,0.3747831173594703,40.85778052451661,40.814335996964246,40.70691457753128,41.000369758423744,40.8958188054944
P_0022_0052,22,52,-9.3825,14.107500000000002,16.94263446161783,20,0.783,1.0,190.74355260330188,193.5803138342281,40.63599052812096,40.50261191605239,40.76551606072928,40.6403175369356,0.08504984618520685,0.26290414467689516,0.13770562088321014,0.33576519115823134,40.66287334877944,40.6132634233677,40.50261191605239,40.76551606072928,40.65732293574917
P_0022_0053,22,53,-9.3825,14.890500000000003,17.599951605047103,20,0.783,1.0,186.5269148987987,189.51817662918137,40.423231927745334,40.2817954636422,40.56052567235986,40.41688074047069,0.09026817883136944,0.2787302087176613,0.14364493188917038,0.35597727805576157,40.39698243095614,40.39609636464456,40.2817954636422,40.56052567235986,40.44900377075066
P_0022_0054,22,54,-9.3825,15.673500000000004,18.267181186488518,25,0.783,1.0,181.3668949346007,185.1300382140197,40.16294752075598,39.98050990124045,40.33914835202848,40.1617186514696,0.11999144847346349,0.35863845078802825,0.18120875022914618,0.4580312270600616,40.1649945350016,40.10007931948337,39.98050990124045,40.33914835202848,40.223861149594086
P_0022_0055,22,55,-9.3825,16.4565,18.94327581227703,20,0.783,1.0,175.7529606265488,179.1466443172947,39.879830463609345,39.71728248870232,40.03737114085556,39.88546898305765,0.10495191563309718,0.32008865215324533,0.16818649435533217,0.4087977677563797,39.91429748089388,39.84175494554165,39.71728248870232,40.03737114085556,39.91663885929484
P_0022_0056,22,56,-9.3825,17.2395,19.627319391603123,20,0.783,1.0,170.31851256127564,173.92271953256952,39.605812045600246,39.43214480192415,39.7739515520708,39.597677936042125,0.11219548752967058,0.3418067501466453,0.17627361602867353,0.4365348022307092,39.571874084976514,39.56227804927403,39.43214480192415,39.7739515520708,39.64814119196512
P_0022_0057,22,57,-9.3825,18.0225,20.318509111152817,25,0.783,1.0,163.6439916349865,168.26790330676874,39.2693061150216,39.04101097793023,39.48884153916276,39.26770910936513,0.15236671308303396,0.44783056123253573,0.22669813143490103,0.5719419683685003,39.27196526457351,39.17957337165279,39.04101097793023,39.48884153916276,39.357154393506335
P_0022_0058,22,58,-9.3825,18.805500000000002,21.016139904844565,20,0.783,1.0,156.3350683743932,160.5179446131164,38.90084187433547,38.69632234156711,39.09813450654269,38.90821196487657,0.13347778014172762,0.40181216497558125,0.21188962330946026,0.5131700702114703,38.94589870905037,38.84303738822581,38.69632234156711,39.09813450654269,38.95766687899686
P_0022_0059,22,59,-9.3825,19.588500000000003,21.719591121842054,20,0.783,1.0,149.18944211073105,153.69538644112652,38.54061844475,38.31867497001781,38.754197647976525,38.52982450446511,0.14473860127913468,0.4355226779587156,0.22437314351141424,0.5562230880698794,38.495825191716506,38.47522346542775,38.31867497001781,38.754197647976525,38.60520124718698
P_0022_0060,22,60,-9.3825,20.371500000000005,22.428315106133144,25,0.783,1.0,140.28334025764016,146.22885170879226,38.09163454594086,37.79102324899759,38.37779614914723,38.08922266928548,0.20239892575707377,0.58677290014964,0.2981994202878937,0.7493906770748914,38.09564594552319,37.96318644579367,37.79102324899759,38.37779614914723,38.218461556965735
P_0022_0061,22,61,-9.3825,21.1545,23.14182742352038,20,0.783,1.0,130.3263235835287,135.81313538533192,37.58963286459802,37.313786106766656,37.852693417641945,37.575830120604635,0.18039309491483255,0.5389073108752882,0.27686329703730905,0.6882596562902786,37.533479058789965,37.50237393364608,37.313786106766656,37.852693417641945,37.676818086178514
P_0022_0062,22,62,-9.3825,21.9375,23.859698499771532,25,0.783,1.0,118.92145026497934,126.41204600570116,37.01455250016972,36.62566600085239,37.378692615509806,37.01069903162322,0.26167799402729386,0.7530266146574149,0.3850330307708276,0.9617198143772859,37.02094502190221,36.84295386794531,36.62566600085239,37.378692615509806,37.18523765190639
P_0022_0063,22,63,-9.3825,22.7205,24.581546462743145,20,0.783,1.0,105.69127286120109,112.89748514843288,36.34730004975524,35.97242672314508,36.69717482954053,36.36005995063738,0.24510050736091493,0.7247481063954524,0.38763322749230156,0.9256042227272699,36.43375678817512,36.22444351585614,35.97242672314508,36.69717482954053,36.47249789647003
P_0022_0064,22,64,-9.3825,23.503500000000003,25.30703100918794,20,0.783,1.0,91.55925913698287,100.12705802516244,35.63436706370178,35.17561509265704,36.05302744022436,35.609594800251045,0.2956734238977638,0.8774123475673221,0.4434326399733166,1.120577710813949,35.54494890410109,35.48480894771711,35.17561509265704,36.05302744022436,35.78957361655563
P_0022_0065,22,65,-9.3825,24.286500000000004,26.035848142513046,25,0.783,1.0,70.81110448233322,84.66580338236135,34.58723049831223,33.75393080270635,35.2729199788692,34.566654971766944,0.5305760051484769,1.5189891761628473,0.8127241690605942,1.9399606336690258,34.619622394823864,34.24412486151567,33.75393080270635,35.2729199788692,34.942676820919644
P_0022_0066,22,66,-9.3825,25.069500000000005,26.76772565049187,16,0.783,1.0,40.4886236390732,57.73093658261845,33.05377692547107,31.79244202029645,33.91322159348266,32.999128766978494,0.6388350722908694,1.6822752767407678,0.9140928265041666,2.148499714866881,33.2017720467602,32.31835803414691,32.23094631674189,33.91322159348266,33.3313458437608
P_0023_0002,23,2,-8.599499999999999,-25.0425,26.47788145792635,20,0.783,1.0,40.794828699816435,57.861496862134615,33.140177086164115,31.97122149865993,33.99066010591059,33.07879897527232,0.7403959384518797,2.019438607250663,1.1075774766123914,2.5791042238194932,33.15391219569659,33.99066010591059,33.717804947605146,32.560396128489344,31.97122149865993
P_0023_0003,23,3,-8.599499999999999,-24.2595,25.73858466388546,16,0.783,1.0,67.64890715023748,76.66406549244509,34.49326871270054,34.00546800202716,34.93712104391528,34.456137872418836,0.3362718530487598,0.9316530418881257,0.4809831714964474,1.1898506282096113,34.34806502678339,34.93712104391528,34.73610128066559,34.25393400870274,34.00546800202716
P_0023_0004,23,4,-8.599499999999999,-23.4765,25.001948974030004,16,0.783,1.0,84.26836082541554,91.56678198970626,35.329327242459485,34.94842278689708,35.686389506094315,35.33877332220577,0.26466423742806855,0.7379667191972317,0.39035053530868424,0.9424862314140889,35.39939165844919,35.686389506094315,35.5211304934154,35.138532166172865,34.94842278689708
P_0023_0005,23,5,-8.599499999999999,-22.6935,24.268216714460088,20,0.783,1.0,99.4168038543992,107.03017865988096,36.09050180132705,35.69476729746526,36.46299327167725,36.08162371920402,0.284991547294376,0.7682259742119868,0.3868564217387558,0.9811315124035591,36.07244695930802,36.46299327167725,36.32433667111292,35.85357439645662,35.69476729746526
P_0023_0006,23,6,-8.599499999999999,-21.9105,23.537659409975323,16,0.783,1.0,112.32137576179288,117.68751792702184,36.738278248960775,36.46817428395366,36.99770314858768,36.71893395563641,0.19095098610158281,0.5295288646340239,0.2787691929512732,0.6762820748838109,36.65262367163058,36.99770314858768,36.8733400052904,36.60282866871973,36.46817428395366
P_0023_0007,23,7,-8.599499999999999,-21.127499999999998,22.81058211664051,16,0.783,1.0,122.3697034281609,127.21785610399232,37.24222446239053,37.00056271664738,37.47549232796575,37.24891536213805,0.16921961494834803,0.4749296113183732,0.2483526454906695,0.6065512277373859,37.28465872632961,37.47549232796575,37.361900466399845,37.12196257334767,37.00056271664738
P_0023_0008,23,8,-8.599499999999999,-20.3445,22.087328505276503,20,0.783,1.0,132.46314336642806,137.8809680495093,37.74801951740828,37.47617636023404,38.009633322751824,37.74258228871751,0.19659713788412594,0.5334569625177821,0.26705103403431707,0.6812988027047024,37.73328858383212,38.009633322751824,37.90634313928433,37.58747003748522,37.47617636023404
P_0023_0009,23,9,-8.599499999999999,-19.5615,21.368286840549477,16,0.783,1.0,141.57861002465935,145.59211819253673,38.20445503700911,38.00774869017363,38.39560177732875,38.19055493537239,0.138719158409225,0.387853087155122,0.20504684195636003,0.495342384617014,38.1413074587054,38.39560177732875,38.29882834454094,38.10928840611325,38.00774869017363
P_0023_0010,23,10,-8.599499999999999,-18.7785,20.653897029374384,16,0.783,1.0,148.95574925140642,152.68895678055583,38.57357573069697,38.39175327709012,38.7505866265339,38.57848743675849,0.12649317916978672,0.35883334944378475,0.1867341596683758,0.4582801397749486,38.603783897198525,38.7505866265339,38.65923252947931,38.48708085349063,38.39175327709012
P_0023_0011,23,11,-8.599499999999999,-17.9955,19.94465894669548,20,0.783,1.0,156.5619611104939,160.8129684930331,38.95389024156547,38.74483636950396,39.15665816874804,38.94973678554858,0.15015210877575635,0.41182179924408047,0.2069213831994574,0.5259537665952496,38.94129218987189,39.15665816874804,39.07092253089337,38.83497466872564,38.74483636950396
P_0023_0012,23,12,-8.599499999999999,-17.2125,19.24114228677705,16,0.783,1.0,163.56183896181741,166.7862562793755,39.30364658610081,39.14859847582534,39.45501572657628,39.29273477543774,0.10827535516172124,0.30641725075093973,0.16228095113854124,0.39133748499481447,39.25366193775881,39.45501572657628,39.373061954534194,39.23333578249407,39.14859847582534
P_0023_0013,23,13,-8.599499999999999,-16.429499999999997,18.543998233930026,16,0.783,1.0,169.30502245473735,172.34214528107316,39.59041555192562,39.445150450516735,39.73235215202243,39.59404044597716,0.0998029129022628,0.287201701505694,0.14888999546042214,0.3667965536471188,39.61277906670233,39.73235215202243,39.653679653087806,39.526240907556485,39.445150450516735
P_0023_0014,23,14,-8.599499999999999,-15.6465,17.853973297280355,20,0.783,1.0,175.2836743967126,178.75584307324502,39.80117330772528,39.68005558027619,39.927700084566766,39.76663591624852,0.05602165921508063,0.13926147696844282,0.08658033597232873,0.17785629242457576,39.814467890453614,39.81931705724463,39.68005558027619,39.79862921982743,39.72070983344071
P_0023_0015,23,15,-8.599499999999999,-14.8635,17.17192570738646,16,0.783,1.0,180.82264570964855,183.49832964163625,39.848533333928415,39.67261654977898,40.027410713224015,39.79801993386794,0.08342369472138221,0.24002613142413765,0.1254033840889619,0.3065467834280174,39.82376217548813,39.84132590847111,39.91264268120312,39.67261654977898,39.73975235439838
P_0023_0016,23,16,-8.599499999999999,-14.080499999999999,16.498844823198986,16,0.783,1.0,185.38665245398852,187.92231972023043,40.03321083604729,39.87253642768633,40.22046098752861,40.056128175564254,0.11449504033609453,0.3006209403470166,0.16050580176261064,0.3839347897152191,40.1675813646317,40.05292421872258,40.19624331414866,39.89562237380164,39.968269606516685
P_0023_0017,23,17,-8.599499999999999,-13.2975,15.83587403650332,20,0.783,1.0,190.14753801184523,193.03565449711667,40.23216896661111,40.08111332640823,40.44786846818664,40.25086131129132,0.11954814310103552,0.3443218482140651,0.19700715689532444,0.43974693258501285,40.15717143132349,40.29735159462314,40.44786846818664,40.103546619972576,40.24836844235074
P_0023_0018,23,18,-8.599499999999999,-12.5145,15.184337670771155,16,0.783,1.0,194.55914181389812,196.81412080386863,40.418407835323876,40.299556190474505,40.58017187549149,40.43530988798125,0.0912747278124792,0.2364761107694946,0.1448619875102395,0.30201291286014637,40.34534882271623,40.58017187549149,40.41177189544652,40.34369576472199,40.49556108153001
P_0023_0019,23,19,-8.599499999999999,-11.731499999999999,14.545772323943474,16,0.783,1.0,198.18848153137588,200.33105717427705,40.58381252863689,40.45528089165492,40.749521931851405,40.59438156295856,0.09537334411799234,0.2942410401964821,0.15514036889284455,0.3757867690887383,40.56230203469846,40.749521931851405,40.58112815219596,40.62367480439207,40.45528089165492
P_0023_0020,23,20,-8.599499999999999,-10.9485,13.921962954267618,20,0.783,1.0,201.9614955698383,204.3785315278868,40.783976314200764,40.62154951249124,40.9442763336491,40.770732386774434,0.10501234211704218,0.32272682115785756,0.17354394687466623,0.41216707682995857,40.72205345046177,40.9442763336491,40.775834038004746,40.7899485992653,40.62154951249124
P_0023_0021,23,21,-8.599499999999999,-10.165499999999998,13.314983683805247,16,0.783,1.0,205.43951729861897,207.35069518134512,40.977105494422176,40.812596104723184,41.08717566744736,40.96224559968848,0.09241800083660603,0.2745795627241776,0.14964949496529556,0.35067632531823445,41.01173995477427,41.08717566744736,40.91866237074379,40.98105390075381,40.812596104723184
P_0023_0022,23,22,-8.599499999999999,-9.3825,12.727242690386634,20,0.783,1.0,208.61452803839342,210.748779352834,41.14015270369841,40.952634617697015,41.25041014597292,41.13221230104426,0.09987687109632043,0.29777552827590625,0.17957768334724733,0.3803008023957934,41.1470514502484,41.25041014597292,41.18979630016708,41.1211689911359,40.952634617697015
P_0023_0023,23,23,-8.599499999999999,-8.599499999999999,12.16152952962743,16,0.783,1.0,211.5198844679595,213.2232013601972,41.29572773867585,41.22068251196788,41.369157767010506,41.290388580338444,0.048713938312688276,0.14847525504262649,0.07876918667206212,0.1896235696585268,41.271612824773285,41.369157767010506,41.30942272557826,41.28106707236231,41.22068251196788
P_0023_0024,23,24,-8.599499999999999,-7.816499999999998,11.621061590921887,16,0.783,1.0,213.8711895351376,215.48811698713655,41.40850488784646,41.337714065033424,41.477743859418695,41.408847303738426,0.0448449069817706,0.14002979438527063,0.0711332387050021,0.17883754072192928,41.4127435038896,41.477743859418695,41.41879014940042,41.397244940949975,41.337714065033424
P_0023_0025,23,25,-8.599499999999999,-7.0335,11.109523954697607,20,0.783,1.0,216.2649347285644,218.0335848199604,41.434135839242394,41.14857420163975,41.58088160561277,41.37821361037669,0.15549128510262153,0.39294664102629895,0.22963940873694355,0.501847561974839,41.51436898930427,41.24203932712089,41.541520842666046,41.14857420163975,41.44456469115249
P_0023_0026,23,26,-8.599499999999999,-6.250499999999999,10.631093570277706,16,0.783,1.0,218.41422307030314,219.84757677874416,41.53621364557529,41.26394841867938,41.66779489971714,41.47790274916802,0.15197994688176977,0.3648825793381434,0.2139543304886402,0.46600584845229037,41.60625807772976,41.32623248757688,41.62883099801752,41.26394841867938,41.564243763836544
P_0023_0027,23,27,-8.599499999999999,-5.467499999999998,10.190434558938101,16,0.783,1.0,220.11276532641563,221.46858006712304,41.616754060385105,41.3458564567689,41.74532912266943,41.56217463072094,0.15640643465483411,0.36191711374345914,0.21631817395203967,0.462218536070829,41.70777357051236,41.40135644810971,41.706709506872016,41.3458564567689,41.649177171341705
P_0023_0028,23,28,-8.599499999999999,-4.6845,9.79264726721023,20,0.783,1.0,221.7905979673887,223.22897283192324,41.70451397217747,41.41874131952403,41.82932997718166,41.672609864156094,0.13633307748055754,0.37232969708747987,0.25386854463206276,0.47551685451785425,41.778544738656365,41.64996467574133,41.79107101661151,41.41874131952403,41.72472757024724
P_0023_0029,23,29,-8.599499999999999,-3.9014999999999986,9.443151089546326,16,0.783,1.0,223.23966283218118,224.42829315365557,41.715044403582965,41.47937791754924,41.86767220268405,41.77310728720838,0.07417112775636597,0.18357141532220567,0.10832296139788156,0.2344462520079255,41.84021074830946,41.70594937690123,41.84835574113271,41.6647843258105,41.80623624388801
P_0023_0030,23,30,-8.599499999999999,-3.1184999999999974,9.147482850489524,16,0.783,1.0,224.3275028453719,225.4445273111976,41.76600156500125,41.53263414174188,41.91592405283848,41.82689303301487,0.07650981569822134,0.18611194124071062,0.10831397493643635,0.23769085726782965,41.90469099931914,41.75321458594408,41.8967041382071,41.71857905807843,41.86127638352559
P_0023_0031,23,31,-8.599499999999999,-2.3354999999999997,8.911002216361522,20,0.783,1.0,225.32904891900526,226.460301235432,41.812688001465254,41.57729471642108,41.96385056694987,41.87246122379255,0.0761007750910667,0.18264294939029213,0.10878120544306569,0.2332604717628252,41.946322967739775,41.80017593920877,41.94472024192703,41.76368001834948,41.9074069517377
P_0023_0032,23,32,-8.599499999999999,-1.5524999999999984,8.738515692038321,16,0.783,1.0,226.1104523219464,227.07106871199483,41.56625132258083,41.47646094753611,41.83869176061546,41.601319549520134,0.13022117480511627,0.34946431936913314,0.2373722110953267,0.4463145841240525,41.49542370260457,41.54432118826702,41.48922744124633,41.63893365486729,41.83869176061546
P_0023_0033,23,33,-8.599499999999999,-0.7695000000000007,8.63385953673095,16,0.783,1.0,226.61069975790667,227.50347362193895,41.18710329821459,40.96091118532223,41.53211653261173,41.0895478789884,0.2035220892579059,0.5339157781455697,0.4052790844794032,0.6818847741322729,40.97554355344733,41.0147523586686,40.96091118532223,41.001705334036046,41.4948269634678
P_0023_0034,23,34,-8.599499999999999,0.013500000000000512,8.59951059653978,20,0.783,1.0,226.9558023487964,227.7939177183505,40.99623591322071,40.96428391714056,41.02665135099289,40.99398092016338,0.024555954638060574,0.06236743385233012,0.03267043082951204,0.07965189508598994,40.98803385809862,41.02665135099289,40.97281915340449,41.01811632118034,40.96428391714056
P_0023_0035,23,35,-8.599499999999999,0.7965000000000018,8.636307804843455,16,0.783,1.0,227.08351741512593,227.8348766962411,40.94415852649223,40.84282514225947,41.02796613624861,40.926045904060196,0.061369094894173574,0.1847297673994106,0.10150900559868603,0.23592562886259336,40.91465641442943,40.94949948917173,40.84282514225947,41.02755490965888,40.89569356478148
P_0023_0036,23,36,-8.599499999999999,1.5794999999999995,8.743352932370966,16,0.783,1.0,227.00355234113835,227.80656284544708,40.80793576478533,40.07932336022071,40.94845668574118,40.698260901505876,0.31364508443998573,0.8691333255204654,0.6189375412851632,1.110004247152574,40.82146224025576,40.07932336022071,40.80028302488444,40.94845668574118,40.8417791964273
P_0023_0037,23,37,-8.599499999999999,2.3625000000000007,8.918116757477442,20,0.783,1.0,226.69496659541647,227.6160777308569,40.008364710449555,38.98328142562036,40.77348396207731,39.99922393270939,0.580250723515158,1.7902025364569454,1.0159425070890293,2.286337849881156,39.976344764880025,38.98328142562036,40.221828759612606,40.04118075135665,40.77348396207731
P_0023_0038,23,38,-8.599499999999999,3.145500000000002,9.156722694283145,16,0.783,1.0,226.1662381790024,227.12565675908832,39.81092198119639,38.54742935825408,40.29241559379085,39.65773835605139,0.6274351622424651,1.6846183209944456,1.0970463600815705,2.1514921085497387,40.20529357853911,38.56069199596982,40.245310316964265,39.88270726024479,39.39468862853897
P_0023_0039,23,39,-8.599499999999999,3.9284999999999997,9.454338289906913,16,0.783,1.0,225.49868052778436,226.52970496351895,39.15881707230969,36.834154409324185,40.289609417583904,39.042068703996144,1.1609266008300883,3.455455008259719,2.2079142946719585,4.413097073128632,39.35735438373615,36.834154409324185,39.36881014315748,39.360415166179,40.289609417583904
P_0023_0040,23,40,-8.599499999999999,4.711500000000001,9.805591899523455,20,0.783,0.65,145.9729766513808,225.75066700375933,37.077689123761196,34.31922384285207,39.35749938392388,37.15080854323763,1.7616190739012636,5.032368381378831,2.825677540692581,6.427034969832478,38.00560328896916,36.05717556139717,34.32513100254505,38.00863347935291,39.35749938392388
P_0023_0041,23,41,-8.599499999999999,5.494500000000002,10.204946374185413,16,0.783,0.0,0.0,0.0,36.987186978289806,36.03494785798108,38.56846151284151,37.048528915912605,1.2268706942012506,2.5212622556436486,1.51371682132973,3.2200028807709433,36.04098348159869,38.562245737242336,38.53995905601283,36.05079836222933,36.04865794247985
P_0023_0042,23,42,-8.599499999999999,6.277500000000003,10.646990490274707,20,0.783,0.5,110.77232088341346,222.64242756365297,40.35005116332915,38.51194207568511,42.20923896510294,39.97995628241948,1.7665305909796991,3.6492771314104786,2.1924959126049117,4.660634906015937,38.52317506361391,42.17245219502439,42.11420768499681,38.56109854822063,38.52884792024168
P_0023_0043,23,43,-8.599499999999999,7.060500000000005,11.126637430059453,16,0.783,1.0,220.1660956668985,221.54212734701764,42.09359166718837,42.03250477252601,42.15313466621001,42.09331997473488,0.03816796364801412,0.12062989368399712,0.06081520220887171,0.1540611669016566,42.0947942589728,42.09144062572608,42.03250477252601,42.15313466621001,42.0947255502395
P_0023_0044,23,44,-8.599499999999999,7.843499999999999,11.639239343702833,16,0.783,1.0,218.44176022159056,219.9010817878498,42.00589942347067,41.94058027557725,42.06961551449456,42.0012041316905,0.04172282411996228,0.12903523891731083,0.06841138280405801,0.16479596285735737,41.98503308782347,42.0002989943776,41.94058027557725,42.06961551449456,42.01049278617961
P_0023_0045,23,45,-8.599499999999999,8.6265,12.180636375001102,20,0.783,1.0,216.24951185282686,218.05644852288316,41.8946016801543,41.81084520291955,41.97589780111469,41.89198752718867,0.05413668907041127,0.16505259819513896,0.08391027392602268,0.21079514456595014,41.88554406560468,41.8716823184879,41.81084520291955,41.97589780111469,41.91596824781652
P_0023_0046,23,46,-8.599499999999999,9.409500000000001,12.747160095487937,16,0.783,1.0,213.79659613039948,215.45526350429057,41.77024055966538,41.6947714018321,41.8439489865844,41.77070737816789,0.047954320830492864,0.14917758475230158,0.07593597633579208,0.1905205424678181,41.77532253909993,41.75662573376479,41.6947714018321,41.8439489865844,41.78286822955823
P_0023_0047,23,47,-8.599499999999999,10.192500000000003,13.335608591286714,16,0.783,1.0,211.37600566148316,213.1295776584696,41.64765488783877,41.56734284470281,41.72612276042781,41.64193486901858,0.0522973924486838,0.15877991572500605,0.08418789140923622,0.20278405584291959,41.6218783157874,41.630334632352174,41.56734284470281,41.72612276042781,41.663995791822686
P_0023_0048,23,48,-8.599499999999999,10.975500000000004,13.94320624892281,20,0.783,1.0,208.3708015899218,210.577696366984,41.495602110569905,41.39137714878149,41.59695501699372,41.4928054931337,0.06957804278373185,0.2055778682122309,0.1041495238600163,0.26255155582660394,41.486057371573565,41.4559792772788,41.39137714878149,41.59695501699372,41.53365865104092
P_0023_0049,23,49,-8.599499999999999,11.758499999999998,14.567557190551884,16,0.783,1.0,205.07060520867867,207.0555749658401,41.32875056861185,41.236600043001545,41.41882926823024,41.33000852612902,0.05999502789348443,0.18222922522869567,0.09340848312747596,0.23273208841468157,41.33807562064425,41.30266009162625,41.236600043001545,41.41882926823024,41.353877607142806
P_0023_0050,23,50,-8.599499999999999,12.5415,15.20659799231899,16,0.783,1.0,201.8615478531736,203.95892095740425,41.16660945310278,41.06869202451844,41.26233138674979,41.1596764892838,0.06522850495424702,0.1936393622313517,0.10265489746599599,0.24730442175140702,41.13509690621095,41.136381194682485,41.06869202451844,41.26233138674979,41.19588093425733
P_0023_0051,23,51,-8.599499999999999,13.3245,15.858552913175906,20,0.783,1.0,197.9227617083399,200.60073701262507,40.9677028657148,40.83921067405498,41.09270543435059,40.96463638204125,0.08814711747455979,0.25349476029560947,0.12806905230934262,0.32374809744011424,40.9574734432083,40.90921273213797,40.83921067405498,41.09270543435059,41.0245796264544
P_0023_0052,23,52,-8.599499999999999,14.107500000000002,16.521893248051207,16,0.783,1.0,193.63469380770252,196.01275518820464,40.75125255645565,40.63888531698831,40.86107521354535,40.753390738122945,0.07487598023042984,0.22218989655704036,0.11450542113463769,0.2837674285530528,40.76542938547476,40.71099443245959,40.63888531698831,40.86107521354535,40.79056934214674
P_0023_0053,23,53,-8.599499999999999,14.890500000000003,17.195301407652035,16,0.783,1.0,189.49096942533527,192.0090474715832,40.542163890132855,40.42256132449637,40.65902486303207,40.533722619997704,0.0813358622786929,0.2364635385357019,0.1253022430343691,0.30199685636743534,40.50363267175152,40.497045488588014,40.42256132449637,40.65902486303207,40.58634875212056
P_0023_0054,23,54,-8.599499999999999,15.673500000000004,17.8776397351552,20,0.783,1.0,184.42481576961853,187.68684326516455,40.28660523207001,40.12775918197792,40.44096598212048,40.28312750756155,0.11131428810788313,0.3132068001425594,0.15783847455892897,0.4000086847286838,40.27540989542587,40.20566152829451,40.12775918197792,40.44096598212048,40.36584094998898
P_0023_0055,23,55,-8.599499999999999,16.4565,18.567923753074815,16,0.783,1.0,178.91898148486263,181.7984984254587,40.00893195490013,39.87056302258321,40.1439738818172,40.01209861954014,0.09401851197238949,0.2734108592339908,0.14153559695692763,0.34918372826818744,40.02900251704432,39.95163487911492,39.87056302258321,40.1439738818172,40.06531879714106
P_0023_0056,23,56,-8.599499999999999,17.2395,19.265299387759327,16,0.783,1.0,173.59608035391528,176.66289178573362,39.740532427643345,39.59238572105636,39.88500182772998,39.73008095979624,0.10245043307559878,0.2926161066736199,0.15492086793373971,0.3737115027760152,39.69284750002987,39.67710267551138,39.59238572105636,39.88500182772998,39.8030670746536
P_0023_0057,23,57,-8.599499999999999,18.0225,19.96902367418097,20,0.783,1.0,167.0690201598111,171.10988636136395,39.41145659216404,39.21161005123963,39.60502019381414,39.407304457612724,0.14223236579756282,0.3934101425745098,0.1977157362014168,0.5024395179751082,39.39886118489477,39.30172547813135,39.21161005123963,39.60502019381414,39.51930537998373
P_0023_0058,23,58,-8.599499999999999,18.805500000000002,20.678448454852703,16,0.783,1.0,159.93562595794282,163.51122760135252,39.05183935918115,38.87693252691383,39.221936816504126,39.05629209306685,0.12062048256841262,0.3450042895902925,0.17935956615301762,0.4406185052238729,39.0797501097108,38.97223486208185,38.87693252691383,39.221936816504126,39.13060615012364
P_0023_0059,23,59,-8.599499999999999,19.588500000000003,21.393006625998137,16,0.783,1.0,152.97876909316852,156.8346713753061,38.70113319764333,38.51135025014497,38.885359052824185,38.68769501572643,0.13281542970794702,0.37400880267921366,0.19766403709775204,0.47766130610372115,38.64029231743103,38.61286194447666,38.51135025014497,38.885359052824185,38.78861151375531
P_0023_0060,23,60,-8.599499999999999,20.371500000000005,22.112200534998777,20,0.783,1.0,144.3361200921565,149.5438035942514,38.26543622496603,38.002833310905885,38.51781456697381,38.260000922333916,0.188607751653957,0.5149812560679266,0.25781364463989576,0.6577027535988844,38.25070884560972,38.11409471180548,38.002833310905885,38.51781456697381,38.41455317637468
P_0023_0061,23,61,-8.599499999999999,21.1545,22.83559218632177,16,0.783,1.0,134.7154978111086,139.4060446012003,37.780405854401096,37.54569027877165,38.0067312740627,37.76366392942789,0.16496266815056046,0.46104099529105014,0.2430673446348095,0.5888135316616221,37.705671882896524,37.667053531259455,37.54569027877165,38.0067312740627,37.89317268014912
P_0023_0062,23,62,-8.599499999999999,21.9375,23.562794963671013,20,0.783,1.0,123.76987653151222,130.29598878620243,37.228503720325634,36.89259382904368,37.54741476119506,37.22118267166218,0.24139052370009378,0.6548209321513738,0.32858884261849397,0.8362974867833637,37.21160867559957,37.03120661603526,36.89259382904368,37.54741476119506,37.423089476437326
P_0023_0063,23,63,-8.599499999999999,22.7205,24.29346662170716,16,0.783,1.0,111.19472966299654,117.28650167194432,36.59432227671256,36.281571290701606,36.89139065308268,36.60233344651832,0.2173931486171577,0.6098193623810744,0.3207621558167162,0.7788242176003504,36.64995542667799,36.44032632327048,36.281571290701606,36.89139065308268,36.748423538858844
P_0023_0064,23,64,-8.599499999999999,23.503500000000003,25.027303340551896,16,0.783,1.0,97.98007288477447,105.1208881633254,35.92772167566473,35.5538278872296,36.27778318995081,35.90012065245277,0.26067982099197157,0.7239553027212082,0.3776625374980398,0.9245917020705086,35.81254066872947,35.743872664356786,35.5538278872296,36.27778318995081,36.11257885199717
P_0023_0065,23,65,-8.599499999999999,24.286500000000004,25.7640346704471,20,0.783,1.0,79.30570160099342,90.63845402803696,34.98536754299015,34.34659153294524,35.547119034969626,34.9653349962702,0.4440856492694713,1.2005275020243857,0.6187434633249609,1.533240743326163,34.96744646758998,34.619349747595265,34.34659153294524,35.547119034969626,35.34616819825089
P_0023_0066,23,66,-8.599499999999999,25.069500000000005,26.50341922280973,16,0.783,1.0,51.898325543286695,66.6308421598279,33.60154525690963,32.619019941620024,34.335351460278275,33.596877191624664,0.612935732649534,1.7163315186582508,0.9778572500046394,2.1919942767027467,33.792087318913104,33.207977365461886,32.619019941620024,34.335351460278275,34.02994987185002
P_0024_0001,24,1,-7.816499999999998,-25.825499999999998,26.982478064477323,8,0.783,1.0,19.664961254487014,31.684794152315025,32.04757980718141,31.159167390694847,32.64458385414184,31.98534226724494,0.4841626702119877,1.4854164634469953,0.8261748765500911,1.89708360593486,31.87323006565828,32.64458385414184,32.166100439150114,32.083629586579605,31.159167390694847
P_0024_0002,24,2,-7.816499999999998,-25.0425,26.23403282951365,20,0.783,1.0,50.01437499330029,64.34672211084846,33.57869553189114,32.70790057209808,34.29095398535452,33.56159033696478,0.5950221349674281,1.5830534132564367,0.8536897648666937,2.021779582702984,33.66423351663616,34.29095398535452,34.071795631684665,33.07306797905045,32.70790057209808
P_0024_0003,24,3,-7.816499999999998,-24.2595,25.487663927869104,16,0.783,1.0,73.55755748575879,81.75788966336853,34.76438392422894,34.328508118714865,35.16708620137479,34.74418638443492,0.3046155861479765,0.8385780826599216,0.4228998169398679,1.0709809484801043,34.69563643183693,35.16708620137479,34.99842015140359,34.531281018844425,34.328508118714865
P_0024_0004,24,4,-7.816499999999998,-23.4765,24.743559252864166,16,0.783,1.0,89.12503558114165,95.90886997821002,35.54727920848923,35.19668981120083,35.878373291363005,35.5668744492575,0.2516827335168736,0.6816834801621781,0.3701846380566707,0.87060470007941,35.664922545713125,35.878373291363005,35.737278375086134,35.35710822292441,35.19668981120083
P_0024_0005,24,5,-7.816499999999998,-22.6935,24.001929391196867,20,0.783,1.0,103.59267534246592,110.78985742397396,36.274062443454156,35.902551599096114,36.625563538032736,36.27474135789667,0.27260065077786505,0.7230119389366223,0.37218975880055893,0.9233868951936427,36.30114064987112,36.625563538032736,36.50593961474897,36.038511387734445,35.902551599096114
P_0024_0006,24,6,-7.816499999999998,-21.9105,23.263011036836996,16,0.783,1.0,116.04520302099901,121.12672920065324,36.89901265991132,36.64456681266495,37.14409569688979,36.88835691956191,0.18112346541257868,0.4995288842248442,0.25573877732788475,0.6379679236588048,36.855908054860606,37.14409569688979,37.03631967472524,36.76089435866896,36.64456681266495
P_0024_0007,24,7,-7.816499999999998,-21.127499999999998,22.527071014670323,16,0.783,1.0,125.80395673236097,130.4123113749156,37.38834238074705,37.15967640766365,37.60953365446642,37.402032133485804,0.16516597028502508,0.4498572468027646,0.2423557258221507,0.5745303279728794,37.465160354340696,37.60953365446642,37.51081975155921,37.264970499399055,37.15967640766365
P_0024_0008,24,8,-7.816499999999998,-20.3445,21.794411038153793,20,0.783,1.0,135.64817885611757,140.83884991136244,37.881562567398106,37.62209292846654,38.131740981628695,37.88290313570981,0.1909935476893976,0.5096480531621523,0.2608102072432672,0.6508915110627743,37.90002725832079,38.131740981628695,38.04179541389931,37.7188590962337,37.62209292846654
P_0024_0009,24,9,-7.816499999999998,-19.5615,21.06537335296956,16,0.783,1.0,144.56619702574523,148.39914223882772,38.32803891547516,38.14091082905259,38.51010248580167,38.32061162910676,0.13277172428063735,0.3691916567490807,0.18949085669490984,0.471509140164854,38.296935589260784,38.51010248580167,38.42575219298999,38.22935704842877,38.14091082905259
P_0024_0010,24,10,-7.816499999999998,-18.7785,20.340347452784577,16,0.783,1.0,151.8006181639019,155.36984197687352,38.68996349383205,38.51678400722869,38.85872887878117,38.70052809957137,0.12438301419405334,0.3419448715524851,0.1837440923426854,0.43671120249359524,38.74818070134961,38.85872887878117,38.77905892368005,38.59988798681735,38.51678400722869
P_0024_0011,24,11,-7.816499999999998,-17.9955,19.619778095075386,20,0.783,1.0,159.2732441236225,163.3624415578945,39.063544551213354,38.86306986161759,39.2581784364599,39.06491977751701,0.1466229248119104,0.3951085748423111,0.20184991589942314,0.5046086524167447,39.07827816505648,39.2581784364599,39.183385919118734,38.94168650533237,38.86306986161759
P_0024_0012,24,12,-7.816499999999998,-17.2125,18.904174896038175,16,0.783,1.0,166.16029966447866,169.2469165843953,39.40761583214219,39.25975305689332,39.55206213338238,39.402072899844995,0.10383323672571464,0.2923090764890617,0.14998923353738292,0.3733193824892231,39.38430642043107,39.55206213338238,39.480566573361045,39.33367631515716,39.25975305689332
P_0024_0013,24,13,-7.816499999999998,-16.429499999999997,18.194123845351825,16,0.783,1.0,171.8177657474541,174.7255203556983,39.69006684775093,39.55152280636594,39.82550648710452,39.69857102837587,0.09839805119526597,0.27398368073858137,0.14704822200993561,0.3499153010709851,39.73668139837071,39.82550648710452,39.75688022934008,39.62226422069813,39.55152280636594
P_0024_0014,24,14,-7.816499999999998,-15.6465,17.490301155211707,20,0.783,1.0,177.71305501777562,181.0557982438683,39.92828477504099,39.8229223416688,40.080284175879285,39.911184594262885,0.07560501016623271,0.17967316157996294,0.09141090898587834,0.22946763931029748,39.99681484814431,40.00259550324876,39.8427013592015,39.890888919051065,39.8229223416688
P_0024_0015,24,15,-7.816499999999998,-14.8635,16.79348994402295,16,0.783,1.0,183.1794235131343,185.74027247655852,39.85462085613143,39.695672295977886,40.0237194962811,39.86617728601885,0.10457181216849658,0.3280472003032173,0.17050499004096764,0.41896194163884715,39.89202508589079,40.0237194962811,39.86383960411786,39.85562994782663,39.695672295977886
P_0024_0016,24,16,-7.816499999999998,-14.080499999999999,16.104600352073316,16,0.783,1.0,187.68688983892014,190.11275627379317,40.075821876419795,39.91796599230838,40.21495472080392,40.03064433805039,0.09688217988983173,0.24548204574369947,0.13280370000169484,0.3135147455219661,40.16344803805208,39.91918887604948,40.07478668579597,40.07783209804603,39.91796599230838
P_0024_0017,24,17,-7.816499999999998,-13.2975,15.424693789505188,20,0.783,1.0,192.3917238219653,195.1695024525744,40.263083507615555,39.96815072741066,40.459389523121615,40.20649858967822,0.164996513306277,0.4510928674852721,0.23834786226755966,0.5761083875929401,40.3641827237546,40.15565808790194,40.41924359489593,39.96815072741066,40.12525781442798
P_0024_0018,24,18,-7.816499999999998,-12.5145,14.75501211453247,16,0.783,1.0,196.75377026503622,198.90807134585984,40.420412153089835,40.200510035871616,40.62071928552626,40.36469775571131,0.15057042357130607,0.4002799341384957,0.23609221429880023,0.5112131981334556,40.2259526050903,40.330383056684354,40.60078997001011,40.200510035871616,40.46585311090018
P_0024_0019,24,19,-7.816499999999998,-11.731499999999999,14.097012609060117,16,0.783,1.0,200.34407457204082,202.38927036799737,40.570499300269006,40.35384776478634,40.78917309686079,40.542868086015005,0.1448474338217004,0.39753797777740374,0.2268169357684542,0.5077113381576037,40.43534338436268,40.49299057147277,40.76968502178346,40.372147044006056,40.644174408450056
P_0024_0020,24,20,-7.816499999999998,-10.9485,13.4524096168679,20,0.783,1.0,204.0780919623955,206.39722669924075,40.71885456538165,40.51391008698175,40.9639365605762,40.77700813708816,0.12881069601344808,0.3743211291135822,0.1873927056255411,0.47806019043880227,40.58961543146262,40.83585710810627,40.9639365605762,40.68562605044616,40.81000553484955
P_0024_0021,24,21,-7.816499999999998,-10.165499999999998,12.823223561179924,16,0.783,1.0,207.52148058800614,209.34144149138385,40.884270015964944,40.679841956421285,41.10648042205474,40.97554547957587,0.07902666000533623,0.23481437859009446,0.1309349424788664,0.2998906495403505,40.92395021718721,40.97500915527024,41.10648042205474,40.87166604346464,41.00062155990253
P_0024_0022,24,22,-7.816499999999998,-9.3825,12.211837638128012,20,0.783,1.0,210.6660397508931,212.70866798891916,40.983321611300916,40.81513614534174,41.14039084345461,41.05194711055403,0.08175382824259235,0.21855123963530332,0.13010750673472415,0.2791203571332099,41.05537079992121,41.13401678060444,40.92183960381931,41.0081175249706,41.14039084345461
P_0024_0023,24,23,-7.816499999999998,-8.599499999999999,11.621061590921887,16,0.783,1.0,213.54443165038748,215.16135910238648,41.13127273386608,40.95152034289089,41.24972572861134,41.11566803630059,0.1069082593770959,0.2982053857204505,0.1641476934097028,0.38084979019214626,41.17639516175893,41.24972572861134,41.03681267755837,41.163886270683406,40.95152034289089
P_0024_0024,24,24,-7.816499999999998,-7.816499999999998,11.054200310289295,16,0.783,1.0,215.87459308887264,217.4069426561341,41.25079348683712,41.06400979651932,41.35556058419928,41.230440858384796,0.10979067668654506,0.29155078767995946,0.16643106186547385,0.3723509421199993,41.3135710725004,41.35556058419928,41.141964128764926,41.27709870994005,41.06400979651932
P_0024_0025,24,25,-7.816499999999998,-7.0335,10.515122181886426,20,0.783,1.0,218.24745798504304,219.93135336612457,41.37858755344647,41.166750773389424,41.47438549791974,41.37163618983565,0.10680109232136224,0.3076347245303168,0.20488541644622416,0.39289236849338033,41.41238488310495,41.47438549791974,41.42415017524502,41.3805096195191,41.166750773389424
P_0024_0026,24,26,-7.816499999999998,-6.250499999999999,10.008317665821762,16,0.783,1.0,220.37855929626846,221.7308084831092,41.50330465424703,41.44629200062428,41.55895786007165,41.50252750128825,0.035860967331526106,0.11266585944736818,0.05643035878340186,0.14388998652282015,41.50175951148572,41.55895786007165,41.50923566794711,41.4963924663125,41.44629200062428
P_0024_0027,24,27,-7.816499999999998,-5.467499999999998,9.538932251567779,16,0.783,1.0,222.06317099654035,223.3391957237671,41.58240573173239,41.52906670997726,41.63442668200378,41.58556919125194,0.03420879280651336,0.1053599720265197,0.05650248127468416,0.1345593512471516,41.600531370622434,41.63442668200378,41.58514983252519,41.57867136113106,41.52906670997726
P_0024_0028,24,28,-7.816499999999998,-4.6845,9.112749996570736,20,0.783,1.0,223.7276913143126,225.08636804318405,41.660405251641656,41.60271645025938,41.71621923735978,41.66153033756027,0.03644055007534465,0.11350278710040129,0.058813887300892986,0.14495885964291352,41.669414782167166,41.71621923735978,41.66740909219118,41.65189212582385,41.60271645025938
P_0024_0029,24,29,-7.816499999999998,-3.9014999999999986,8.736096067466288,16,0.783,1.0,225.16568335879145,226.2770524260887,41.727614490709854,41.68219983135555,41.77179130492249,41.72753245472912,0.028450514653663304,0.08959147356694075,0.04533262337357513,0.11442078361039687,41.72945691913378,41.77179130492249,41.7232860518746,41.730928166359206,41.68219983135555
P_0024_0030,24,30,-7.816499999999998,-3.1184999999999974,8.415623238952653,16,0.783,1.0,226.24558484239236,227.28630450041345,41.777911003438746,41.73589204909303,41.81872286626879,41.780335479913205,0.027219838250513044,0.08283081717576124,0.044443430820173546,0.10578648426023146,41.79226805899612,41.81872286626879,41.77046414962621,41.78433027558191,41.73589204909303
P_0024_0031,24,31,-7.816499999999998,-2.3354999999999997,8.15795516658433,20,0.783,1.0,227.2402610633273,228.29559985292252,41.82400783321477,41.78091094867096,41.86537455657026,41.825118765621845,0.027243360132956525,0.08446360789930196,0.04420781695088749,0.10787178531200761,41.83284673651895,41.86537455657026,41.8173446586996,41.829116927649466,41.78091094867096
P_0024_0032,24,32,-7.816499999999998,-1.5524999999999984,7.969186188062114,16,0.783,1.0,228.01679823166907,228.90293827567484,41.44835617696654,41.12833637677284,41.873114395330845,41.505811138814735,0.2984017750010753,0.7447780185580015,0.3774747620418921,0.9511852088863365,41.69593706941737,41.17554290339661,41.12833637677284,41.873114395330845,41.65612494915604
P_0024_0033,24,33,-7.816499999999998,-0.7695000000000007,7.854285613599748,16,0.783,1.0,228.51446512365973,229.333445947615,41.07760320500559,40.38181885323968,41.19007910847779,40.957556899793886,0.2959031556190442,0.7990632561332518,0.575738046554207,1.0205150142187123,41.17490027249971,40.38181885323968,41.031607700329744,41.18088210937293,41.01857556352735
P_0024_0034,24,34,-7.816499999999998,0.013500000000000512,7.816511658022392,20,0.783,1.0,228.85860255067217,229.6236532787529,40.71497915757294,40.247647108316926,41.182130465114994,40.64633062996472,0.32086619753333884,0.6682104976973733,0.397173236577828,0.8533978259225712,40.37529336884518,40.392933343205584,41.04350386654255,40.38495366938537,41.03496890184493
P_0024_0035,24,35,-7.816499999999998,0.7965000000000018,7.856976804089469,16,0.783,1.0,228.987282780879,229.665607251845,40.48289150101729,40.24837634312309,41.04482520822319,40.61248274234117,0.3242398856654667,0.766240934985035,0.4319274112929179,0.9785963409770562,40.3796177839867,40.278169218649055,40.966428187637575,40.39378836779844,41.04441015363409
P_0024_0036,24,36,-7.816499999999998,1.5794999999999995,7.9744901090916125,16,0.783,1.0,228.90989825086103,229.63843240912703,40.41642163046493,40.09560661366277,40.98179150590272,40.34271222818988,0.3166184324605311,0.8697858628397057,0.6226802483125908,1.1108376281477723,40.1814286124403,40.193904040521375,40.09560661366277,40.27722939782251,40.96539247650247
P_0024_0037,24,37,-7.816499999999998,2.3625000000000007,8.165725840364711,20,0.783,1.0,228.60617873973857,229.45137634834748,39.458737046431985,38.871329710304565,40.22282703219344,39.47959733618194,0.5252520777111056,1.2534156231346287,0.6592184077830439,1.600786236442693,38.885400120830354,39.31800805308359,38.99824202717707,40.13881574396498,40.0575207358537
P_0024_0038,24,38,-7.816499999999998,3.145500000000002,8.425665700702822,16,0.783,1.0,228.08432017602286,228.9674339483042,39.342536344467376,38.44313679195005,40.27864534667168,39.2345728691231,0.4356880323381935,1.340016747770278,0.7914360771730458,1.7113879281868174,38.44313679195005,39.35250959097482,39.3039993469057,39.29006507606459,39.78315353972033
P_0024_0039,24,39,-7.816499999999998,3.9284999999999997,8.748187497990653,16,0.783,1.0,227.42470105439463,228.37846423595212,38.36669782728782,36.802027615635495,39.38717968125962,38.55444521346724,0.6579307247403382,1.3652299775679921,0.8195814009518116,1.7435887325261712,38.01267781335668,38.00879663685106,38.03051048341126,39.346214519298144,39.37402661441905
P_0024_0040,24,40,-7.816499999999998,4.711500000000001,9.126658999875035,20,0.783,0.2,45.30550520804923,227.16212597557063,36.219912539943664,34.25538550092949,38.597293743910654,36.5923119335764,1.5567204236228482,4.341908242981162,2.336926432646905,5.545221255403783,36.0274402718195,38.597293743910654,36.06232969920069,34.25538550092949,38.019110452021664
P_0024_0041,24,41,-7.816499999999998,5.494500000000002,9.554433656685257,16,0.783,0.0625,14.0945579845675,225.51292775308,38.498716374125806,36.05596934808312,42.29667135009703,38.8189610854969,1.994943368534268,6.2407020020139115,3.4777102646001268,7.970245213300014,38.581985495998936,42.29667135009703,38.57213331415522,38.58804591915021,36.05596934808312
P_0024_0042,24,42,-7.816499999999998,6.277500000000003,10.025202167537572,20,0.783,0.95,212.63718125909577,225.19813796938385,42.06273125451946,38.56116086337624,42.29535734076006,41.509942836658865,1.4747818631163236,3.7341964773838257,2.948781973282628,4.769088732290965,42.261438621629736,42.24117599589846,42.19058136162983,42.29535734076006,38.56116086337624
P_0024_0043,24,43,-7.816499999999998,7.060500000000005,10.533201436410492,16,0.783,1.0,222.15075094153974,223.443843826226,42.166666413750484,42.10978717419971,42.22205660646699,42.17002905681708,0.036534713456938726,0.11226943226728281,0.06024188261736896,0.14338369382794738,42.185989428398784,42.16099647963591,42.10978717419971,42.22205660646699,42.17131559538399
P_0024_0044,24,44,-7.816499999999998,7.843499999999999,11.073308651889008,16,0.783,1.0,220.44516377532563,221.81990745684732,42.0799155113346,42.01889163768374,42.13939621960583,42.078960798918004,0.03849954425731018,0.12050458192209135,0.06043542068782415,0.1539011263372814,42.077698686637575,42.070796636982834,42.01889163768374,42.13939621960583,42.08802081368003
P_0024_0045,24,45,-7.816499999999998,8.6265,11.641055557809178,20,0.783,1.0,218.27694123438087,219.99460626507235,41.969824304306506,41.89062641076811,42.04664900233581,41.97098251921064,0.05208781287731092,0.15602259156770515,0.08035610844252972,0.19926256905198614,41.97955585019128,41.94352462407022,41.89062641076811,42.04664900233581,41.99455670868775
P_0024_0046,24,46,-7.816499999999998,9.409500000000001,12.232594266957438,16,0.783,1.0,215.8512462265096,217.42098328379237,41.846830411258146,41.77588935525222,41.9160841043323,41.85109569521169,0.046623406779562095,0.14019474908008078,0.07520633995947179,0.17904821083024364,41.87084513713825,41.8296902566733,41.77588935525222,41.9160841043323,41.862969622662376
P_0024_0047,24,47,-7.816499999999998,10.192500000000003,12.84463812257862,16,0.783,1.0,213.45796895087034,215.12032396850836,41.725616873254644,41.64995541059835,41.79951473500853,41.72385025341465,0.04906292526993138,0.14955932441017694,0.07566448159387562,0.19100807715220552,41.719544182647326,41.70476493628348,41.64995541059835,41.79951473500853,41.74547200253557
P_0024_0048,24,48,-7.816499999999998,10.975500000000004,13.474393214538459,20,0.783,1.0,210.48739798247897,212.5963915383379,41.57530431357587,41.47610543605737,41.671750874153815,41.57650664395835,0.06752701700646782,0.19564543809644874,0.10040120790098683,0.2498664598932934,41.58566399343431,41.53234151019649,41.47610543605737,41.671750874153815,41.61667140594977
P_0024_0049,24,49,-7.816499999999998,11.758499999999998,14.119489881011988,16,0.783,1.0,207.2261982493436,209.1137881595604,41.41041266232457,41.323243528698754,41.49561057607207,41.41570736766177,0.058792987125226244,0.17236704737331365,0.09246383896301325,0.22013671439759086,41.439847962191664,41.3807696897232,41.323243528698754,41.49561057607207,41.43906508162314
P_0024_0050,24,50,-7.816499999999998,12.5415,14.777919153250227,16,0.783,1.0,204.05617630431163,206.05287149939548,41.25023382344491,41.157475301764805,41.34090861843026,41.247559335300274,0.06182939837121954,0.18343331666545737,0.09334928312998869,0.23426988079879613,41.23993412488329,41.2164414006661,41.157475301764805,41.34090861843026,41.28303723075692
P_0024_0051,24,51,-7.816499999999998,13.3245,15.447976323777816,20,0.783,1.0,200.16694751845998,202.73458496808277,41.05381903420803,40.9310312797333,41.17328808936696,41.05507672867342,0.08590658355869214,0.24225680963366614,0.12404544894012304,0.30939567003022495,41.06508927026027,40.99203864816389,40.9310312797333,41.17328808936696,41.11393635584267
P_0024_0052,24,52,-7.816499999999998,14.107500000000002,16.128212191684483,16,0.783,1.0,195.93493119263408,198.20319174176737,40.84018776007847,40.73347236077882,40.94450301234667,40.84670435127761,0.07363652346578198,0.21103065156785306,0.11323199049878951,0.2695155192437459,40.87615872598718,40.79633618158141,40.73347236077882,40.94450301234667,40.88305147569395
P_0024_0053,24,53,-7.816499999999998,14.890500000000003,16.81739166755654,16,0.783,1.0,191.847747228821,194.25099030650543,40.63394345294524,40.52026597266149,40.74504298629819,40.630202380274376,0.07756002944099284,0.22477701363669667,0.11484060602381163,0.2870715372116177,40.61880413990559,40.58521867375663,40.52026597266149,40.74504298629819,40.68168012874997
P_0024_0054,24,54,-7.816499999999998,15.673500000000004,17.51445901248452,20,0.783,1.0,186.8541963906816,189.986798435788,40.382038205866124,40.22994938509623,40.52990237600551,40.38335910334341,0.10863294091889686,0.29995299090927574,0.15340971824717542,0.3830817252992027,40.39465566857416,40.2979013817353,40.22994938509623,40.52990237600551,40.464386705305856
P_0024_0055,24,55,-7.816499999999998,16.4565,18.218508844030016,16,0.783,1.0,181.43172477757935,184.18187350008384,40.10856098480998,39.976911028178506,40.23710793164821,40.11660587742464,0.09252073510172926,0.2601969034697049,0.1396948492461334,0.3323076672665452,40.15287733349948,40.0476365159397,39.976911028178506,40.23710793164821,40.1684965778573
P_0024_0056,24,56,-7.816499999999998,17.2395,18.928762043514624,16,0.783,1.0,176.19454105657655,179.1235520907534,39.844477327331774,39.703513659064015,39.9820260674714,39.83939344374753,0.0979436458769016,0.2785124084073871,0.14263262372386976,0.35569911673995797,39.82346121974524,39.77741947765077,39.703513659064015,39.9820260674714,39.91054679480624
P_0024_0057,24,57,-7.816499999999998,18.0225,19.644545769755023,20,0.783,1.0,169.78030317293963,173.65935942622534,39.5210838817775,39.329813596534734,39.70651617573026,39.52245906173869,0.13864871942125606,0.3767025791955234,0.19264546520395243,0.48110163371075787,39.53581341646554,39.40841061249142,39.329813596534734,39.70651617573026,39.63174150747148
P_0024_0058,24,58,-7.816499999999998,18.805500000000002,20.365276882478177,16,0.783,1.0,162.78049487043836,166.1921127976702,39.16819700336964,39.00193020641092,39.33005171129031,39.17830121155369,0.11843534272650062,0.32812150487939107,0.17637100514276938,0.41905683892642537,39.22410975288619,39.085012521706176,39.00193020641092,39.33005171129031,39.25040186547483
P_0024_0059,24,59,-7.816499999999998,19.588500000000003,21.09044818158211,16,0.783,1.0,155.96635609425437,159.64169542159712,38.82468371840979,38.64447570320687,38.99982952612521,38.81771655779221,0.12681524811569336,0.35535382291833884,0.1821129683330014,0.45383630002342124,38.79587823301421,38.73289786952063,38.64447570320687,38.99982952612521,38.91550145709414
P_0024_0060,24,60,-7.816499999999998,20.371500000000005,21.819616965015683,20,0.783,1.0,147.521155581846,152.50168545610452,38.39894152607228,38.14870762210967,38.639888604862335,38.400282096105244,0.18296120725271425,0.49118098275266675,0.251574473995575,0.6273064913827161,38.41740040863101,38.24544609012179,38.14870762210967,38.639888604862335,38.5499677548014
P_0024_0061,24,61,-7.816499999999998,21.1545,22.552395493605548,16,0.783,1.0,138.14975111530873,142.60049987212355,37.92648058928272,37.704756058978205,38.14073377516115,37.917530657297036,0.15678570110620568,0.435977716182947,0.2232031178641165,0.5568042352272631,37.8900962460923,37.81001879426793,37.704756058978205,38.14073377516115,38.0420484119856
P_0024_0062,24,62,-7.816499999999998,21.9375,23.28844302438443,20,0.783,1.0,127.53833164355231,133.73520005983383,37.3914410177126,37.0741394561295,37.693763209826216,37.392495717857436,0.23219498214211026,0.6196237536967146,0.31835626172793496,0.7913457901618322,37.41483034075918,37.19372598058868,37.0741394561295,37.693763209826216,37.5860196019836
P_0024_0063,24,63,-7.816499999999998,22.7205,24.027459135330975,16,0.783,1.0,115.4278273922359,121.14282738899198,36.78071294108145,36.48928754466306,37.0587879692128,36.79749774921559,0.2090965586428149,0.5695004245497444,0.30821020455253034,0.7273313212640413,36.87857585283217,36.62520319836744,36.48928754466306,37.0587879692128,36.935634181002456
P_0024_0064,24,64,-7.816499999999998,23.503500000000003,24.769178115149483,16,0.783,1.0,102.83674764050058,109.4629761518292,36.1456008265866,35.80201062268782,36.46970398205747,36.130560436914706,0.24171543263272482,0.6676933593696504,0.3391435451427611,0.8527373682881869,36.09005729163784,35.96237498477376,35.80201062268782,36.46970398205747,36.32865530341667
P_0024_0065,24,65,-7.816499999999998,24.286500000000004,25.513364233279784,20,0.783,1.0,85.43305502101614,95.73227819896049,35.26743997152396,34.70045653931567,35.777005903238944,35.26405884232561,0.40511987497993035,1.0765493639232773,0.5636023030099437,1.3749034022008648,35.31489698749971,34.91953758042666,34.70045653931567,35.777005903238944,35.608397201147056
P_0024_0066,24,66,-7.816499999999998,25.069500000000005,26.2598077392048,16,0.783,1.0,61.67221697063435,73.6933679746444,34.06792569547642,33.355427607867,34.66471441844209,34.09355376927283,0.48241345377409695,1.3092868105750881,0.7381261614058303,1.6721415205301253,34.302224584345424,33.72046127811865,33.355427607867,34.66471441844209,34.42494095759099
P_0025_0001,25,1,-7.0335,-25.825499999999998,26.766146015069108,17,0.783,1.0,26.027434254254437,42.923281100366125,32.33780120357844,31.13470500302799,33.1784629205701,32.28926893711772,0.694879754636178,1.7328272804379594,0.8891939834523797,2.2130616608403058,32.54608926000782,33.1784629205701,32.77062585017421,31.50553101470433,31.44563564013214
P_0025_0002,25,2,-7.0335,-25.0425,26.01147686118572,25,0.783,1.0,57.8061261258247,70.93871527666231,33.94167600215873,33.17585195154095,34.5898845179679,33.92311271260214,0.5205179216931932,1.414032566426954,0.7472607610611917,1.8059164322183319,33.97145639033636,34.5898845179679,34.35683201919909,33.52153868396641,33.17585195154095
P_0025_0003,25,3,-7.0335,-24.2595,25.2585324692469,20,0.783,1.0,79.10835351364679,87.11219551532933,35.014076933748676,34.592576420873115,35.403468816530165,34.98916635890423,0.28919845966133956,0.8108923956570493,0.4143024576259364,1.0356224721035112,34.920685548064,35.403468816530165,35.21859744625692,34.81050356279695,34.592576420873115
P_0025_0004,25,4,-7.0335,-23.4765,24.507471809633895,20,0.783,1.0,93.79515747918343,100.54390447528502,35.752474304476735,35.406206953950345,36.07842307619126,35.766173351933084,0.24108958301592923,0.6722161222409113,0.35996639798273833,0.8585135660803465,35.84170629080728,36.07842307619126,35.9217543636413,35.58277607507523,35.406206953950345
P_0025_0005,25,5,-7.0335,-22.6935,23.75847353051117,25,0.783,1.0,107.65982527449088,114.84525463454852,36.448804969364666,36.08035836407703,36.79634795823489,36.44514397727259,0.26432307223070767,0.7159895941578611,0.3647856131955649,0.914418383343373,36.45488530722912,36.79634795823489,36.66249205749523,36.23163619932672,36.08035836407703
P_0025_0006,25,6,-7.0335,-21.9105,23.011739015120085,20,0.783,1.0,119.69962468567084,124.85547805419198,37.05291996393896,36.79682366527408,37.29839581316486,37.038613375493334,0.17871850596912495,0.5015721478907764,0.2597824376715252,0.6405774557992036,36.99330906586744,37.29839581316486,37.177422874590775,36.92711545856952,36.79682366527408
P_0025_0007,25,7,-7.0335,-21.127499999999998,22.267496008756797,20,0.783,1.0,129.18888505263612,133.88814375497503,37.528651098091025,37.29753984666843,37.75107550486212,37.538421573507584,0.16188922554610174,0.4535356581936938,0.24088172683915587,0.5792281713840278,37.5876152006789,37.75107550486212,37.64008835648372,37.41578895884476,37.29753984666843
P_0025_0008,25,8,-7.0335,-20.3445,21.526002938306963,25,0.783,1.0,138.79825037320842,144.06754565842544,38.01002528396284,37.748815982987935,38.26082155235315,38.008041406568125,0.18799636885907675,0.5120055693652148,0.2592254235801903,0.6539023874396102,38.01332763007497,38.26082155235315,38.159599301906496,37.85764256551806,37.748815982987935
P_0025_0009,25,9,-7.0335,-19.5615,20.787554076898992,20,0.783,1.0,147.52847135353795,151.46893807440492,38.44703304011426,38.25675300638432,38.63117432122186,38.43664742434485,0.13245637620491305,0.3744213148375408,0.19452689687701508,0.4781881415549691,38.40278049782012,38.63117432122186,38.53623350960976,38.35629578668818,38.25675300638432
P_0025_0010,25,10,-7.0335,-18.7785,20.05248574366779,20,0.783,1.0,154.62618595446628,158.30602795517163,38.802067630694,38.62563358761389,38.97306906022948,38.80954332309966,0.122921166373132,0.3474354726155866,0.18390973548576994,0.44372346438772237,38.84643259122771,38.97306906022948,38.883411264606536,38.71917011182069,38.62563358761389
P_0025_0011,25,11,-7.0335,-17.9955,19.321183775845622,25,0.783,1.0,161.9701595041679,166.15873611940148,39.169166983959684,38.9660424145892,39.36547321481464,39.16777223137031,0.14527397541337458,0.39943080022544564,0.20172981678111057,0.5101287359201093,39.17149009563053,39.36547321481464,39.28134766777572,39.05450776404143,38.9660424145892
P_0025_0012,25,12,-7.0335,-17.2125,18.5940925699535,20,0.783,1.0,168.74808164849225,171.94827936986155,39.50774188792586,39.35657550722436,39.65457762679426,39.4996519084504,0.10423469059950509,0.29800211956989386,0.15492571834385416,0.3805901910215758,39.47318751659515,39.65457762679426,39.57420658177546,39.439712309862784,39.35657550722436
P_0025_0013,25,13,-7.0335,-16.429499999999997,17.871726063813757,20,0.783,1.0,174.3223320741305,177.34402610645228,39.786003259422884,39.64417404572163,39.92385191627807,39.79188175457968,0.09771419883246234,0.27967787055644067,0.14770770885805007,0.35718757414615665,39.82094032636616,39.92385191627807,39.846757845153206,39.723684639379314,39.64417404572163
P_0025_0014,25,14,-7.0335,-15.6465,17.15468112498743,25,0.783,1.0,180.1364522526943,183.58461912421603,40.05386502754668,39.911934788358735,40.23507299335955,40.04720976017302,0.10825757141198517,0.32313820500081647,0.1878632331865333,0.41269247126541053,40.07788844772654,40.23507299335955,40.02287834043989,39.98827423098038,39.911934788358735
P_0025_0015,25,15,-7.0335,-14.8635,16.443653927883545,20,0.783,1.0,185.5319507442899,188.20657450362677,39.822281738567746,39.62653080621016,40.088453749663415,39.86180761935079,0.15127700614367645,0.4247056521226682,0.22664613031262348,0.5424082402588355,39.66374809754075,39.94720171479628,39.73396647909442,40.088453749663415,39.87566805565911
P_0025_0016,25,16,-7.0335,-14.080499999999999,15.739460044741051,20,0.783,1.0,189.98410725730554,192.5234503501729,39.98455617314791,39.78630571626189,40.15189193093033,39.988976584877875,0.12388196599967922,0.3655862146684399,0.20267086861598216,0.46690448872086826,40.06899065402388,40.15189193093033,39.93799127500535,39.99970334816794,39.78630571626189
P_0025_0017,25,17,-7.0335,-13.2975,15.043059146995335,25,0.783,1.0,194.63400999124252,197.51899472558824,40.22743429299725,39.98682294398816,40.38861823257332,40.20289130120725,0.13099288076630955,0.4017952885851628,0.21606835721909334,0.5131485167115745,40.264275047077206,40.38861823257332,40.173844813878816,40.20089546851875,39.98682294398816
P_0025_0018,25,18,-7.0335,-12.5145,14.355585411260664,20,0.783,1.0,198.94741280912402,201.2143477413436,40.35574429463236,39.95450448686745,40.54848842707719,40.239458167404734,0.20871427420798666,0.5447229981505757,0.284953680537285,0.6956870985320251,40.44638036664003,40.078594871775294,40.499227485018025,39.95450448686745,40.21858362672288
P_0025_0019,25,19,-7.0335,-11.731499999999999,13.678384937557503,20,0.783,1.0,202.4993484830198,204.65679145239463,40.53732206124461,40.11850839653425,40.71176170050785,40.44282706054952,0.22491317076258335,0.5451029877476117,0.32431866401526577,0.6961723981450979,40.65654629566217,40.23402207054892,40.663611384281865,40.11850839653425,40.54144715572039
P_0025_0020,25,20,-7.0335,-10.9485,13.013061688165472,25,0.783,1.0,206.19498985075447,208.62184322311893,40.68731370612903,40.27114494240925,40.88465348715596,40.65627512893518,0.20656517555240955,0.5816056432960295,0.38513018652592734,0.7427913707484411,40.81143921260764,40.64317678833601,40.85275058570528,40.27114494240925,40.70286411561773
P_0025_0021,25,21,-7.0335,-10.165499999999998,12.361533582043936,20,0.783,1.0,209.60426095927846,211.53568322699127,40.815672607404075,40.43261390573292,41.022907056495455,40.86488423602153,0.12232285460464877,0.31390369976526244,0.18719432975475314,0.4008987225609993,40.98934879018947,40.77730980623545,40.99159360603204,40.67768990626678,40.88847907138393
P_0025_0022,25,22,-7.0335,-9.3825,11.726100310845034,25,0.783,1.0,212.71879249287238,214.86934438854604,40.977752539086794,40.56171242914462,41.16589367855136,41.00688095477191,0.1252740915483157,0.34102940311867513,0.1976504505712171,0.4355420218629312,41.11964830889383,40.93063618280922,41.15025990731937,40.80923050420069,41.02462987063643
P_0025_0023,25,23,-7.0335,-8.599499999999999,11.109523954697607,20,0.783,1.0,215.57057422347037,217.29837957927265,41.03734477107834,40.69498269053736,41.28112910061867,41.03404036507334,0.18844546707330026,0.5430135874997859,0.3113255517193352,0.6935039431670318,40.722714813354,41.04224707093988,41.26572840085379,40.95944485748015,41.18006668273887
P_0025_0024,25,24,-7.0335,-7.816499999999998,10.515122181886426,20,0.783,1.0,217.87985536469915,219.5229060101869,41.180105821573385,40.802374458643214,41.38654256077564,41.19401109796858,0.11807712292228117,0.3026942018091745,0.177338188985253,0.3865826332173365,41.09264493783502,41.14436069220068,41.37134928695383,41.068655085144655,41.293045487708696
P_0025_0025,25,25,-7.0335,-7.0335,9.946871090951165,25,0.783,1.0,220.23208769470241,222.0243673254137,41.30110550579162,41.141549085251256,41.50490832442762,41.30036294573485,0.12396628261020542,0.32150470946482557,0.18957812912639582,0.4106062700700199,41.18814879237982,41.25903976071487,41.48994107486124,41.16843636539642,41.39624873532188
P_0025_0026,25,26,-7.0335,-6.250499999999999,9.409509684356566,20,0.783,1.0,222.34520837703764,223.80797124464965,41.345649310325236,41.03656097179265,41.57435245798797,41.3963543648584,0.12364809577021194,0.2998052156808626,0.17799809312957393,0.3828929957609995,41.27454724230711,41.34068356639733,41.57435245798797,41.28028281869069,41.51190573890887
P_0025_0027,25,27,-7.0335,-5.467499999999998,8.90862944004295,20,0.783,1.0,224.0160413855379,225.40259647921573,41.393650306531015,41.074603939188194,41.64968154303739,41.477407141515506,0.12060864608585124,0.2899642369142157,0.17227440152188223,0.37032469593130996,41.37005129565108,41.41355648282405,41.64968154303739,41.35971730612317,41.59402907994183
P_0025_0028,25,28,-7.0335,-4.6845,8.450719643911992,25,0.783,1.0,225.6673895320631,227.1353422706904,41.493930180385426,41.39061006478079,41.73132763485779,41.55161903300117,0.1241162049313067,0.3009038623823699,0.17970860185662474,0.38429612053942513,41.436670974436765,41.49255754522534,41.73132763485779,41.43042377247542,41.66711523801053
P_0025_0029,25,29,-7.0335,-3.9014999999999986,8.043122807715918,20,0.783,1.0,227.09442183873412,228.3165999982527,41.55923353505172,41.46732728233991,41.78680400655668,41.61611686737382,0.12455891682761099,0.29205151916676186,0.17068713918285994,0.37299044593456177,41.49475248738992,41.54624959270939,41.78680400655668,41.506767362939,41.74601088727411
P_0025_0030,25,30,-7.0335,-3.1184999999999974,7.693839386158252,20,0.783,1.0,228.16646379571594,229.3182290498579,41.60811896775394,41.519169046952754,41.83365818061884,41.667696904564025,0.12263148401059103,0.2781287145536382,0.1659612760548157,0.3552090862754,41.5555294660652,41.59160818629846,41.83365818061884,41.558366751475376,41.799321938362255
P_0025_0031,25,31,-7.0335,-2.3354999999999997,7.411118842657969,25,0.783,1.0,229.15433716015934,230.32044979579777,41.65294011892673,41.562652739904365,41.88023803945367,41.71149120433737,0.12434889731161802,0.28543007348685023,0.16874683511630195,0.36453393804195433,41.59480796596682,41.636717959000464,41.88023803945367,41.60165637035533,41.84403568691056
P_0025_0032,25,32,-7.0335,-1.5524999999999984,7.202803516687096,20,0.783,1.0,229.92605482087097,230.9240431769151,41.377974780498434,40.58847928412303,41.887966764407,41.33964875868588,0.4389373927563434,1.2874487251268647,0.7391307194057504,1.6442512453727518,41.37535040876884,40.60051803928013,41.19020320107637,41.64420537989707,41.887966764407
P_0025_0033,25,33,-7.0335,-0.7695000000000007,7.075468359055816,20,0.783,1.0,230.42116568451047,231.35247862820052,40.62327640335278,40.39230238840935,41.20965786517576,40.646724263366764,0.2893167688300048,0.79964577594086,0.5488117066749965,1.0212589731045465,40.41897831106792,40.6177108939969,40.3958901941009,40.60550594762634,41.19553597004176
P_0025_0034,25,34,-7.0335,0.013500000000000512,7.033512955842195,25,0.783,1.0,230.76434707165342,231.64242734956755,40.374293491300165,39.424276015176645,40.62578320347535,40.256582347656504,0.423482155930947,1.195418963363636,0.8311407068067211,1.5267164283060486,40.43058442678648,39.42544164084978,40.40700234652786,40.62086060421342,40.39902271990496
P_0025_0035,25,35,-7.0335,0.7965000000000018,7.078455657839498,20,0.783,1.0,230.89398334172975,231.68546810703168,40.221788869642,39.25498760179954,40.61809647403203,39.9632633346839,0.5135202336469683,1.1799497924942557,0.7082757328843599,1.5069601436708246,40.4349373942938,39.25498760179954,40.29232921587061,39.42620282359917,40.4078596378564
P_0025_0036,25,36,-7.0335,1.5794999999999995,7.208671340822801,20,0.783,1.0,230.81915484006294,231.6595373103673,39.94630659507017,39.03311349200425,40.4460584983363,39.84056238259576,0.5303991145344016,1.1810624743336007,0.7065524765368565,1.508381193274075,40.31507238039251,39.13400990605891,40.2081656425737,39.2541687237636,40.291395260190086
P_0025_0037,25,37,-7.0335,2.3625000000000007,7.419671724544153,25,0.783,1.0,230.52025483657056,231.47622629122264,38.688176626006026,37.21204460357961,40.15315018504663,38.962657104975676,0.8580498279486648,2.6793472231337887,1.488854143062838,3.4218993909754643,38.97258998752585,37.47380296191284,39.1597532971274,39.05398909326567,40.15315018504663
P_0025_0038,25,38,-7.0335,3.145500000000002,7.70482267803744,20,0.783,1.0,230.0051991293464,230.9993584977487,38.39854978563519,36.71733634153429,39.36433604743178,38.281779748311905,0.6801800209793082,1.8209394653196114,1.0825562991198723,2.3255931868705124,38.77316754916927,37.9166464843251,39.36433604743178,37.81135207852122,37.543396582112166
P_0025_0039,25,39,-7.0335,3.9284999999999997,8.05625437160471,20,0.783,0.6,137.53569450126207,230.41801180811615,36.76103444732613,34.11592147208944,38.03093670132813,36.57810558665996,1.4079185999908856,3.8164537003766554,2.3700361430145023,4.874142656930594,34.208069443645456,35.96082178763834,38.02452314402211,37.91147306206193,36.78564049593194
P_0025_0040,25,40,-7.0335,4.711500000000001,8.465716419772162,25,0.783,0.0,0.0,0.0,37.14901950913956,35.945996994507425,38.60989262964989,37.04191866987204,1.2788154507720781,2.6638956351424667,1.5679739597778521,3.4021655621232014,36.04775346648091,38.60539455621165,38.60989262964989,35.945996994507425,36.000555702510326
P_0025_0041,25,41,-7.0335,5.494500000000002,8.92522562740013,20,0.783,0.6,136.37350287397473,228.44964360351776,40.84499666679282,38.58962442192603,42.36286597892524,41.590017078524895,1.4947518730385099,3.7561165402852907,2.98935719323093,4.79708370406806,42.334506415379,42.34599364669077,42.3121490196815,42.356776425579255,38.600659885293965
P_0025_0042,25,42,-7.0335,6.277500000000003,9.427466706385129,25,0.783,1.0,225.79596524583692,227.2753007309243,42.30717689250705,42.256790843057615,42.35212428627153,42.30617124770962,0.030794115576787875,0.09533344321391723,0.04938040465200544,0.12175407817869378,42.31269565234828,42.31310559276113,42.256790843057615,42.35212428627153,42.296139864109534
P_0025_0043,25,43,-7.0335,7.060500000000005,9.965981261270766,20,0.783,1.0,224.137488096676,225.5411615445694,42.23656099579862,42.17680410309328,42.29420200461425,42.23802869816052,0.03745124137835741,0.11739790152096674,0.06122459506723743,0.14993346298974042,42.247587880142646,42.23383213811667,42.17680410309328,42.29420200461425,42.23771736483576
P_0025_0044,25,44,-7.0335,7.843499999999999,10.535208327318449,20,0.783,1.0,222.45042605115214,223.93587081090016,42.15073948308019,42.08682239716524,42.2124766570667,42.14790722201362,0.04005656386760151,0.1256542599014594,0.06456943505308033,0.16047798199420102,42.14032378062939,42.14465734600839,42.08682239716524,42.2124766570667,42.1552559291984
P_0025_0045,25,45,-7.0335,8.6265,11.130436851265094,25,0.783,1.0,220.3059288094554,222.1316267419585,42.04183877832662,41.95986171581649,42.12078559411162,42.04106979143389,0.05275735286734078,0.16092387829512944,0.08120807561740406,0.205522194502081,42.04312023333301,42.0188479339123,41.95986171581649,42.12078559411162,42.06273347999604
P_0025_0046,25,46,-7.0335,9.409500000000001,11.74771520339168,20,0.783,1.0,217.90709525822345,219.58800482591744,41.92019302073086,41.84631020753426,41.99172576046834,41.92246598638737,0.04717199080690204,0.14541555293408237,0.07615577885311353,0.1857159041303734,41.93546297927787,41.90634201205791,41.84631020753426,41.99172576046834,41.93248897259849
P_0025_0047,25,47,-7.0335,10.192500000000003,12.38374654537148,20,0.783,1.0,215.54074932214266,217.31456570411575,41.80033140483082,41.72170083173074,41.87652224407776,41.7965977598307,0.050377567965259065,0.15482141234701885,0.07992448424705856,0.19772849597320413,41.78565520185776,41.78290007309516,41.72170083173074,41.87652224407776,41.8162104483921
P_0025_0048,25,48,-7.0335,10.975500000000004,13.035786224850424,25,0.783,1.0,212.60429587083797,214.82100806221607,41.65173188378938,41.54972406138194,41.75028284043816,41.650895380933186,0.0678552513448198,0.2005587790562231,0.10117131955124847,0.25614148027614697,41.65312579015978,41.61257290529926,41.54972406138194,41.75028284043816,41.68877130738679
P_0025_0049,25,49,-7.0335,11.758499999999998,13.701548981775746,20,0.783,1.0,209.38147216032252,211.38130924395765,41.4887675387004,41.39855596452577,41.57629637682908,41.49193059014931,0.05901236362140746,0.17774041230330795,0.09337462562353949,0.22699924942951205,41.508815620629605,41.46289501265864,41.39855596452577,41.57629637682908,41.51308997610346
P_0025_0050,25,50,-7.0335,12.5415,14.379128780979743,20,0.783,1.0,206.24981884839946,208.3591478948792,41.33051610601866,41.23467805920615,41.423540461234495,41.325746022235045,0.0629202949791689,0.1888624020283416,0.0977944389994505,0.24120357858025746,41.31103011101925,41.30067858378487,41.23467805920615,41.423540461234495,41.35880289593047
P_0025_0051,25,51,-7.0335,13.3245,15.066931422821304,25,0.783,1.0,202.4092336877372,205.08407724109665,41.13654551362368,41.01091334241096,41.25809048384326,41.13560539207981,0.08587386981526149,0.24717714143230296,0.12469204966885172,0.3156796186874878,41.13811197498387,41.07926583503178,41.01091334241096,41.25809048384326,41.19164532412918
P_0025_0052,25,52,-7.0335,14.107500000000002,15.763618826272097,20,0.783,1.0,198.23214861101954,200.6138858181472,40.9256751253111,40.81579069375027,41.03238020903302,40.92986064569735,0.07350585418060643,0.21658951528274883,0.11406995194708003,0.27661496204693337,40.95133713287754,40.88627872167302,40.81579069375027,41.03238020903302,40.9635164711529
P_0025_0053,25,53,-7.0335,14.890500000000003,16.46806341073534,20,0.783,1.0,194.20027445997658,196.71729233357365,40.72221152720897,40.60532507277861,40.83571479779562,40.716191438260935,0.07840215736908132,0.23038972501700528,0.11952335953468207,0.2942397509795725,40.697052080283015,40.67821195427342,40.60532507277861,40.83571479779562,40.764653286174
P_0025_0054,25,54,-7.0335,15.673500000000004,17.179310943690382,25,0.783,1.0,189.27759362560028,192.51561931613568,40.47387036515965,40.31894279182251,40.62371701172867,40.47276461647988,0.1081261024630042,0.3047742199061645,0.1538218246573706,0.38923910588271327,40.47571257007712,40.39526634172887,40.31894279182251,40.62371701172867,40.55018436704222
P_0025_0055,25,55,-7.0335,16.4565,17.896550351953305,20,0.783,1.0,183.93629110425573,186.80037925083775,40.20447646654656,40.069541464584745,40.33543254646338,40.20989628248226,0.09192628628622515,0.2658910818786353,0.14035481789751714,0.3395799257709263,40.23711801758054,40.14903465275381,40.069541464584745,40.33543254646338,40.25835473102882
P_0025_0056,25,56,-7.0335,17.2395,18.61908919630603,20,0.783,1.0,178.78232304059017,181.8249148762197,39.94458046093957,39.80031332426262,40.0845187633966,39.93695010333404,0.09842242933301981,0.28420543913398433,0.14756866006256075,0.36296990949423286,39.91232187002464,39.883431031576606,39.80031332426262,40.0845187633966,40.004165527409725
P_0025_0057,25,57,-7.0335,18.0225,19.346333722439507,25,0.783,1.0,172.47721855348507,176.45565398773226,39.62668083404836,39.43276050536156,39.81378593057104,39.62528671538811,0.13736316533495502,0.38102542520948646,0.1925262100265499,0.4866225098460874,39.62900289067528,39.521204315281295,39.43276050536156,39.81378593057104,39.729679935051365
P_0025_0058,25,58,-7.0335,18.805500000000002,20.07777259807472,20,0.783,1.0,165.6060626610028,169.12829877596835,39.280272701090624,39.11075147388101,39.44436364479441,39.28728882159014,0.1170533453438396,0.3336121709133977,0.17653734770912877,0.42606918379744274,39.32233688708243,39.20426417081484,39.11075147388101,39.44436364479441,39.35472793137802
P_0025_0059,25,59,-7.0335,19.588500000000003,20.812963616457896,20,0.783,1.0,158.92863042204712,162.71149125717434,38.94364631384643,38.76028644032874,39.12087008707943,38.93372159274638,0.12657075463851056,0.36058364675069043,0.18714849433305147,0.46051551309155864,38.90169497405213,38.85980273455175,38.76028644032874,39.12087008707943,39.025953727719866
P_0025_0060,25,60,-7.0335,20.371500000000005,21.551522788424958,25,0.783,1.0,150.67122709893684,155.7303812031676,38.52736854572404,38.275394472931225,38.76893436027569,38.525385602246715,0.18002228733944056,0.4935398873444683,0.2499911293154895,0.6303191409252469,38.53066933762938,38.38419050723468,38.275394472931225,38.76893436027569,38.667739333162615
P_0025_0061,25,61,-7.0335,21.1545,22.2931153610257,20,0.783,1.0,141.53467943558385,146.07633225218302,38.06674848386167,37.84257851065058,38.28223538252422,38.054405918742646,0.15539726606950277,0.43965687187363756,0.22782946378157476,0.5615030292128194,38.01514294813023,37.96079303869397,37.84257851065058,38.28223538252422,38.17127971371423
P_0025_0062,25,62,-7.0335,21.9375,23.03744839386515,25,0.783,1.0,131.2338264900585,137.4639489133726,37.54737397704487,37.23064303506402,37.84801763047716,37.544477686671975,0.22646814337724716,0.6173745954131391,0.3138346516079551,0.7884733019324892,37.55218958455367,37.36445775033519,37.23064303506402,37.84801763047716,37.727080432929824
P_0025_0063,25,63,-7.0335,22.7205,23.784264598679524,20,0.783,1.0,119.54681791380624,125.29569053597406,36.958016467568214,36.66703666550757,37.234437528843614,36.96975921306887,0.2023308246178251,0.5674008633360472,0.30272254756130224,0.724649889318068,37.032271908238215,36.81826610122653,36.66703666550757,37.234437528843614,37.09678386152842
P_0025_0064,25,64,-7.0335,23.503500000000003,24.533337206747888,20,0.783,1.0,107.50686953854238,114.0980106489042,36.35072813699349,36.01145726188412,36.66968901379329,36.33126830314865,0.23394729530607428,0.6582317519091703,0.3384207106446411,0.8406535784280591,36.27415668128288,36.18796764471426,36.01145726188412,36.66968901379329,36.51307091406869
P_0025_0065,25,65,-7.0335,24.286500000000004,25.284465675588248,25,0.783,1.0,91.15508330485817,101.0865840509212,35.525698363093404,34.985392479510665,36.013309002433914,35.517086692886664,0.3783299801798433,1.027916522923249,0.5316942133759994,1.3127924941548517,35.53986862402252,35.2183636389579,34.985392479510665,36.013309002433914,35.82849971950833
P_0025_0066,25,66,-7.0335,25.069500000000005,26.037472083518406,20,0.783,1.0,69.81016655937529,80.76138397424177,34.448272951566864,33.823207742831585,34.987593598430976,34.46502948708454,0.416451276010832,1.1643858555993916,0.6418217442529581,1.4870828296288525,34.609337621009104,34.168769040243944,33.823207742831585,34.987593598430976,34.7362394329071
P_0025_0067,25,67,-7.0335,25.8525,26.79219809011571,17,0.783,1.0,41.077251186659076,57.84330495039668,32.99574198269717,31.80121425148434,33.830413118639,32.82849023419102,0.686404392574324,1.7229878117224757,1.0019228844479784,2.200495289556163,32.60998814064101,32.17189901372495,32.107425306916525,33.830413118639,33.42272559103361
P_0026_0001,26,1,-6.250499999999999,-25.825499999999998,26.571134723605613,16,0.783,1.0,34.550123034636215,49.4916711760408,32.739363374408484,31.74446314440422,33.48317014687359,32.73668549669045,0.6539219254081421,1.7387070024693685,0.9922223522862268,2.220570884379781,32.97120637808354,33.48317014687359,33.2625159466445,32.2220718674464,31.74446314440422
P_0026_0002,26,2,-6.250499999999999,-25.0425,25.810764353269356,20,0.783,1.0,63.98430404766752,75.26154332724828,34.22318440244571,33.594793458387755,34.78106510741247,34.204871071630464,0.4620025688451813,1.186271649024718,0.6100776132427086,1.515034034514327,34.21753788642633,34.78106510741247,34.64130340915898,33.789655496766784,33.594793458387755
P_0026_0003,26,3,-6.250499999999999,-24.2595,25.05178816970956,16,0.783,1.0,83.76348700793034,90.70513814316338,35.218604718093005,34.858788565523525,35.55777237527519,35.191870157068934,0.267012736310337,0.6989838097516667,0.36590221820625857,0.8926996293124735,35.107683345454404,35.55777237527519,35.4447586248308,34.99034787426075,34.858788565523525
P_0026_0004,26,4,-6.250499999999999,-23.4765,24.29433684009506,16,0.783,1.0,97.77684550013967,103.6898687049326,35.922982792304026,35.62227927102424,36.21015480989411,35.93349585237469,0.22375760547302184,0.5878755388698664,0.3112165813504504,0.7507989002169431,35.99093971868166,36.21015480989411,36.11359868244904,35.730506779824395,35.62227927102424
P_0026_0005,26,5,-6.250499999999999,-22.6935,23.53855757050546,20,0.783,1.0,111.1609902929379,117.6199226269259,36.5950520669429,36.265629025319015,36.90933994474159,36.58916240933853,0.2515994772272891,0.6437109194225741,0.3235333840195125,0.8221084539241048,36.58537652816881,36.90933994474159,36.826489712543946,36.35897683591929,36.265629025319015
P_0026_0006,26,6,-6.250499999999999,-21.9105,22.784616751220547,16,0.783,1.0,122.8640194255934,127.41688682720728,37.182172153257554,36.95646421549014,37.40063019065934,37.16603017369455,0.16980049892642135,0.44416597516919865,0.23460001696479083,0.5672617818252856,37.11024970059003,37.40063019065934,37.32566331328553,37.037143448447694,36.95646421549014
P_0026_0007,26,7,-6.250499999999999,-21.127499999999998,22.03270311378066,16,0.783,1.0,132.12998991654413,136.28257537156685,37.646640578042884,37.44244603996174,37.84489078279415,37.65423260774114,0.15275054521614836,0.40244474283241516,0.21178656777940574,0.5139779601946554,37.69199184041514,37.84489078279415,37.77610071829639,37.515733657238286,37.44244603996174
P_0026_0008,26,8,-6.250499999999999,-20.3445,21.283031515740422,20,0.783,1.0,141.5427593374618,146.29733897203144,38.11810304077579,37.88218105410118,38.34633976057836,38.114344731240195,0.18085062073553157,0.4641587064771784,0.2321636771390132,0.5927952828571882,38.10993276196445,38.34633976057836,38.2836426922716,37.949627387285375,37.88218105410118
P_0026_0009,26,9,-6.250499999999999,-19.5615,20.535847498946808,16,0.783,1.0,150.11456879717798,153.59214180546087,38.54712776755582,38.3787367641238,38.71132346988219,38.53520584447655,0.1265279161173005,0.3325867057583878,0.17611762540563802,0.4247595220413637,38.493016104744754,38.71132346988219,38.652572035109415,38.44038084852258,38.3787367641238
P_0026_0010,26,10,-6.250499999999999,-18.7785,19.79143280563588,16,0.783,1.0,157.09628245620732,160.33918204687586,38.896319107742535,38.740249025427374,39.048684151836994,38.90209217375707,0.11626973626105329,0.3084351264096199,0.1618431483296945,0.39391459311573424,38.93014566207864,39.048684151836994,38.9932663632253,38.79811566621703,38.740249025427374
P_0026_0011,26,11,-6.250499999999999,-17.9955,19.050112086284425,20,0.783,1.0,164.33059006317964,168.09720709515503,39.25789658031839,39.07443372257785,39.43632305422159,39.25502384725176,0.14006997338711408,0.36188933164373793,0.18129920696982538,0.4621830544619897,39.25085481338158,39.43632305422159,39.38441044286304,39.12909720321477,39.07443372257785
P_0026_0012,26,12,-6.250499999999999,-17.2125,18.31226109741776,16,0.783,1.0,171.01513748743082,173.8222724023368,39.5917717543839,39.45842401592103,39.722183782037234,39.58235571182665,0.0994673416154666,0.2637597661162019,0.13982807021058363,0.33685793884572396,39.54880408812216,39.722183782037234,39.67265799639836,39.5097086766545,39.45842401592103
P_0026_0013,26,13,-6.250499999999999,-16.429499999999997,17.578316770953922,16,0.783,1.0,176.51796809409544,179.16159834545834,39.866439796737026,39.74156844739224,39.98862074383413,39.870892806327525,0.09214097333881396,0.2470522964418933,0.1293243589352855,0.31552017425529155,39.89254517823434,39.98862074383413,39.94118332641443,39.790546335762485,39.74156844739224
P_0026_0014,26,14,-6.250499999999999,-15.6465,16.848789644956696,20,0.783,1.0,182.26224837005628,185.34097404816305,40.1529694261968,40.0054330293936,40.29676447099558,40.150580204182106,0.11162211283488992,0.291331441601983,0.14618426681347785,0.37207080664365644,40.14672199664989,40.29676447099558,40.25159265208856,40.05238887178291,40.0054330293936
P_0026_0015,26,15,-6.250499999999999,-14.8635,16.124279286219274,16,0.783,1.0,187.59663688917368,189.92016693347065,39.83356596710898,39.47047117310808,40.35528376432114,40.01079617780903,0.20607966691656746,0.5955265512930623,0.3444875865121162,0.7605703081648305,39.87103573729485,39.75975721302808,39.963077149913886,40.35528376432114,40.10482702448718
P_0026_0016,26,16,-6.250499999999999,-14.080499999999999,15.405493516924407,16,0.783,1.0,192.00101222683406,194.19894779558123,39.78569591672401,39.57101011714758,40.01545369205536,39.830482191762414,0.1369889089524671,0.3472920622391982,0.18497150029294573,0.44354030937317773,39.66816162981616,39.9573643036058,39.70099707625536,39.81043425707941,40.01545369205536
P_0026_0017,26,17,-6.250499999999999,-13.2975,14.693272491177721,20,0.783,1.0,196.60338632450086,199.15250160883397,40.010899159645234,39.74763070511341,40.18599763730617,39.987015364267236,0.14687646709892205,0.4383669321927641,0.23938465915382778,0.5598555966701968,40.070472188309566,40.18599763730617,39.92629223273912,40.00468405786791,39.74763070511341
P_0026_0018,26,18,-6.250499999999999,-12.5145,13.988618963285832,16,0.783,1.0,200.87464320103447,202.8181649205041,40.245583632647694,39.969044431396696,40.35508103885155,40.22317074044859,0.13504049637936977,0.38603660745485513,0.25412630905189104,0.4930224871709516,40.24629206598257,40.35508103885155,40.31604646014722,40.22938970586489,39.969044431396696
P_0026_0019,26,19,-6.250499999999999,-11.731499999999999,13.292736456426118,16,0.783,1.0,204.39329558476692,206.23395619607504,40.43545587220182,40.35671735083668,40.51254522616847,40.437696286256404,0.0555380376760402,0.15582787533178788,0.08097893541972212,0.1990138893126282,40.449280780700406,40.51254522616847,40.47442369472623,40.39551437885024,40.35671735083668
P_0026_0020,26,20,-6.250499999999999,-10.9485,12.607077476560535,20,0.783,1.0,208.05561293898336,210.16947253280657,40.604214194375075,40.51225139416431,40.69383839929452,40.60238253018283,0.06660393048984804,0.1815870051302113,0.0914558691116909,0.23191188394663,40.59893467460853,40.69383839929452,40.65672860406977,40.55015957877703,40.51225139416431
P_0026_0021,26,21,-6.250499999999999,-10.165499999999998,11.933404396901999,16,0.783,1.0,211.4352310215769,213.0623840912588,40.759832813467156,40.69117513360203,40.82699870466325,40.761551204596266,0.047510871835570914,0.13582357106121634,0.07037607099423582,0.17346560799644486,40.77087803738544,40.82699870466325,40.79060576077336,40.72809838655724,40.69117513360203
P_0026_0022,26,22,-6.250499999999999,-9.3825,11.273866084888537,20,0.783,1.0,214.5236419684956,216.37290091547672,40.90192007095421,40.82246672818417,40.97924953596453,40.90017998956572,0.05641505924827704,0.1567828077803597,0.07906954639880581,0.20023347098385655,40.89684209986541,40.97924953596453,40.943649289417465,40.85869229439703,40.82246672818417
P_0026_0023,26,23,-6.250499999999999,-8.599499999999999,10.631093570277706,16,0.783,1.0,217.35225994486524,218.78561365330629,41.11942654058326,40.972405966003066,41.441307746551445,41.16764146680437,0.1925161972675271,0.4689017805483786,0.2736662797470757,0.59885284872079,41.01289562824843,41.441307746551445,41.055060765068845,41.356537228150046,40.972405966003066
P_0026_0024,26,24,-6.250499999999999,-7.816499999999998,10.008317665821762,16,0.783,1.0,219.6433540555807,220.99560324242145,41.080514167918196,40.72361891839137,41.46834472838992,41.12449107249215,0.22197676730440744,0.6971540510114664,0.35330039511369193,0.8903627726838651,41.14450071626203,40.771190677378456,41.15699683321583,41.46834472838992,41.08142240721452
P_0026_0025,26,25,-6.250499999999999,-7.0335,9.409509684356566,20,0.783,1.0,221.97760575669372,223.48121335989956,41.13842034274346,40.79415035569326,41.29470099624115,41.07331397744353,0.1967363461378148,0.4773319856387275,0.2791636217502713,0.60961939417462,41.23934474867974,40.88056109663648,41.27148234133199,40.79415035569326,41.1810313448762
P_0026_0026,26,26,-6.250499999999999,-6.250499999999999,8.83954187161303,16,0.783,1.0,224.07504974734172,225.25386397674964,41.323382261008064,40.90082277674384,41.73628538003078,41.16602078206881,0.19480790633228426,0.45216964521762293,0.26519800532497584,0.5774835826534137,41.32516184451691,40.9584366047128,41.35299242196146,40.90082277674384,41.29269026240905
P_0026_0027,26,27,-6.250499999999999,-5.467499999999998,8.304354670894059,16,0.783,1.0,225.7338648369369,226.8389763694953,41.39904720479973,40.9765931897461,41.81101366274544,41.244466876647536,0.1992925976025473,0.44915602567454016,0.26787368690143865,0.5736347709764242,41.4200423743132,41.02795408510957,41.42574921542064,40.9765931897461,41.37199551864819
P_0026_0028,26,28,-6.250499999999999,-4.6845,7.811100466643608,20,0.783,1.0,227.37372028322633,228.5617468143068,41.473688685358546,41.04404584360179,41.892020725154,41.31616643106679,0.19988828699331296,0.46058267839805467,0.2721205874649968,0.5882281971878093,41.48624099120315,41.1033266827219,41.50462852199985,41.04404584360179,41.44259011580726
P_0026_0029,26,29,-6.250499999999999,-3.9014999999999986,7.36820551423479,16,0.783,1.0,228.79118756781247,229.73648466134856,41.53803181827867,41.11688495092386,41.94706976490744,41.378493760173434,0.19898096451100836,0.44135604296582187,0.26160880924957297,0.5636731072360432,41.54396705804271,41.15455880781008,41.55824099388968,41.11688495092386,41.51881699020083
P_0026_0030,26,30,-6.250499999999999,-3.1184999999999974,6.985255363979184,16,0.783,1.0,229.85636860493386,230.7328403018077,41.485540525161895,41.16612160611635,41.97138138119698,41.42844591084105,0.20186000021445868,0.43826644734787124,0.26232430472470014,0.5597272635349568,41.60438805346422,41.19784401564334,41.6035352235013,41.16612160611635,41.57034065548004
P_0026_0031,26,31,-6.250499999999999,-2.3354999999999997,6.672578999157671,20,0.783,1.0,230.83830241399454,231.730166219033,41.483812007801475,41.197473495248005,42.029064746168274,41.54452339926347,0.2966718007176988,0.8046970337803714,0.4676072499272692,1.0277101325419813,42.01213064919074,41.24089785078712,41.64858524384891,41.207433615410366,41.61356963708022
P_0026_0032,26,32,-6.250499999999999,-1.5524999999999984,6.4404197456377,16,0.783,1.0,231.60581161787604,232.33116814424815,41.150510123066894,40.61206752050845,42.03674442644285,41.217127050963825,0.4177222312728749,1.0622780199946078,0.6050595304553781,1.3566769093162296,41.674345540503055,40.8951138810902,40.61206752050845,41.24804489351016,41.65606341920727
P_0026_0033,26,33,-6.250499999999999,-0.7695000000000007,6.297688504522909,16,0.783,1.0,232.0986903227161,232.75816958923969,40.25075643929917,39.43643685350696,40.900172843411895,40.44775089402765,0.5072182463104883,1.4445744198219472,0.992152470437702,1.8449226306793707,40.63668846322258,39.45559842358995,40.62924447915151,40.900172843411895,40.61705026076231
P_0026_0034,26,34,-6.250499999999999,0.013500000000000512,6.2505145788166905,20,0.783,1.0,232.44103677341326,233.0479393443508,39.50801611952841,39.43137660454198,40.6323922003848,39.68717693600782,0.47272212075867825,1.1963046557683583,0.9452152643769764,1.527847580802501,39.44356672802331,39.465463334907895,39.43608754461644,39.458374872106674,40.6323922003848
P_0026_0035,26,35,-6.250499999999999,0.7965000000000018,6.30104455626208,16,0.783,1.0,232.57150797993535,233.09173218458895,39.44120868990872,39.26575021367978,39.46659697378709,39.41647697248014,0.07619960168336666,0.20048090557497744,0.15072675880036002,0.2560420249999712,39.44743102217024,39.46612204566264,39.26575021367978,39.46623111925476,39.4368504616333
P_0026_0036,26,36,-6.250499999999999,1.5794999999999995,6.446981502998127,16,0.783,1.0,232.49891163706803,233.0666622777004,39.27037553990486,39.14489677621776,39.465280696912885,39.28750384056305,0.10264759059457552,0.32038392069512156,0.17777685634983698,0.4091748667881501,39.27246984679988,39.28993609475475,39.14489677621776,39.465280696912885,39.26493578812995
P_0026_0037,26,37,-6.250499999999999,2.3625000000000007,6.682077259355805,20,0.783,1.0,232.20422009040576,232.88594271445797,37.63664345428343,35.07111720257001,39.16307937651408,37.301412694001655,1.3011327063939713,4.071422413328385,2.2302954914316473,5.199773197098831,37.29474582947961,35.07111720257001,37.605108443005406,37.39355237905488,39.14253961589839
P_0026_0038,26,38,-6.250499999999999,3.145500000000002,6.997350963043085,16,0.783,0.9375,217.1951939644697,232.4139697496984,36.82677013778053,33.97914640735337,37.94658006294975,36.49418138529895,1.439447073339012,3.9674336555963805,2.5150349779455823,5.066965077390013,36.463796549216966,33.97914640735337,37.94658006294975,36.22616580748502,37.85521809948966
P_0026_0039,26,39,-6.250499999999999,3.9284999999999997,7.382537673456193,16,0.783,0.0625,14.42440252242771,230.79044035884337,36.07260298897801,34.120544054668585,38.46286537668175,36.79214530327657,1.1570175118173018,2.721076991465111,1.6707200734051781,3.4751941142594007,35.87373626161559,38.46286537668175,35.963671046621414,35.74178838521664,37.91866544624747
P_0026_0040,26,40,-6.250499999999999,4.711500000000001,7.827322818179917,20,0.783,0.2,45.99047965227744,230.3991899446887,39.196389629821226,35.958888956893134,42.386173573057874,38.81753260590362,2.0484243670065565,6.414554328390807,3.555910679380318,8.192278835748157,38.5912229462117,42.37344328528394,38.611644294035386,38.55246354709397,35.958888956893134
P_0026_0041,26,41,-6.250499999999999,5.494500000000002,8.322156000700781,16,0.783,1.0,228.93851784697858,229.8860234937973,42.3713215639648,42.35259587293558,42.39567900040947,42.360012432459975,0.006633448912270046,0.016651070298742354,0.009234510774348337,0.021265734736580274,42.35259587293558,42.36608102585177,42.35849867233191,42.353639647946295,42.36924694323432
P_0026_0042,26,42,-6.250499999999999,6.277500000000003,8.858654327831063,20,0.783,1.0,227.5274722567886,228.72119346302432,42.34789698239048,42.32330265400515,42.38315768594089,42.34931023205162,0.018777161800898653,0.057491300496735676,0.033847453889265466,0.07342439399327672,42.34952280667841,42.345504602960204,42.32566638544415,42.38315768594089,42.34269967923444
P_0026_0043,26,43,-6.250499999999999,7.060500000000005,9.429708929760242,16,0.783,1.0,225.88484328077965,227.0009808288524,42.29447318186493,42.24655726633273,42.34100501749396,42.29496887981431,0.031030376465883094,0.09444775116123338,0.048411613481583515,0.1206229261318434,42.299368796525584,42.28111137660375,42.24655726633273,42.34100501749396,42.30680194211556
P_0026_0044,26,44,-6.250499999999999,7.843499999999999,10.029418851558647,16,0.783,1.0,224.21392474203367,225.4085680431346,42.209460772547935,42.15756833529269,42.25992473891074,42.20567816940165,0.03455600240261621,0.1023564036180531,0.05424656950908968,0.13072337626826705,42.19300807906211,42.19264351999044,42.15756833529269,42.25992473891074,42.22524617375228
P_0026_0045,26,45,-6.250499999999999,8.6265,10.65294571937734,20,0.783,1.0,222.0900915787658,223.6188608159921,42.10159595019233,42.03202401684325,42.16896197798525,42.099841095319974,0.04808465260889552,0.13693796114199586,0.06912088266527405,0.17488883926180823,42.09663064278095,42.06784224301492,42.03202401684325,42.16896197798525,42.13374659597548
P_0026_0046,26,46,-6.250499999999999,9.409500000000001,11.2963463341029,16,0.783,1.0,219.7146393625093,221.09593792916303,41.98112254111865,41.91975876663548,42.04093940990191,41.98236171201371,0.041472164312962724,0.12118064326642752,0.06260294537823086,0.15476455078726375,41.98989944753572,41.956251409186,41.91975876663548,42.04093940990191,42.00495952680944
P_0026_0047,26,47,-6.250499999999999,10.192500000000003,11.956412777250543,16,0.783,1.0,217.3717193844411,218.8412665683833,41.862435777052596,41.7965854473656,41.92667660495778,41.85769990597387,0.04554469860961096,0.13009115759217593,0.06897669898391001,0.1661445179976704,41.84140341735787,41.83383062777369,41.7965854473656,41.92667660495778,41.8900034324144
P_0026_0048,26,48,-6.250499999999999,10.975500000000004,12.630532470960995,20,0.783,1.0,214.46491895906684,216.36863737190373,41.71532376788468,41.62663766134,41.80148645342672,41.71343385504649,0.063577273672262,0.17484879208672055,0.08805259838023005,0.2233062478757606,41.71005978373114,41.66494532364777,41.62663766134,41.80148645342672,41.76404005308683
P_0026_0049,26,49,-6.250499999999999,11.758499999999998,13.31657134926254,16,0.783,1.0,211.2754192620697,212.9584739876381,41.55403151521507,41.47730230618868,41.62898116078554,41.556073249646964,0.053634432688043014,0.15167885459685948,0.07877094345828084,0.19371501225652552,41.56707054228457,41.516568902151846,41.47730230618868,41.62898116078554,41.590443336824194
P_0026_0050,26,50,-6.250499999999999,12.5415,14.012778899989822,16,0.783,1.0,208.1770492403099,209.96296507403977,41.39745058377946,41.31546757241699,41.47756222216725,41.391604320936686,0.05838138617719114,0.16209464975025867,0.08595790123056446,0.20701743263123712,41.371150172370506,41.35580231021714,41.31546757241699,41.47756222216725,41.43803932751155
P_0026_0051,26,51,-6.250499999999999,13.3245,14.717712135383,20,0.783,1.0,204.37861002099552,206.71758412434232,41.20559592699986,41.09459475944976,41.31360198917673,41.20350733582147,0.08163381370908675,0.2190072297269694,0.11009465335526158,0.2797027199578153,41.199918637006135,41.1364397120704,41.09459475944976,41.31360198917673,41.27298158140434
P_0026_0052,26,52,-6.250499999999999,14.107500000000002,15.430175193431864,16,0.783,1.0,200.24905358054806,202.28938326355544,40.99711244134175,40.90209749734163,41.08999937411056,41.00005275883841,0.06810110967856102,0.1879018767689331,0.09795526149677869,0.23997685411102568,41.01502871012917,40.94531177484714,40.90209749734163,41.08999937411056,41.04782643776355
P_0026_0053,26,53,-6.250499999999999,14.890500000000003,16.149171511257165,16,0.783,1.0,196.26496060486036,198.43088476341757,40.7960491918424,40.69458050902324,40.895246736289664,40.7888493327653,0.07382599981699971,0.20066622726642436,0.10639740352436178,0.2562787065982431,40.76342363605573,40.73933073033396,40.69458050902324,40.895246736289664,40.85166505212391
P_0026_0054,26,54,-6.250499999999999,15.673500000000004,16.873865961895042,20,0.783,1.0,191.40338974296228,194.27197424008267,40.550779004339844,40.41242164381231,40.68539676562034,40.54839048223331,0.1035695389447234,0.27297512180803096,0.1370062833870307,0.34862723091702547,40.54453239303575,40.45936812936975,40.41242164381231,40.68539676562034,40.6402334793284
P_0026_0055,26,55,-6.250499999999999,16.4565,17.6035548256595,16,0.783,1.0,186.13192712422068,188.61795148984388,40.28489602843232,40.1669146293994,40.400188218575295,40.28889065824643,0.08610178924491797,0.23327358917589436,0.12197602884702974,0.2979228469679366,40.30870783318301,40.21588223137508,40.1669146293994,40.400188218575295,40.35276037869937
P_0026_0056,26,56,-6.250499999999999,17.2395,18.33764190129145,16,0.783,1.0,181.04937887952872,183.69890790869496,40.02859168613324,39.90213852330879,40.152110458479854,40.01963551706443,0.09341179241588304,0.24997193517106098,0.13247494141542404,0.319248959350014,39.98792154730893,39.95341184603024,39.90213852330879,40.152110458479854,40.10259521019435
P_0026_0057,26,57,-6.250499999999999,18.0225,19.075619426377745,20,0.783,1.0,174.83764911249685,178.3941249634858,39.71538964316089,39.541125506679975,39.8846198336945,39.712517865365726,0.1319762934245357,0.3434943270145254,0.172101968328775,0.43869007281548583,39.70834899517564,39.59577615038762,39.541125506679975,39.8846198336945,39.83271884089089
P_0026_0058,26,58,-6.250499999999999,18.805500000000002,19.817052770278433,16,0.783,1.0,168.07615916274375,171.16145286767255,39.37450091216457,39.22533780819765,39.51996067784541,39.37981482570628,0.11018948118821906,0.2946228696477604,0.15447701750863274,0.37627441845180126,39.4060293910195,39.28319019189127,39.22533780819765,39.51996067784541,39.4645560595776
P_0026_0059,26,59,-6.250499999999999,19.588500000000003,20.561568094384246,16,0.783,1.0,161.51472786568718,164.83469498823027,39.04371518652985,38.88223783250624,39.20099916993286,39.03225450405866,0.12043415991160172,0.31876133742661494,0.16874466587419334,0.4071026020774137,38.991907125892624,38.94386600910315,38.88223783250624,39.20099916993286,39.14226238285846
P_0026_0060,26,60,-6.250499999999999,20.371500000000005,21.308842354759683,20,0.783,1.0,153.41573606319022,157.96017451677352,38.635416962037354,38.40872221079121,38.854430161226105,38.63166003822846,0.17271897160446995,0.445707950434894,0.22293782743724933,0.5692310988951391,38.62724822451253,38.47615014099455,38.40872221079121,38.854430161226105,38.79174945361791
P_0026_0061,26,61,-6.250499999999999,21.1545,22.058595161523773,16,0.783,1.0,144.47578429949186,148.4707638687748,38.18470435803449,37.98744242390024,38.37602468395477,38.170627954444036,0.14757129968440041,0.3885822600545268,0.2053967295107313,0.49627363991638157,38.121709924650304,38.06070913796174,37.98744242390024,38.37602468395477,38.30725360175313
P_0026_0062,26,62,-6.250499999999999,21.9375,22.810582116640514,20,0.783,1.0,134.43194710208576,140.0253576863879,37.67828873304248,37.394590346388384,37.950222443776966,37.67332018325811,0.21612414918747255,0.5556320973885818,0.2787298368697293,0.7096195368947404,37.66909528574075,37.4774156665502,37.394590346388384,37.950222443776966,37.87527717383426
P_0026_0063,26,63,-6.250499999999999,22.7205,23.564589334422955,16,0.783,1.0,123.09001816175342,128.1334452067633,37.10633883176248,36.85224815978143,37.35057734146994,37.11530742033831,0.18875736257301043,0.49832918168851137,0.26305926055687934,0.6364357365115088,37.16272254422,36.94556670127389,36.85224815978143,37.35057734146994,37.26542235494628
P_0026_0064,26,64,-6.250499999999999,23.503500000000003,24.32042891274741,16,0.783,1.0,111.48855755949859,117.24397487855173,36.52118115093592,36.227457827585,36.80137891034696,36.49971728464531,0.21867327018416813,0.573921082761963,0.3016616257016551,0.7329771171928007,36.429246356993815,36.33564996594845,36.227457827585,36.80137891034696,36.70485336235231
P_0026_0065,26,65,-6.250499999999999,24.286500000000004,25.07793517217875,20,0.783,1.0,95.93522332439305,104.67952667875524,35.73647127900273,35.2697647321628,36.167561503286095,35.7256384953997,0.3496516160171583,0.8977967711232964,0.45587376323690165,1.146611457373303,35.72680280603885,35.40947836727946,35.2697647321628,36.167561503286095,36.05458506823129
P_0026_0066,26,66,-6.250499999999999,25.069500000000005,25.836961518336484,16,0.783,1.0,76.21284743154376,85.3508210756247,34.74102615621872,34.24199740749316,35.19217725696626,34.75380794969978,0.360113627493923,0.950179849473102,0.5118105422066179,1.2135119405786743,34.85533203909256,34.436789643171664,34.24199740749316,35.19217725696626,35.042743401775226
P_0026_0067,26,67,-6.250499999999999,25.8525,26.597377812483696,16,0.783,1.0,49.6277527704065,64.41169502607136,33.398372424833084,32.41074064535832,34.13500988235165,33.30727613908986,0.6399113352153026,1.7242692369933366,0.8965354937315411,2.202131848011924,33.188024879270415,32.88816976031325,32.41074064535832,34.13500988235165,33.91443552815565
P_0027_0001,27,1,-5.467499999999998,-25.825499999999998,26.39791670757372,16,0.783,1.0,42.107140199480554,54.69028994855044,33.094136502205544,32.341234224893924,33.71870117262364,33.11709623380857,0.5359746596561689,1.3774669477297152,0.7758620089146433,1.7592170469089594,33.3454148436017,33.71870117262364,33.5477023872258,32.63242854069779,32.341234224893924
P_0027_0002,27,2,-5.467499999999998,-25.0425,25.632408441268254,20,0.783,1.0,68.41754508251617,78.88412824467024,34.41999476821813,33.84726001453271,34.93693300907756,34.41354716994946,0.4323518784933468,1.0896729945448556,0.5662871554167523,1.3916641054212715,34.45936333458428,34.93693300907756,34.82313930853098,34.00104018302176,33.84726001453271
P_0027_0003,27,3,-5.467499999999998,-24.2595,24.86798939399806,16,0.783,1.0,87.22326566106166,93.75916629961078,35.36622376996027,35.03003377933749,35.68492181062123,35.34811091792511,0.2534355219742659,0.6548880312837468,0.3368108926961213,0.8363831817161518,35.29608155372955,35.68492181062123,35.591994087620435,35.137523358316855,35.03003377933749
P_0027_0004,27,4,-5.467499999999998,-23.4765,24.104763191120547,16,0.783,1.0,100.77181007055208,106.3838495501978,36.047128638569944,35.76330465572386,36.31912832096026,36.06343835469655,0.21784744420971905,0.555823665236403,0.3001336989726937,0.7098641957042184,36.14289207065076,36.31912832096026,36.23945882159842,35.852407904549466,35.76330465572386
P_0027_0005,27,5,-5.467499999999998,-22.6935,23.342846837950162,20,0.783,1.0,113.8138000002104,120.00862296641782,36.70192903678669,36.38731524942392,37.00291181081184,36.701547809177704,0.24510349596828643,0.6155965613879175,0.3142325597537834,0.7862025049654119,36.71864195501081,37.00291181081184,36.93450427955122,36.464365751090725,36.38731524942392
P_0027_0006,27,6,-5.467499999999998,-21.9105,22.58237291561717,16,0.783,1.0,125.2725342865773,129.62790682455835,37.27672632479336,37.06164866980527,37.4852434466988,37.265664503651934,0.16424740512117192,0.4235947768935304,0.2195789430468693,0.5409894979483147,37.22977823685051,37.4852434466988,37.4233969776912,37.12825518721388,37.06164866980527
P_0027_0007,27,7,-5.467499999999998,-21.127499999999998,21.82349221595847,16,0.783,1.0,134.3745153401561,138.35336654832162,37.73292732162459,37.53798828112048,37.92243741092818,37.74465047909598,0.15052011850953012,0.38444912980770596,0.2066621979755041,0.4909950572256781,37.79862567961936,37.92243741092818,37.865771278257,37.59842974555488,37.53798828112048
P_0027_0008,27,8,-5.467499999999998,-20.3445,21.066376919157218,20,0.783,1.0,143.64167974314623,148.22896543873736,38.197053032541284,37.97009667251768,38.41687732234777,38.19729556385839,0.17758008196929978,0.4467806498300959,0.2271988913407128,0.5706010853513358,38.20851905910752,38.41687732234777,38.36535331534105,38.025631449977936,37.97009667251768
P_0027_0009,27,9,-5.467499999999998,-19.5615,20.311224446103683,16,0.783,1.0,152.09541649875808,155.43321775352015,38.620131332847706,38.45907116130593,38.77730294018323,38.612034109382854,0.12298442916760474,0.3182317788773048,0.1652688308003789,0.4064262820910661,38.58496809568823,38.77730294018323,38.72912492944482,38.509703420292055,38.45907116130593
P_0027_0010,27,10,-5.467499999999998,-18.7785,19.558262154393983,16,0.783,1.0,158.9902384559964,162.1034933851493,38.96494875723648,38.81564499461399,39.11080128362096,38.97404932740473,0.11503407307867758,0.2951562890069681,0.15840433279073807,0.3769556692298443,39.01526965311655,39.11080128362096,39.06545970075382,38.86307100491831,38.81564499461399
P_0027_0011,27,11,-5.467499999999998,-17.9955,18.80775309546571,20,0.783,1.0,166.14208322942048,169.78055194144454,39.32237719141954,39.14564039462573,39.4943684773807,39.32275487958301,0.1379410116519866,0.3487280827549739,0.17711448495727922,0.44537430747761675,39.331408322843856,39.4943684773807,39.452018187212445,39.19033901585232,39.14564039462573
P_0027_0012,27,12,-5.467499999999998,-17.2125,18.06000311461767,16,0.783,1.0,172.75619615134906,175.4503373809987,39.65271012042393,39.52521007366033,39.77745059996357,39.64644660546851,0.09678507007745309,0.2522405263032397,0.13100399449506028,0.32214626603223456,39.62540656932481,39.77745059996357,39.737142245456425,39.567023538937406,39.52521007366033
P_0027_0013,27,13,-5.467499999999998,-16.429499999999997,17.315369661084336,16,0.783,1.0,178.2050116070972,180.74119928404585,39.924662850213195,39.80533558877693,40.0414525521179,39.931960861788944,0.09129830908745992,0.23611696334097587,0.1266252730120172,0.3015542315976703,39.96490747869439,40.0414525521179,40.00293403345603,39.84517465589949,39.80533558877693
P_0027_0014,27,14,-5.467499999999998,-15.6465,16.574272789477067,20,0.783,1.0,183.89635744578862,186.8678964661832,40.20853258514033,40.06655330496858,40.346950682719694,40.20893768302754,0.11003361649025561,0.2803973777511146,0.14238437805896353,0.35810648499503783,40.216148555556,40.346950682719694,40.31037720034277,40.10465867155068,40.06655330496858
P_0027_0015,27,15,-5.467499999999998,-14.8635,15.837208987065871,16,0.783,1.0,189.18434275122183,191.4102346971775,39.836244304591126,39.08464208834829,40.4049869712,39.93657487268284,0.38360947672471635,0.9619485305869375,0.4935364320697744,1.2285421846576468,39.69336120960492,39.443038440613066,39.7727191042236,40.4049869712,40.36876863777263
P_0027_0016,27,16,-5.467499999999998,-14.080499999999999,15.104768667543372,16,0.783,1.0,193.55237824683692,195.6561451228684,39.651043286468656,39.16816798898225,39.98185012976927,39.635029694897355,0.2487575346777664,0.7105734525160301,0.3756811888188736,0.9075012164955685,39.25934850607848,39.63127981951874,39.96992195859451,39.49130744258952,39.82329074770553
P_0027_0017,27,17,-5.467499999999998,-13.2975,14.377658449831111,20,0.783,1.0,198.11855580956495,200.5734260615154,39.9204202444395,39.34746863912238,40.20960826394571,39.898988705137036,0.18785776186382871,0.5217432525705021,0.2991207869763244,0.6663387644578571,39.75416557726004,39.84915465573761,40.19810949211336,39.67636623954286,40.01714756103132
P_0027_0018,27,18,-5.467499999999998,-12.5145,13.656729714686454,16,0.783,1.0,202.3576776582282,204.21341686388072,39.99408067963074,39.58388595576554,40.366877552168205,40.08610000375986,0.18659858758043193,0.4763636995421052,0.280777548408345,0.6083827580358943,39.92135691355327,40.01033220363604,40.366877552168205,39.8905138526261,40.241419496815695
P_0027_0019,27,19,-5.467499999999998,-11.731499999999999,12.943015433043414,16,0.783,1.0,205.85092630883895,207.6061442317998,40.18797995817677,40.02910057362777,40.52405856708566,40.251021001920364,0.18257190459518857,0.47517748322542275,0.2730375651652963,0.6068677946684837,40.114457780923885,40.16047034964777,40.52405856708566,40.04888108386024,40.40723722808429
P_0027_0020,27,20,-5.467499999999998,-10.9485,12.237777923299637,20,0.783,1.0,209.48778621471055,211.5160825673364,40.33049240633061,40.17704085444535,40.670180184739536,40.330485824503036,0.12452177487662698,0.3652670156782847,0.23112091312756178,0.46649682717533164,40.25687027043415,40.33337039112018,40.30424200137793,40.19633972195231,40.5616067376306
P_0027_0021,27,21,-5.467499999999998,-10.165499999999998,11.542571052412887,16,0.783,1.0,212.84473347109525,214.3908577799737,40.39942440312374,40.33707545970384,40.46039304035668,40.40318385358218,0.04504620247219404,0.12331758065283793,0.06610839387833778,0.1574937173088607,40.420542247196295,40.46039304035668,40.43185941376981,40.36604910688425,40.33707545970384
P_0027_0022,27,22,-5.467499999999998,-9.3825,10.859321456702531,20,0.783,1.0,215.91315953407403,217.6813064766971,40.53493237385632,40.46223437117004,40.60565330439477,40.53535462179101,0.05313158102171812,0.14341893322472998,0.07312025062096694,0.1831659428157471,40.54047862919026,40.60565330439477,40.5777777214708,40.49062908272919,40.46223437117004
P_0027_0023,27,23,-5.467499999999998,-8.599499999999999,10.190434558938101,16,0.783,1.0,218.7240443162276,220.079859056935,40.65895278427702,40.60519914869525,40.71143355890183,40.65692212071623,0.03739174626176078,0.1062344102065822,0.05451143818559956,0.13567613053203345,40.65100195068197,40.71143355890183,40.68402224880072,40.632953696501374,40.60519914869525
P_0027_0024,27,24,-5.467499999999998,-7.816499999999998,9.538932251567779,16,0.783,1.0,221.00120787110245,222.27723259832925,40.759319762245354,40.70916373793273,40.80824298266475,40.76229626960863,0.0350948246540009,0.09907924473202456,0.05313253167590659,0.12653798816350517,40.77636229653103,40.80824298266475,40.781245286453895,40.73646704446077,40.70916373793273
P_0027_0025,27,25,-5.467499999999998,-7.0335,8.90862944004295,20,0.783,1.0,223.32168088044386,224.74908070971549,40.861472489499604,40.80417055659751,40.91700042262977,40.86188410473376,0.040392269884667605,0.11282986603225709,0.05771354813624896,0.14409944576278044,40.86672333203296,40.91700042262977,40.89045387748956,40.831072334918986,40.80417055659751
P_0027_0026,27,26,-5.467499999999998,-6.250499999999999,8.304354670894059,16,0.783,1.0,225.40710695218675,226.5122184847452,40.953147419869524,40.91068617418625,40.994452255803765,40.951800719619335,0.028300556834282075,0.08376608161751165,0.04265153618442952,0.10698094714880159,40.948496827145846,40.994452255803765,40.96821754622857,40.93715079473225,40.91068617418625
P_0027_0027,27,27,-5.467499999999998,-5.467499999999998,7.732212652274894,16,0.783,1.0,227.0567058133005,228.0890669639888,41.02553892191134,40.98634849911599,41.06360170794386,41.02780422105352,0.026283785868684944,0.07725320882786946,0.04145572193753111,0.09866310195130198,41.03892127898303,41.06360170794386,41.03763788444081,41.01251173478392,40.98634849911599
P_0027_0028,27,28,-5.467499999999998,-4.6845,7.199867811286536,20,0.783,1.0,228.68774527893515,229.80316962961467,41.09696343326717,41.05370756402442,41.13858830667755,41.09736697755757,0.028927002972593156,0.08488074265312662,0.04365941353314895,0.10840452446120896,41.10202059736525,41.13858830667755,41.112908604211896,41.07960981550872,41.05370756402442
P_0027_0029,27,29,-5.467499999999998,-3.9014999999999986,6.716789299955743,16,0.783,1.0,230.09787351504946,230.97224107540592,41.19247902358584,41.1264490060326,41.73251575598999,41.266433836732475,0.2333868843552387,0.6060667499573924,0.46608191925751896,0.7740316091409865,41.15705140988979,41.73251575598999,41.16407413279194,41.15207887895804,41.1264490060326
P_0027_0030,27,30,-5.467499999999998,-3.1184999999999974,6.294330663382721,16,0.783,1.0,231.15778925157258,231.96401295620976,41.34072540240061,41.17562228652207,41.777640370000256,41.423959792975666,0.2757890669486884,0.6020180834781854,0.35368057702459055,0.7688608984395726,41.214660343493165,41.777640370000256,41.20730546796767,41.744570496895165,41.17562228652207
P_0027_0031,27,31,-5.467499999999998,-2.3354999999999997,5.94542820156799,20,0.783,1.0,232.13516414644013,232.95708365933345,41.38352521817804,41.216883541149855,41.822514420292464,41.46585094815022,0.2774772161133221,0.605630879142609,0.3566634721422446,0.773474941433728,41.25191101993784,41.822514420292464,41.250309286043375,41.78763647332755,41.216883541149855
P_0027_0032,27,32,-5.467499999999998,-1.5524999999999984,5.683644297455636,16,0.783,1.0,232.89944277086838,233.5558325534909,41.128233745060776,40.090552076435245,41.83690234886853,41.07426513591547,0.570882249888694,1.7320240491187633,0.9763272180169196,2.212035822629327,41.28138030226967,40.09793791789855,40.90459690301452,41.82996196701731,41.2574485893773
P_0027_0033,27,33,-5.467499999999998,-0.7695000000000007,5.521384473119036,16,0.783,1.0,233.39060784694166,233.9815872019696,39.74718649082307,39.70607440888671,40.10254793739949,39.79932583547661,0.15206630039052957,0.39647352851278583,0.30322210192288424,0.5063518882666486,39.7301177741266,39.740871691040525,39.717017365929735,40.10254793739949,39.70607440888671
P_0027_0034,27,34,-5.467499999999998,0.013500000000000512,5.467516666641262,20,0.783,1.0,233.73231329365981,234.27120135186607,39.17565505202255,37.95933549784121,39.743690381460624,39.329018717342116,0.6886882346797747,1.7771125308022988,1.3624408666837908,2.2696200904243917,39.740576745928365,37.966577850658325,39.4744081761026,39.743690381460624,39.71984043256066
P_0027_0035,27,35,-5.467499999999998,0.7965000000000018,5.525212077377662,16,0.783,1.0,233.86342550416094,234.31564809856167,38.81651941263284,37.96067858900733,39.73651048735587,38.56911275530738,0.7397607615513294,1.5140445676590915,0.9060647182767809,1.9336456802798103,37.96113290592507,37.966998656773455,39.475076598126975,37.96717814212724,39.47517747358416
P_0027_0036,27,36,-5.467499999999998,1.5794999999999995,5.691078676314357,16,0.783,1.0,233.79254279006034,234.2913266869431,38.4435492237548,37.52558394564767,39.482776940345786,38.4307658077938,0.7881367312462204,1.76953895700683,1.0434733977262667,2.2599475823842017,37.704700248513234,37.709565433674925,39.2990461323123,37.96627801894846,39.474239205520064
P_0027_0037,27,37,-5.467499999999998,2.3625000000000007,5.956086172983058,20,0.783,1.0,233.50108182285135,234.1128601547584,36.400733666095974,34.70345029552891,37.53734597563118,36.46610401887379,1.2559722857688846,2.7478436380270637,1.6766016812696733,3.509378848054998,37.41128624938631,34.78950233760412,35.07601444511988,37.53734597563118,37.51637108662749
P_0027_0038,27,38,-5.467499999999998,3.145500000000002,6.307751302960509,16,0.783,0.375,87.39548288838796,233.6451424041005,35.007613454360225,31.79651776016874,36.83853162274721,34.69120276327537,1.467042521503334,3.984627705638559,2.8946850031066305,5.08892427284618,31.79651776016874,35.53689386665599,35.7811454658073,35.267706183368944,35.0737505403759
P_0027_0039,27,39,-5.467499999999998,3.9284999999999997,6.732508336422612,16,0.783,0.0,0.0,0.0,37.26302576945622,35.73994915348419,38.50216850424067,37.36688187623,1.310913566981551,2.758401865796486,1.623115237785818,3.522863174708156,38.338943648574514,38.50216850424067,38.46770016501341,35.78183042487723,35.743766638444185
P_0027_0040,27,40,-5.467499999999998,4.711500000000001,7.21746413222816,20,0.783,0.65,150.36120757445843,232.1097125513653,40.99959888927069,38.46077167218533,42.39321610614644,40.80535775759826,1.9093618802368875,3.922844727919937,2.344586085412928,5.010018809604007,42.36269682143467,42.34662439659297,42.38361640010527,38.47307949767304,38.46077167218533
P_0027_0041,27,41,-5.467499999999998,5.494500000000002,7.751328047502569,16,0.783,1.0,230.26135882334228,231.1361140882908,42.373674620793096,42.323774637536246,42.40092935168485,42.35714522118735,0.018301633821187324,0.05250339468659604,0.03337058365110579,0.06705414391647004,42.36085748375911,42.354473412042125,42.37627803222284,42.323774637536246,42.37034254037644
P_0027_0042,27,42,-5.467499999999998,6.277500000000003,8.324695940393259,20,0.783,1.0,228.86080651233584,229.97954797101983,42.36775846015432,42.34273915438655,42.387844082887455,42.36891557516816,0.012292365756813093,0.03212559653655944,0.018928507719294885,0.04102885892280899,42.37888636980568,42.36149062625748,42.355718486350895,42.387844082887455,42.36063831053929
P_0027_0043,27,43,-5.467499999999998,7.060500000000005,8.92996173004118,16,0.783,1.0,227.2303265708784,228.2714299702481,42.33555346573224,42.29143289555213,42.378329719802025,42.338090181788246,0.029985706903210868,0.08689682424989797,0.04665728623611898,0.11097934131532308,42.35062177802473,42.318849008633606,42.29143289555213,42.378329719802025,42.35121750692872
P_0027_0044,27,44,-5.467499999999998,7.843499999999999,9.561069422402493,16,0.783,1.0,225.5717785575554,226.69019739904243,42.25116028187897,42.20312685795136,42.29780875044668,42.249488564673754,0.03248672412949417,0.09468189249531633,0.04832018577292274,0.12092195720985482,42.24522835149281,42.23099395371429,42.20312685795136,42.29780875044668,42.27028490976363
P_0027_0045,27,45,-5.467499999999998,8.6265,10.213229582262409,20,0.783,1.0,223.46377261601734,224.91310621962091,42.14408789111972,42.07855628195739,42.20747725811248,42.14446473099789,0.04683506556551517,0.12892097615509357,0.0659084490404993,0.1646500334036955,42.149735056404495,42.107066209352695,42.07855628195739,42.20747725811248,42.1794888491624
P_0027_0046,27,46,-5.467499999999998,9.409500000000001,10.882658062256665,16,0.783,1.0,221.10621939428017,222.4081392781407,42.024510854027156,41.9671747912646,42.080353374359845,42.027898841990876,0.040657452488827676,0.11317858309524809,0.06072405072627873,0.14454480599648542,42.04399449892321,41.99626791278263,41.9671747912646,42.080353374359845,42.05170363262408
P_0027_0047,27,47,-5.467499999999998,10.192500000000003,11.566356924286922,16,0.783,1.0,218.78122183395948,220.1697402570981,41.906721860408155,41.84498754443109,41.96690520567978,41.90423614101836,0.043540899302926,0.12191766124868764,0.06266906466142075,0.1557058253495372,41.89690082777116,41.87473111081874,41.84498754443109,41.96690520567978,41.93765601639103
P_0027_0048,27,48,-5.467499999999998,10.975500000000004,12.261939344981286,20,0.783,1.0,215.89709223479403,217.71524740643352,41.76074578738502,41.67643185403722,41.8426232371026,41.761135620596825,0.062333592272756796,0.16619138306538161,0.08470376655960621,0.21224953137341201,41.766824000383565,41.7070932073824,41.67643185403722,41.8426232371026,41.81270580407835
P_0027_0049,27,49,-5.467499999999998,11.758499999999998,12.967493146325543,16,0.783,1.0,212.7330499861417,214.3306620233628,41.60072946457643,41.52835281466838,41.67139916340574,41.605075591302,0.05290698406521768,0.14304634873735722,0.07672277663361626,0.18269010055856605,41.62524495000588,41.559841950692885,41.52835281466838,41.67139916340574,41.64053907773712
P_0027_0050,27,50,-5.467499999999998,12.5415,13.681475742769853,16,0.783,1.0,209.66008369750364,211.3582170174164,41.44542216124856,41.36791735302336,41.52113588914767,41.44202413631898,0.05630393966459771,0.1532185361243137,0.07911175282869465,0.19568139990333802,41.43131394218096,41.40032789739973,41.36791735302336,41.52113588914767,41.48942559984317
P_0027_0051,27,51,-5.467499999999998,13.3245,14.402633665409947,20,0.783,1.0,205.89377950605962,208.1385085770237,41.255179134146815,41.149022698211866,41.3584624206473,41.25558099117719,0.08027077578577003,0.20943972243543385,0.1065582929653246,0.2674836812713076,41.26187946455394,41.18273480439399,41.149022698211866,41.3584624206473,41.32580556807886
P_0027_0052,27,52,-5.467499999999998,14.107500000000002,15.129940928503324,16,0.783,1.0,201.80041960055092,203.74658059084263,41.04851158879024,40.958318817932536,41.13667854263144,41.0539773817154,0.06735129246241987,0.17835972469890038,0.09565856378286242,0.22779019757203112,41.07899573927671,40.9932098574493,40.958318817932536,41.13667854263144,41.10268395128702
P_0027_0053,27,53,-5.467499999999998,14.890500000000003,15.862551702043403,16,0.783,1.0,197.85266646690854,199.92095252712443,40.849272126944854,40.75281316440231,40.94357468286535,40.84480393042901,0.0715285901220537,0.19076151846304157,0.09877075243634437,0.24362901463989983,40.83023910702866,40.78902517695224,40.75281316440231,40.94357468286535,40.90836752089649
P_0027_0054,27,54,-5.467499999999998,15.673500000000004,16.599763808560656,20,0.783,1.0,193.0374988186946,195.7988966581028,40.6063316687059,40.47352981353555,40.735574001183465,40.606736935610876,0.10193582819874138,0.26204418764791626,0.13320712207532637,0.33466690631917784,40.61394584452751,40.51162802064829,40.47352981353555,40.735574001183465,40.699006998159575
P_0027_0055,27,55,-5.467499999999998,16.4565,17.340990412891642,16,0.783,1.0,187.81897063722244,190.1975524284313,40.34310738524917,40.23066845281289,40.453009869989785,40.349946464216806,0.08520080573908563,0.22234141717689226,0.11927801140391381,0.28396094147751244,40.38105569591863,40.27049961076972,40.23066845281289,40.453009869989785,40.414498691593
P_0027_0056,27,56,-5.467499999999998,17.2395,18.085737930756377,16,0.783,1.0,182.79043754344696,185.3269728873568,40.08951714654238,39.96890989994722,40.20736605784805,40.08371281558429,0.09068090401041337,0.23845615790082775,0.12365324226375662,0.30454170868560376,40.06450770484457,40.01071460101036,39.96890989994722,40.20736605784805,40.16706581427127
P_0027_0057,27,57,-5.467499999999998,18.0225,18.833588678210003,20,0.783,1.0,176.64914227873763,180.07746980977538,39.77985578766089,39.612315537605696,39.942652829686494,39.78023369766303,0.1298118095655389,0.33033729208079876,0.16791816005733295,0.4218867076383126,39.78888444134378,39.65700414164854,39.612315537605696,39.942652829686494,39.90031153803062
P_0027_0058,27,58,-5.467499999999998,18.805500000000002,19.584187154436613,16,0.783,1.0,169.97011516253284,172.92576420594602,39.443114278482355,39.30071528305416,39.582063613934906,39.45175493053407,0.10890660435781055,0.2813483308807463,0.15103964747991228,0.3593209845220259,39.49113331186686,39.34813012360576,39.30071528305416,39.582063613934906,39.53673232020867
P_0027_0059,27,59,-5.467499999999998,19.588500000000003,20.337229125424145,16,0.783,1.0,163.49557556726722,166.6757709362895,39.11670057963803,38.96255159093596,39.266962797025485,39.1090636135713,0.11685113932046556,0.3044112060895259,0.15789918345418386,0.3887754867043753,39.08383609898084,39.013171306532286,38.96255159093596,39.266962797025485,39.21879627438193
P_0027_0060,27,60,-5.467499999999998,20.371500000000005,21.09245288011805,20,0.783,1.0,155.51465646887468,159.89180098347944,38.714346228741114,38.49661392769201,38.92494992617373,38.71458908983158,0.16941995207606628,0.428335998481721,0.2179751621395667,0.5470446979332324,38.72580865340325,38.5521340969276,38.49661392769201,38.92494992617373,38.8734388449613
P_0027_0061,27,61,-5.467499999999998,21.1545,21.84963218225881,16,0.783,1.0,146.72030972310387,150.54155504552955,38.27096726216051,38.08295751777564,38.45355055883181,38.261478665224615,0.14282873990001507,0.37059304105616775,0.19207189360719212,0.47329890300915417,38.23060343283436,38.14338231214293,38.08295751777564,38.45355055883181,38.39689950453834
P_0027_0062,27,62,-5.467499999999998,21.9375,22.608570554106244,20,0.783,1.0,136.86504994020504,142.23637768373897,37.774055107471064,37.502572526809615,38.034811973884814,37.77398329325249,0.21105826133057132,0.5322394470751988,0.27141076644287665,0.6797438659964224,37.78858910969973,37.57096008681168,37.502572526809615,38.034811973884814,37.97298276905661
P_0027_0063,27,63,-5.467499999999998,22.7205,23.36909661283465,16,0.783,1.0,125.7731666091789,130.57438919397248,37.214713383137834,36.97389633839106,37.44675563982264,37.22879266069132,0.1846224097123369,0.4728593014315834,0.2548963223002616,0.6039071538078971,37.295947554728514,37.0509232839724,36.97389633839106,37.44675563982264,37.37644048654198
P_0027_0064,27,64,-5.467499999999998,23.503500000000003,24.131060244009173,16,0.783,1.0,114.48352212991102,119.93795572381696,36.64528746592586,36.3684372359117,36.910318619991926,36.63078001661502,0.20922006865179554,0.5418813840802272,0.2795386033769063,0.692057961788285,36.58695842595285,36.45751205660383,36.3684372359117,36.910318619991926,36.83067374461479
P_0027_0065,27,65,-5.467499999999998,24.286500000000004,24.894329444674746,20,0.783,1.0,99.4784298134327,107.73355483520264,35.88825437387477,35.4515382422382,36.294669772119846,35.88568236019521,0.33441923096941256,0.8431315298816457,0.43414411795701113,1.0767963344593177,35.91513813967384,35.565293599003724,35.4515382422382,36.294669772119846,36.20177204794044
P_0027_0066,27,66,-5.467499999999998,25.069500000000005,25.65878770518982,16,0.783,1.0,80.78516926693632,89.17463393949808,34.944794503461,34.494373704282225,35.35815611376694,34.9669492372635,0.337021841010268,0.8637824094847133,0.4725755329812742,1.1031703824836696,35.09707332698088,34.64809968231816,34.494373704282225,35.35815611376694,35.23704335896929
P_0027_0067,27,67,-5.467499999999998,25.8525,26.424331826935568,16,0.783,1.0,57.18476993525082,69.61031379858092,33.75301521312942,33.00728765005823,34.370456825635586,33.703439777504784,0.5183707322969042,1.3631691755773545,0.6961521274465525,1.7409568015036456,33.64156124645331,33.29837424541972,33.00728765005823,34.370456825635586,34.199518919957086
P_0028_0001,28,1,-4.6845,-25.825499999999998,26.246923448282466,20,0.783,1.0,48.270980147017525,59.7563485466045,33.37512871340343,32.712929937887395,33.94081475375913,33.39280086461385,0.4706012670229161,1.2278848158717324,0.6798709267264513,1.5681798414709225,33.5651541639952,33.94081475375913,33.76894800960406,32.97615745782343,32.712929937887395
P_0028_0002,28,2,-4.6845,-25.0425,25.476878664781527,25,0.783,1.0,72.45841441779093,82.56053816508387,34.59365613441017,34.04650684496539,35.08882374266477,34.58379469261075,0.4097438040995603,1.0423168976993793,0.5372878476453593,1.3311837773938433,34.6098962295585,35.08882374266477,34.97094174535471,34.20280490051039,34.04650684496539
P_0028_0003,28,3,-4.6845,-24.2595,24.707648218719644,20,0.783,1.0,90.44890969962745,96.893761668762,35.498701986052176,35.16968456393289,35.80945551467062,35.477639553857124,0.24605678798893377,0.6397709507377272,0.3318159608134934,0.8170765654377102,35.4150414430913,35.80945551467062,35.71277744556403,35.28123880202679,35.16968456393289
P_0028_0004,28,4,-4.6845,-23.4765,23.93931061037473,20,0.783,1.0,103.58777565239036,109.16560776947566,36.158926049859076,35.87912443855396,36.42585881752825,36.17182098047033,0.21168731399647037,0.5467343789742927,0.29269654191637073,0.6982559118445628,36.23926239571142,36.42585881752825,36.34302130010593,35.971837950452084,35.87912443855396
P_0028_0005,28,5,-4.6845,-22.6935,23.171954654279816,25,0.783,1.0,116.32119517943391,122.48584963704444,36.798160097288545,36.48747153163578,37.09428766082783,36.795169440537805,0.24005016774415086,0.6068161291920546,0.3076979089020284,0.7749886707433647,36.8031341506927,37.09428766082783,37.02341011801536,36.56754374151734,36.48747153163578
P_0028_0006,28,6,-4.6845,-21.9105,22.40568121035377,20,0.783,1.0,127.55646567592544,131.92579794783452,37.361691791065674,37.1482083661993,37.56758363141438,37.34842487760492,0.16206449737932985,0.4193752652150806,0.21915875380945948,0.5356005941444196,37.30542224133484,37.56758363141438,37.50375304685559,37.21715710222048,37.1482083661993
P_0028_0007,28,7,-4.6845,-21.127499999999998,21.64060527111014,20,0.783,1.0,136.5069880887389,140.5087082681031,37.81026212816187,37.6165124918748,37.99759977270156,37.819638237211464,0.14780570119468492,0.3810872808267618,0.2031257453366635,0.48670150808015555,37.8658805231226,37.99759977270156,37.93937152614103,37.678826872217314,37.6165124918748
P_0028_0008,28,8,-4.6845,-20.3445,20.87685849211993,25,0.783,1.0,145.63877348351588,150.24200322468656,38.267571428792515,38.042220897861,38.48487895965758,38.265812856624336,0.17518967224225715,0.4426580617965783,0.22359195876333615,0.5653359665345827,38.27049985029152,38.48487895965758,38.43224325409284,38.09922132121875,38.042220897861
P_0028_0009,28,9,-4.6845,-19.5615,20.11459227774702,20,0.783,1.0,153.98216995122533,157.3532366588034,38.68509731411299,38.52479697979248,38.84062690639973,38.67522199470371,0.12195126549311605,0.3158299266072504,0.16540491169601523,0.40335878238473866,38.642580051090704,38.84062690639973,38.791646269348405,38.57645976688724,38.52479697979248
P_0028_0010,28,10,-4.6845,-18.7785,19.35398156710913,20,0.783,1.0,160.79546520967443,163.94440355182482,39.02581459964326,38.877184280971846,39.17014927177257,39.03306363737404,0.11336746067306516,0.29296499080072635,0.1558793564021954,0.3741570763738523,39.068366381075975,39.17014927177257,39.124276465825005,38.9253417872248,38.877184280971846
P_0028_0011,28,11,-4.6845,-17.9955,18.595229509204774,25,0.783,1.0,167.86969686636917,171.53778234994485,39.37934183644339,39.20361724867047,39.54951323789175,39.37806285154475,0.13649687682312747,0.3458959892212832,0.1744456028742789,0.4417573297845251,39.38147246375587,39.54951323789175,39.50692689808807,39.24878440931758,39.20361724867047
P_0028_0012,28,12,-4.6845,-17.2125,17.838573275349123,20,0.783,1.0,174.4173469052619,177.15029819222278,39.706335784376996,39.57941730761775,39.82972036574864,39.69855518221448,0.09618711159397515,0.25030305813088916,0.13116518353416495,0.3196718494647371,39.67284280236101,39.82972036574864,39.78938252757365,39.621412907771344,39.57941730761775
P_0028_0013,28,13,-4.6845,-16.429499999999997,17.08429133736603,20,0.783,1.0,179.81508328751036,182.3908628332837,39.97572368793721,39.85696252341393,40.09119856897848,39.98145923946436,0.09010432175129544,0.23423604556455047,0.12449671605043022,0.29915203775804655,40.00951717694926,40.09119856897848,40.05283489255896,39.89678303542115,39.85696252341393
P_0028_0014,28,14,-4.6845,-15.6465,16.332712649771317,25,0.783,1.0,185.45628315071323,188.46279727280785,40.25707665273856,40.11591409229237,40.39395031581148,40.2560437900886,0.10904371695387922,0.27803622351910917,0.14012969779622608,0.35509096234879844,40.25879756884041,40.39395031581148,40.35773532792501,40.153821645573714,40.11591409229237
P_0028_0015,28,15,-4.6845,-14.8635,15.58422832545776,20,0.783,1.0,190.7002428071815,192.96676738043428,39.83755068825842,38.94788055365922,40.45148471903116,39.86176709336445,0.5811691678086186,1.5036041653719394,0.9138865397052314,1.9203118331697822,40.04071109761912,38.94788055365922,39.45309666433525,40.45148471903116,40.4156624321775
P_0028_0016,28,16,-4.6845,-14.080499999999999,14.839306604420571,20,0.783,1.0,195.0337551481218,197.17841996314067,39.47950786031563,38.99277035288157,39.66665303845747,39.37421508165211,0.26570424326766107,0.6482358004266118,0.38144472877053914,0.8278873568666817,39.61305464079476,39.12296510157586,39.64100615330818,38.99277035288157,39.501279159700175
P_0028_0017,28,17,-4.6845,-13.2975,14.098512208740324,25,0.783,1.0,199.56550733267207,202.0578567438725,39.73488511898092,39.164908664552,40.36054629710446,39.56522598431726,0.2717435333581327,0.6936059492626399,0.4003173197652572,0.8858313528258491,39.79101053721189,39.325680879060656,39.85851461381464,39.164908664552,39.68601522694712
P_0028_0018,28,18,-4.6845,-12.5145,13.36253159023394,20,0.783,1.0,203.7740367473978,205.6710378856264,39.85268685396815,39.36417029401776,40.44605859916732,39.74324525055509,0.2690061607279176,0.6552624846802289,0.37907495653733037,0.8368614108304328,39.957128594227925,39.47568825883872,40.01943277869799,39.36417029401776,39.89980632699309
P_0028_0019,28,19,-4.6845,-11.731499999999999,12.632206161237235,20,0.783,1.0,207.2430804068662,209.0396623300232,39.94676632935574,39.50526357691524,40.678122301531744,39.99885043541603,0.40694593203867646,1.128399173827063,0.6411195344076219,1.441122827365342,40.63996996982365,39.6154525227808,40.16933784789768,39.51157079599659,40.05792104058145
P_0028_0020,28,20,-4.6845,-10.9485,11.908576426256834,25,0.783,1.0,210.8556662074377,212.92285141063348,40.15296251636433,39.6427198433301,40.85872125243736,40.1521812331092,0.4094481046647514,1.1396382306247688,0.636304697327283,1.4554766674645834,40.78848593043648,39.77644045485994,40.34197935490181,39.64884769981171,40.20515272553604
P_0028_0021,28,21,-4.6845,-10.165499999999998,11.19294110142638,20,0.783,1.0,214.1909823358887,215.77864786168973,40.32352050208929,39.80094282767931,40.99140924623316,40.30084579111514,0.41857312193660406,1.1523232161304122,0.6583490604570557,1.4716771598089555,40.95919485157219,39.894733438600326,40.46881865746303,39.80687163544178,40.37461037249835
P_0028_0022,28,22,-4.6845,-9.3825,10.486936945552786,25,0.783,1.0,217.24032831761204,219.04808490826025,40.35387625290784,39.91710639733327,41.13609977203368,40.20628556432049,0.29021284368775196,0.6909819967922886,0.40759045429744134,0.8824802002455793,39.96561488770834,40.0300310227899,40.61387601861793,39.92289402182564,40.49901187066064
P_0028_0023,28,23,-4.6845,-8.599499999999999,9.79264726721023,20,0.783,1.0,220.03427433685678,221.43180446579757,40.4292371614829,40.04370809679261,41.24674521642578,40.322669176388146,0.2941094967016657,0.6640518401812372,0.396843911265897,0.8480866413553476,40.06866388798642,40.12856857390085,40.71951308765404,40.055461247472806,40.64113908492664
P_0028_0024,28,24,-4.6845,-7.816499999999998,9.112749996570736,20,0.783,1.0,222.29812556853085,223.61595756180844,40.52623797195414,40.14036155728354,41.34800500171991,40.42338214168122,0.293110245127321,0.6643055402280922,0.3928127870157496,0.8484106516323016,40.18555578793996,40.21875734282088,40.81619492869697,40.15188938846888,40.74451326047944
P_0028_0025,28,25,-4.6845,-7.0335,8.450719643911992,25,0.783,1.0,224.60542640662516,226.07337914525243,40.73051129342857,40.22869912049123,41.46175721313779,40.72981270469453,0.5563355640594081,1.2145335702163038,0.7247472458389197,1.551128442166416,40.26981733640287,40.32008425062224,41.45455995053345,40.24002638031715,41.36457560559694
P_0028_0026,28,26,-4.6845,-6.250499999999999,7.811100466643608,20,0.783,1.0,226.67935977813232,227.82654157361893,40.82001108159577,40.32774974606531,41.54276087033236,40.81770004127662,0.5623362175882491,1.1968020319948138,0.7179605486060723,1.5284827994825207,40.346073017359856,40.3922476576534,41.535660589882696,40.33885855788788,41.47566038359929
P_0028_0027,28,27,-4.6845,-5.467499999999998,7.199867811286536,20,0.783,1.0,228.3201426585913,229.39472227367696,40.89068605932154,40.39811608260226,41.6150755793214,40.89175517624098,0.5634787552248895,1.1989853101292738,0.7163043792300954,1.531271149590388,40.43039603858284,40.45667645374448,41.60805955547107,40.4090742453418,41.55456958806468
P_0028_0028,28,28,-4.6845,-4.6845,6.624883432936763,25,0.783,1.0,229.94274698672788,231.09973148920105,40.72431558234247,40.45464360586607,41.68655712532791,40.95974914606306,0.5688436495902046,1.2149654592333832,0.7268079792648479,1.5516800245637077,40.489235840194624,40.52654260088434,41.68655712532791,40.471591666094525,41.62481849781392
P_0028_0029,28,29,-4.6845,-3.9014999999999986,6.096412264602845,20,0.783,1.0,231.34585179239406,232.26285712066036,40.78306797799358,40.52237231749393,41.73991205658774,41.01885754354223,0.5729917755345865,1.2008005200386833,0.7210545130455088,1.5335894253367603,40.540548472990906,40.57403827554333,41.73991205658774,40.53911153654906,41.70067737604012
P_0028_0030,28,30,-4.6845,-3.1184999999999974,5.6275734113381395,20,0.783,1.0,232.4007278193716,233.24981855859448,40.82706179171786,40.56815482803114,41.78498800952974,41.06602577486027,0.5737176270709796,1.2002295101030995,0.7189622346694691,1.5328601661597694,40.59425807912163,40.6141707162796,41.78498800952974,40.58475849942664,41.75195356994374
P_0028_0031,28,31,-4.6845,-2.3354999999999997,5.234415010294846,25,0.783,1.0,233.37373856569056,234.2384230889868,40.867409597419,40.6065672679444,41.82981687919033,41.106185077039115,0.5768176068733301,1.2067545112352036,0.7236318021512176,1.5411935009389572,40.62897976545497,40.65409267163199,41.82981687919033,40.62306236795513,41.79497370096317
P_0028_0032,28,32,-4.6845,-1.5524999999999984,4.935057902395878,20,0.783,1.0,234.13492432891977,234.8348070512549,40.668563265049954,40.09984687858707,41.844191499790384,40.78743984645,0.5680179520433676,1.7323770611848204,1.0498175884323047,2.212486668179847,40.65643929640237,40.67790186160909,40.10488037369748,40.66072026565877,41.837257434882304
P_0028_0033,28,33,-4.6845,-0.7695000000000007,4.7472803266712615,20,0.783,1.0,234.62444871967676,235.25925291840488,38.86898092264268,37.96460099245832,40.12204153871159,38.73588575360107,0.7487576238928159,2.144885753992348,1.3736009928496031,2.7393176934768175,38.34640027512512,38.358193190647,37.96460099245832,38.90074756332422,40.10948674645067
P_0028_0034,28,34,-4.6845,0.013500000000000512,4.684519452409179,25,0.783,1.0,234.96554042930256,235.5487037241131,38.20471967729609,37.966849120944346,38.36639676199434,38.20426969529306,0.19156868495036772,0.39954764104999185,0.237420574348711,0.5102779579182527,38.35503281708901,38.36639676199434,37.97254811010839,38.36052166632919,37.966849120944346
P_0028_0035,28,35,-4.6845,0.7965000000000018,4.751731526506943,20,0.783,1.0,235.0972663768961,235.59383689457852,38.07605199837947,35.72877432077911,38.3672708609476,37.68001119722817,0.991051791564716,2.6382315136924035,1.9512368764490589,3.369388906375994,38.3581505429911,35.72877432077911,37.97297581194084,38.36700583447151,37.97314947595828
P_0028_0036,28,36,-4.6845,1.5794999999999995,4.94361815879827,20,0.783,1.0,235.02802434811179,235.57030118470712,37.77948324823314,35.351524797168054,38.36599977027959,37.47725950204277,1.082962067534775,3.0144749731115397,2.1257347048747164,3.84990418021908,37.98077993695239,35.351524797168054,37.715735022476736,38.36599977027959,37.9722579833371
P_0028_0037,28,37,-4.6845,2.3625000000000007,5.246517559295881,25,0.783,0.8,187.7603047719314,235.39419958441167,34.563809416736376,31.052866415677272,37.71962887271974,34.79292895253673,2.0964258664805073,6.4908198487926825,3.7400625368594547,8.289680522085163,34.919122489073914,31.052866415677272,35.35071434455659,35.0982552489059,37.543686264469954
P_0028_0038,28,38,-4.6845,3.145500000000002,5.642580127920207,20,0.783,0.0,0.0,0.0,34.2445247033624,31.495004025224944,38.20727251511261,33.93048584515874,2.4555818915284253,6.3460975514245135,3.910615731490715,8.104850001819301,33.28058635819639,37.84110157664946,35.53802330076178,31.495004025224944,31.49771396496112
P_0028_0039,28,39,-4.6845,3.9284999999999997,6.113726564052403,20,0.783,0.2,46.7382700947138,234.01499400806944,39.03688499518778,38.14084328537524,42.23204688401859,39.06097581246432,1.5879585026315752,4.088397755157416,3.171071071554266,5.221453071720838,38.38524273337913,42.23204688401859,38.33981559073175,38.204124725330985,38.14364912886117
P_0028_0040,28,40,-4.6845,4.711500000000001,6.644002746838686,25,0.783,1.0,232.6745823395503,233.6214256610372,42.28018299679706,42.16954938665674,42.36888024071749,42.290883820032946,0.05631345342639823,0.1656209859787623,0.10190177113594245,0.21152105488986242,42.29766217565344,42.28569503876571,42.354603034875765,42.188982048897,42.32747680197281
P_0028_0041,28,41,-4.6845,5.494500000000002,7.22039268322714,20,0.783,1.0,231.52479566863298,232.441769397979,42.36332867758566,42.325638134142594,42.39821906043994,42.37232931805981,0.02053447498445173,0.05672284427038221,0.030833101890252124,0.07244296841683552,42.39157266935797,42.39821906043994,42.36245784003302,42.367900804298586,42.34149621616956
P_0028_0042,28,42,-4.6845,6.277500000000003,7.832722802448714,25,0.783,1.0,230.1342807001698,231.29387105989363,42.375566071862096,42.353101923780855,42.403280209484194,42.37963326887584,0.011684524300134128,0.0322295145855378,0.016130930818995637,0.04116157673759616,42.38661776271579,42.3635346851093,42.36942156453398,42.3828281323253,42.39576419969484
P_0028_0043,28,43,-4.6845,7.060500000000005,8.473204854126923,20,0.783,1.0,228.51541856975814,229.5984352767921,42.35839670002497,42.326813931095614,42.37697903591561,42.353515312823866,0.016206042628236602,0.05016510481999603,0.02670138172825176,0.06406782224775993,42.36002362741095,42.35287050160241,42.326813931095614,42.37697903591561,42.35088946809475
P_0028_0044,28,44,-4.6845,7.843499999999999,9.135919904421227,20,0.783,1.0,226.86869625498375,228.02892236252168,42.28652554497093,42.2390979609101,42.3319833773549,42.28377505488201,0.03221549678447746,0.0928854164448012,0.048208322472895304,0.11862760720919692,42.276330588836686,42.26565644893327,42.2390979609101,42.3319833773549,42.30580689837507
P_0028_0045,28,45,-4.6845,8.6265,9.816366053688096,25,0.783,1.0,224.77581460626772,226.26505162848343,42.18020916989108,42.11536843242857,42.2423121516145,42.17947484708043,0.046314191182522016,0.12694371918593106,0.06410641465186018,0.16212480100374335,42.18143288691209,42.142642089225774,42.11536843242857,42.2423121516145,42.21561867522121
P_0028_0046,28,46,-4.6845,9.409500000000001,10.511100346776262,20,0.783,1.0,222.435357906519,223.77889286995108,42.0614869602725,42.00474992591427,42.11612786605298,42.06372160485963,0.03992922249467076,0.11137794013870916,0.058971678945361816,0.14224513427676777,42.07635939602028,42.03267213299972,42.00474992591427,42.11612786605298,42.08869870331091
P_0028_0047,28,47,-4.6845,10.192500000000003,11.217468364118531,20,0.783,1.0,220.12747069875286,221.55753033881416,41.94455372997843,41.88341360471759,42.00353104787291,41.94092967384121,0.043280749040476865,0.12011744315532269,0.06260137403170063,0.15340669623923714,41.93020954521671,41.91205884519485,41.88341360471759,42.00353104787291,41.97543532620398
P_0028_0048,28,48,-4.6845,10.975500000000004,11.933404396902004,25,0.783,1.0,217.26497222752124,219.1220162497306,41.799659860384445,41.71605851027425,41.88019776734541,41.79886476038904,0.061735096276015124,0.16413925707115595,0.08280625011478548,0.209628680806074,41.800984817333074,41.74572339415983,41.71605851027425,41.88019776734541,41.85135931283264
P_0028_0049,28,49,-4.6845,11.758499999999998,12.657284957683459,20,0.783,1.0,214.1252040841689,215.76418012158612,41.64085836707077,41.56906224549448,41.710311271710566,41.64395983003429,0.05210447160970294,0.14124902621608726,0.0748975845398121,0.1803946694969186,41.66035374740335,41.59964619459487,41.56906224549448,41.710311271710566,41.68042569096821
P_0028_0050,28,50,-4.6845,12.5415,13.387821424712833,20,0.783,1.0,211.07644278667323,212.81583803916203,41.4867628531618,41.409831937992806,41.56125369464144,41.482141441501234,0.056004017304850336,0.1514217566486309,0.07911225314020243,0.19338666238650176,41.46775901493402,41.44143826404695,41.409831937992806,41.56125369464144,41.53042429589095
P_0028_0051,28,51,-4.6845,13.3245,14.12398104289297,25,0.783,1.0,207.3407310291668,209.6229392593809,41.298051967608814,41.19263950249086,41.39992180358098,41.297164603644944,0.0795268149921556,0.20728230109011747,0.10452510115408131,0.2647283538826532,41.29953059507318,41.225688821354765,41.19263950249086,41.39992180358098,41.36804229572493
P_0028_0052,28,52,-4.6845,14.107500000000002,14.864928405478448,20,0.783,1.0,203.2817965018358,205.2688554311149,41.093109205628465,41.00347729264121,41.180032480609896,41.09720088567794,0.06640675711352007,0.1765551879686882,0.09372359303673505,0.22548555296128758,41.11799208660767,41.037832396016086,41.00347729264121,41.180032480609896,41.14667017251486
P_0028_0053,28,53,-4.6845,14.890500000000003,15.609981758477492,20,0.783,1.0,199.3685665228682,201.4774852103812,40.895600136948495,40.799698858518695,40.98864439567853,40.889788284940224,0.07112967603439757,0.18894553715983164,0.09885611073830347,0.24130975371626007,40.87114315714348,40.8355156579201,40.799698858518695,40.98864439567853,40.9539393554403
P_0028_0054,28,54,-4.6845,15.673500000000004,16.358580088137238,25,0.783,1.0,194.59742452361922,197.3937974647274,40.65486733548336,40.52288141915051,40.78256616633996,40.65383491558877,0.1009427120125927,0.25968474718945345,0.13095349643825926,0.33165357240032367,40.656587515036,40.56078265730281,40.52288141915051,40.78256616633996,40.74635682011456
P_0028_0055,28,55,-4.6845,16.4565,17.110258107346013,20,0.783,1.0,189.42904231763563,191.84721597766924,40.39415876827664,40.28228523100938,40.50274731262516,40.39943571428394,0.08400617625075571,0.22046208161577852,0.1171504832745569,0.281560768347099,40.4256572376533,40.32209865379156,40.28228523100938,40.50274731262516,40.464390136340285
P_0028_0056,28,56,-4.6845,17.2395,17.86462707419329,20,0.783,1.0,184.45158829735982,187.0269336985809,40.14313227940553,40.02310586410687,40.25962622131078,40.13581117252751,0.09008151194122586,0.23652035720391495,0.12381504878327121,0.30206942171636647,40.11193458743185,40.065093513064255,40.02310586410687,40.25962622131078,40.21929567672379
P_0028_0057,28,57,-4.6845,18.0225,18.621359953021692,25,0.783,1.0,178.37675591568637,181.83470021827569,39.836808507127245,39.6702795045324,39.99778682803105,39.8355301168794,0.1283680880934716,0.32750732349865075,0.16525061234699479,0.41827244380415163,39.83893814591596,39.71543743122663,39.6702795045324,39.99778682803105,39.95520867469094
P_0028_0058,28,58,-4.6845,18.805500000000002,19.380179836626905,20,0.783,1.0,171.7753419162109,174.76667437262154,39.503966568224754,39.36224017514655,39.64139912408916,39.510756144505976,0.10724347544786346,0.27915894894260873,0.14851596935942268,0.35652483900716314,39.544218344868966,39.41038723590697,39.36224017514655,39.64139912408916,39.595535842518245
P_0028_0059,28,59,-4.6845,19.588500000000003,20.140850838532124,20,0.783,1.0,165.38232901973453,168.5957898415728,39.181651297744864,39.02826122608616,39.33027266631615,39.172236665815504,0.11582082415408355,0.3020114402299896,0.15803600050064404,0.3857106516347249,39.14143447123388,39.0799121613378,39.02826122608616,39.33027266631615,39.28130280410352
P_0028_0060,28,60,-4.6845,20.371500000000005,20.903170871903626,25,0.783,1.0,157.51175020924433,161.90483876942864,38.78484705925834,38.56871929038067,38.99293556449601,38.7830893398589,0.1670332420185586,0.4242162741153379,0.21437004947822658,0.541783236418056,38.78777406433068,38.62570567329215,38.56871929038067,38.99293556449601,38.94031210679498
P_0028_0061,28,61,-4.6845,21.1545,21.66696588126727,20,0.783,1.0,148.85278247168662,152.69689676531107,38.34828167789358,38.16146017538318,38.52869398868268,38.3367456687641,0.14115222445029724,0.36723381329949945,0.19194831991858052,0.46900870153192775,38.29933552321825,38.22375838223138,38.16146017538318,38.52869398868268,38.47048027430503
P_0028_0062,28,62,-4.6845,21.9375,22.432085201781845,25,0.783,1.0,139.17155990188604,144.5342688070151,37.86013458996853,37.59145252492419,38.117130312226095,37.85768437243653,0.20720865108837583,0.5256777873019018,0.2662318475123371,0.6713637130292488,37.86421210350511,37.66231040640679,37.59145252492419,38.117130312226095,38.05331651512046
P_0028_0063,28,63,-4.6845,22.7205,23.198397800279228,20,0.783,1.0,128.30820452045523,133.1040611748525,37.312309610769816,37.07402213354277,37.54074830710744,37.323417473333066,0.18011824546673968,0.4667261735646733,0.24939533979029704,0.5960742957403234,37.3804150955915,37.15407098366222,37.07402213354277,37.54074830710744,37.46783084676139
P_0028_0064,28,64,-4.6845,23.503500000000003,23.965789210873073,20,0.783,1.0,117.2994877117493,122.71971394309482,36.757050415401764,36.48422018258441,37.01701737306973,36.73985976743197,0.20459285839091718,0.5327971904853186,0.27715760563775405,0.6804561819735869,36.68695164247566,36.57690528297383,36.48422018258441,37.01701737306973,36.93420435605623
P_0028_0065,28,65,-4.6845,24.286500000000004,24.734159021482824,25,0.783,1.0,102.77586677739099,110.86815020435388,36.02431416858806,35.59929100205272,36.41916461959141,36.0184332573726,0.3224151170791796,0.8198736175386898,0.41914225531987626,1.0470927427058618,36.03405951024354,35.717134623826894,35.59929100205272,36.41916461959141,36.32251653114844
P_0028_0066,28,66,-4.6845,25.069500000000005,25.503418800231476,20,0.783,1.0,84.94010376964769,93.0379686546762,35.12415807229023,34.69355051692946,35.519435320976186,35.140926525844904,0.31740751850134985,0.8258848040467228,0.44737600891544105,1.0547698646829153,35.247555192424045,34.8497951553104,34.69355051692946,35.519435320976186,35.39429644358444
P_0028_0067,28,67,-4.6845,25.8525,26.273490375281316,20,0.783,1.0,63.3486098827878,74.67637239663493,34.033906497878064,33.378846224269466,34.59249324081321,33.98603999925037,0.4586582574525001,1.2136470165437458,0.6071937749809067,1.549996189711042,33.89619565919634,33.641978897426384,33.378846224269466,34.59249324081321,34.42068597454647
P_0029_0000,29,0,-3.9014999999999986,-26.6085,26.89300977019865,12,0.783,1.0,23.96714712419164,37.307733389128536,32.118699928401234,31.21456661395098,32.78233544072219,31.933153634188056,0.6424496042547521,1.5677688267712142,0.849181806534137,2.0022590380219847,31.398605023073003,32.78233544072219,32.61413934604445,31.65612174714965,31.21456661395098
P_0029_0001,29,1,-3.9014999999999986,-25.825499999999998,26.118540397579647,16,0.783,1.0,52.925474086983584,62.886333413721545,33.5798933540497,33.029922694818424,34.07193390759289,33.59595020053773,0.4229044628735621,1.0420112127744687,0.5660275057193047,1.3307933751908922,33.73284274909179,34.07193390759289,33.97715919325191,33.16789245793365,33.029922694818424
P_0029_0002,29,2,-3.9014999999999986,-25.0425,25.344595252242637,20,0.783,1.0,75.69385453655613,84.89424416116739,34.726697468679696,34.235983626061795,35.17972029605272,34.71602959575462,0.3895435489041589,0.9437366699909262,0.4800459696928243,1.2052831034366873,34.7278289533736,35.17972029605272,35.11398297474625,34.322632128538714,34.235983626061795
P_0029_0003,29,3,-3.9014999999999986,-24.2595,24.571223870617434,16,0.783,1.0,93.07220229591182,98.89934664811577,35.60083154800597,35.30505123349525,35.88379393547939,35.5789586701398,0.23697330547094803,0.5787427019841402,0.30483526533959093,0.7391349961483272,35.50863737809209,35.88379393547939,35.83007591526791,35.36723488836435,35.30505123349525
P_0029_0004,29,4,-3.9014999999999986,-23.4765,23.798482188996843,16,0.783,1.0,105.89174971344181,110.95288947948744,36.2449448232002,35.99160187667695,36.489189924825325,36.25644287395204,0.20408513782025492,0.49758804814837276,0.2648409972750869,0.6354892058089051,36.31490462582133,36.489189924825325,36.44347930841394,36.04303863402265,35.99160187667695
P_0029_0005,29,5,-3.9014999999999986,-22.6935,23.0264336035783,20,0.783,1.0,118.38034187840427,124.08205848172544,36.87183628420181,36.58456163832625,37.14799297113399,36.86793648549836,0.23419750508991943,0.5634313328077383,0.28337484717211225,0.7195802462423222,36.86917483060489,37.14799297113399,37.10929474214919,36.62865824527751,36.58456163832625
P_0029_0006,29,6,-3.9014999999999986,-21.9105,22.255150246628304,16,0.783,1.0,129.43630456626087,133.40842491152205,37.42633551565969,37.23174102025945,37.615571962471,37.412380283876,0.15821066915659052,0.3838309422115529,0.20319167859500453,0.4902055456086244,37.36424507584343,37.615571962471,37.58104252351063,37.26930083729548,37.23174102025945
P_0029_0007,29,7,-3.9014999999999986,-21.127499999999998,21.4847145314989,16,0.783,1.0,138.26435021041357,141.90052839832498,37.868740907082675,37.69195190377121,38.04102087178029,37.87723793793964,0.1437921084135085,0.34906896800907816,0.1852860341684277,0.4458096654011215,37.91781210616665,38.04102087178029,38.00982378238183,37.72558102559822,37.69195190377121
P_0029_0008,29,8,-3.9014999999999986,-20.3445,20.71522103430229,20,0.783,1.0,147.2860658874163,151.54273601632352,38.32051377802222,38.111174232503686,38.52372239350086,38.31809584570372,0.1719525574053941,0.41254816099717573,0.20692161320003777,0.5268814316694453,38.31807677501638,38.52372239350086,38.495866881270445,38.14163894622726,38.111174232503686
P_0029_0009,29,9,-3.9014999999999986,-19.5615,19.946778800097018,16,0.783,1.0,155.53937567024,158.59420455153818,38.73351155044586,38.587232322590296,38.87646916981333,38.72310984860005,0.11951606137535131,0.28923684722303733,0.15335932121328,0.3693957180370847,38.68653744989547,38.87646916981333,38.85080525665148,38.61450504404968,38.587232322590296
P_0029_0010,29,10,-3.9014999999999986,-18.7785,19.17951418832083,16,0.783,1.0,162.28588935886984,165.13441028769174,39.07087442103836,38.93533764117507,39.20343416560189,39.07749782400568,0.1105934436711808,0.26809652442682363,0.14216018283061516,0.3423965829205921,39.10857186352018,39.20343416560189,39.17963825108615,38.96050719864513,38.93533764117507
P_0029_0011,29,11,-3.9014999999999986,-17.9955,18.41357440857152,20,0.783,1.0,169.29638085262857,172.67375469950514,39.42120208257525,39.25811673952484,39.580088488152455,39.419423485376015,0.13426717776813119,0.3219717486276181,0.16130674585117788,0.41120274409657487,39.41915198126935,39.580088488152455,39.55827226017146,39.281487957761954,39.25811673952484
P_0029_0012,29,12,-3.9014999999999986,-17.2125,17.649131947492485,16,0.783,1.0,175.78933128561596,178.24921630332136,39.745451982999064,39.63004061967331,39.85843876751369,39.737257806054814,0.09435713051662115,0.22839814784038026,0.12118096145887591,0.29169622968120085,39.70832966845859,39.85843876751369,39.837979428280505,39.65150054634796,39.63004061967331
P_0029_0013,29,13,-3.9014999999999986,-16.429499999999997,16.886390155980642,16,0.783,1.0,181.14495380613428,183.4571900629448,40.012728487358196,39.90492700859818,40.11828475392366,40.01798917767761,0.08791926679529391,0.21335774532548157,0.11306216907943423,0.2724875419227095,40.04264191611389,40.11828475392366,40.09901832152201,39.92507388823032,39.90492700859818
P_0029_0014,29,14,-3.9014999999999986,-15.6465,16.125590361286,20,0.783,1.0,186.74474789622252,189.49359064676173,40.2920067365662,40.161539851745374,40.41925801998798,40.29058029367993,0.10731023453499604,0.2577181682426044,0.12904044193455633,0.3291419773213338,40.290281570544096,40.41925801998798,40.40129156227874,40.18053046384347,40.161539851745374
P_0029_0015,29,15,-3.9014999999999986,-14.8635,15.36702100278385,16,0.783,1.0,191.95230915959252,193.9726348813873,39.718131920251196,38.90884794087805,40.53272111885826,39.8764317966498,0.746428425471953,1.5672860539629596,0.9219957276582136,2.001642469939923,40.52172212295454,38.970795151193386,38.95443606899158,40.47646716716497,40.4587384729445
P_0029_0016,29,16,-3.9014999999999986,-14.080499999999999,14.61102948118304,16,0.783,1.0,196.2572479690536,198.1620114355049,39.07286837927425,38.99926077708881,39.14495051775333,39.07628272106423,0.059024576473804366,0.14568974066452256,0.07702194397542428,0.18606608003131872,39.09248864328555,39.14495051775333,39.12927080325187,39.01544286394159,38.99926077708881
P_0029_0017,29,17,-3.9014999999999986,-13.2975,13.858037685762007,20,0.783,1.0,200.76048089270637,203.01681827811836,39.33040467407356,39.17115611442432,40.05225026866481,39.40004167915354,0.33106388747223336,0.8810941542404862,0.6522085895112681,1.1252798904731625,39.25841408495211,40.05225026866481,39.33171054377141,39.18667738395504,39.17115611442432
P_0029_0018,29,18,-3.9014999999999986,-12.5145,13.108562564217328,16,0.783,1.0,204.94364563654446,206.61253734501608,39.61198234401669,39.370149084973264,40.2133505296332,39.71438738668195,0.36224725478056186,0.8432014446599396,0.4989631429512542,1.0768856253639074,39.41333099982796,40.2133505296332,39.48152233350186,40.09358398547346,39.370149084973264
P_0029_0019,29,19,-3.9014999999999986,-11.731499999999999,12.36324368845005,16,0.783,1.0,208.39260610160932,209.96545319627688,39.757940712695294,39.51735914164465,40.36346773706225,39.86923222882274,0.36131616732066824,0.8461085954176042,0.49423550823951246,1.0805984615805928,39.592334048487714,40.36346773706225,39.62111073069218,40.2518894862269,39.51735914164465
P_0029_0020,29,20,-3.9014999999999986,-10.9485,11.622880645519851,20,0.783,1.0,211.9850388362725,213.83119860797453,40.02067865350857,39.65446477390935,40.53639984912405,40.01930146992056,0.3710120180809813,0.8819350752146988,0.5170983792034889,1.126353863620305,39.72440027688475,40.53639984912405,39.78190346479829,40.39933898488636,39.65446477390935
P_0029_0021,29,21,-3.9014999999999986,-10.165499999999998,10.888484398666325,16,0.783,1.0,215.3023863038085,216.6746121360765,40.23681369963673,39.81229861864188,40.6634811602521,40.16423206612957,0.37141613178791894,0.8511825416102141,0.4992490941225256,1.0870785972033385,39.87623166830036,40.6634811602521,39.90005794246275,40.56909094099075,39.81229861864188
P_0029_0022,29,22,-3.9014999999999986,-9.3825,10.161348753979464,20,0.783,1.0,218.3358745365752,219.93033363804625,40.367343593347584,39.92818616217863,40.80884128692588,40.29069770168786,0.37934657175098363,0.8806551247472498,0.5181435852380218,1.1247191886938057,39.98752365418801,40.80884128692588,40.035202175216966,40.69373522992981,39.92818616217863
P_0029_0023,29,23,-3.9014999999999986,-8.599499999999999,9.443151089546326,16,0.783,1.0,221.11573658130536,222.3043669027797,40.58285917356248,40.06060418143835,40.91471382011389,40.40704346025219,0.38395277786167087,0.8541096386755385,0.5076703598616987,1.0908169076315943,40.09010381757906,40.91471382011389,40.13363146402429,40.83616401810536,40.06060418143835
P_0029_0024,29,24,-3.9014999999999986,-7.816499999999998,8.736096067466288,16,0.783,1.0,223.36851499266578,224.479884059963,40.776960014870724,40.15692708569316,41.01162008205768,40.662602293234386,0.38686312929315897,0.8546929963645198,0.5056752075412234,1.091561936608582,40.980969266398176,41.01162008205768,40.22372373747538,40.93977129454754,40.15692708569316
P_0029_0025,29,25,-3.9014999999999986,-7.0335,8.043122807715918,20,0.783,1.0,225.66485609295233,226.92787898806472,40.7914465044999,39.403680085505584,41.117248428301934,40.415908816045956,0.6122891892510954,1.667794411013574,1.0122287305403717,2.1300056334783832,41.07147449651916,39.403680085505584,40.32494534377736,41.034473763079006,40.24497039134866
P_0029_0026,29,26,-3.9014999999999986,-6.250499999999999,7.36820551423479,16,0.783,1.0,227.72922444237454,228.67452153591063,40.53609248890632,39.42050671894828,41.194858427031534,40.15659591152674,0.6483686821757447,1.732876462979391,0.9967872704009295,2.2131244737923255,41.15338318192767,39.46835319543669,40.39703593735527,39.42050671894828,40.34370052396582
P_0029_0027,29,27,-3.9014999999999986,-5.467499999999998,6.716789299955743,16,0.783,1.0,229.36266827436168,230.2370358347181,40.60420124419316,39.483431482224034,41.264148606632375,40.225744178087744,0.6585183395973413,1.7605275938036584,1.0182148979399486,2.2484388171183376,41.24395907602769,39.52608303668444,40.46140146286655,39.483431482224034,40.413845832636014
P_0029_0028,29,28,-3.9014999999999986,-4.6845,6.096412264602845,20,0.783,1.0,230.97824917205008,231.9360992359102,40.751394281766366,39.5394453506957,41.33928322516027,40.44864831798001,0.7853344739188401,1.7922205508531874,0.9092029672843083,2.288915135189256,41.3071623196592,39.58866572647895,41.33166590154889,39.5394453506957,40.4763022915173
P_0029_0029,29,29,-3.9014999999999986,-3.9014999999999986,5.517554213598628,16,0.783,1.0,232.37550498916906,233.0953365290496,40.930037791996654,39.599921335570855,41.3903569451661,40.66428495107457,0.8564231385868326,1.7829054629490884,1.0643636155037157,2.2770184711993466,41.36227944422632,39.63119172088437,41.38282679851994,39.599921335570855,41.34520545617136
P_0029_0030,29,30,-3.9014999999999986,-3.1184999999999974,4.994671610826879,16,0.783,1.0,233.42618344044814,234.07915175750264,40.974249858558636,39.64078719477857,41.43350866264234,40.709656743259345,0.8620897249722247,1.785261853957934,1.0688695484807766,2.280027910546531,41.41996895097958,39.667105351459725,41.4260490487365,39.64078719477857,41.39437317034236
P_0029_0031,29,31,-3.9014999999999986,-2.3354999999999997,4.5471158441368065,20,0.783,1.0,234.39555889137472,235.0648349556492,41.01478978836836,39.67505864112314,41.47642689873732,40.747954732564665,0.8648024879362601,1.7939741327543928,1.0728960914415282,2.291154703390029,41.45726064275618,39.70279765289536,41.46903277387753,39.67505864112314,41.43562395217111
P_0029_0032,29,32,-3.9014999999999986,-1.5524999999999984,4.199042569443656,16,0.783,1.0,235.15416811965108,235.65967189925345,40.55974722021489,38.90062071018076,41.49634445915808,40.259260991803195,1.0414449279962725,2.586128334192672,1.358640281622435,3.3028458929663755,41.48674904437343,39.7240509893586,38.90062071018076,39.7087175187524,41.47616669635079
P_0029_0033,29,33,-3.9014999999999986,-0.7695000000000007,3.976660973731604,16,0.783,1.0,235.64232564725125,236.08326159463363,38.316052131567886,36.28171630824773,38.917827498047245,38.27577218222571,1.0185358837902312,2.631207390919826,1.9922097165135852,3.36041812378011,38.91476985663195,36.28356246571212,38.362221878035655,38.9137457115209,38.9045609992279
P_0029_0034,29,34,-3.9014999999999986,0.013500000000000512,3.9015233563314715,20,0.783,1.0,235.98290603638807,236.3726055430249,36.42565164354271,35.73048823363712,38.36822534124303,36.48031275479191,0.9743483787276381,2.6335015505960655,1.8842366788791622,3.363348085052446,35.731733544082715,36.28907242441835,35.73104788307501,36.28516048871239,38.36454943367107
P_0029_0035,29,35,-3.9014999999999986,0.7965000000000018,3.9819736940366632,16,0.783,1.0,236.1151433044705,236.4181877591356,35.872295662142406,35.731038379696884,36.28954018026985,35.95487816822005,0.2729924703411908,0.558391989764857,0.33455220124169216,0.7131443036588212,35.73352438693513,36.289014889815405,35.731038379696884,36.28943036946174,35.73138281519107
P_0029_0036,29,36,-3.9014999999999986,1.5794999999999995,4.209099963175024,16,0.783,1.0,236.04726813884304,236.39516603270567,35.591977507669625,35.35404406659262,35.73589040396894,35.507641468456235,0.18417166783809857,0.38184633737631657,0.22824893551270264,0.487670928960813,35.35747989129152,35.36031962083683,35.35404406659262,35.73589040396894,35.73047335959126
P_0029_0037,29,37,-3.9014999999999986,2.3625000000000007,4.561042479521539,20,0.783,0.3,70.75012896577417,236.2206114510741,32.51721286352031,31.05142970049752,35.35898332274377,33.0048419983749,1.948415716903587,4.306827818208944,2.354141324368868,5.500418669487796,31.22101191798521,32.03935785592944,31.052155504534824,35.35898332274377,35.35270139068126
P_0029_0038,29,38,-3.9014999999999986,3.145500000000002,5.011573854588995,16,0.783,0.0,0.0,0.0,35.199067342660854,31.05188909903165,37.921144341462536,35.18066457428123,2.567410585455394,6.869255242430885,4.128775475249579,8.772995201061155,34.50469328967472,37.921144341462536,37.91770759989777,34.50788854133947,31.05188909903165
P_0029_0039,29,39,-3.9014999999999986,3.9284999999999997,5.53667901363263,16,0.783,0.875,205.297553550244,235.19674833891304,41.46822732543425,37.83974716290061,42.06394991504595,41.21880646515369,1.5096709727692386,3.849305746058917,3.012981083552731,4.916099292540124,42.05513112765988,42.05401535460322,41.99132328110306,41.787737180801344,38.20582538160096
P_0029_0040,29,40,-3.9014999999999986,4.711500000000001,6.117183543102168,20,0.783,1.0,233.71008452487257,234.45779340774635,42.20631353651869,41.9910082773348,42.3298094386472,42.1705774515468,0.09866896303144886,0.29603141079650186,0.17559762176254168,0.378073321579185,42.17759720225666,42.16200905902633,42.29101124058076,41.994979829784256,42.22728992608597
P_0029_0041,29,41,-3.9014999999999986,5.494500000000002,6.738785684379643,16,0.783,1.0,232.56732128440342,233.28408295902008,42.31132581179823,42.26345808203303,42.35954047561472,42.31858828773936,0.028824340831239418,0.07199160698530704,0.040478728871264025,0.0919433039403666,42.3501011658534,42.34319287507611,42.33070573695892,42.29083210194028,42.278109558868096
P_0029_0042,29,42,-3.9014999999999986,6.277500000000003,7.391123629056683,20,0.783,1.0,231.18516195227812,232.1418510221853,42.35648180243926,42.312199774635246,42.38798729022824,42.355586171743916,0.02240188141512126,0.0600071182380475,0.03240111848432292,0.07663744347132502,42.360164598800566,42.3331173281241,42.36868146957647,42.32798017199019,42.38798729022824
P_0029_0043,29,43,-3.9014999999999986,7.060500000000005,8.066744231720754,16,0.783,1.0,229.5759687767739,230.45470408425825,42.364234027234644,42.34994896788987,42.38658901998349,42.35808706381367,0.007502074616878319,0.019796745450605613,0.011658649526808063,0.02528319980920257,42.34994896788987,42.36974571334048,42.35794503233939,42.36246103311379,42.35033457238484
P_0029_0044,29,44,-3.9014999999999986,7.843499999999999,8.760262239225488,16,0.783,1.0,227.93908567911876,228.89284886067625,42.31055105478143,42.2708431551531,42.34895837019491,42.307591016544826,0.03042520064474917,0.07811521504180519,0.04136735365008093,0.09976400388480866,42.29811955413135,42.28294929485725,42.2708431551531,42.34895837019491,42.33708470838752
P_0029_0045,29,45,-3.9014999999999986,8.6265,9.467745481369892,20,0.783,1.0,225.85878362974503,227.13761406546564,42.204862111086115,42.14798860293314,42.25971730461509,42.20389762170667,0.04477978887999418,0.11172870168194748,0.0559090187735336,0.14269310559635692,42.20372331301991,42.16052986385404,42.14798860293314,42.25971730461509,42.2475290241112
P_0029_0046,29,46,-3.9014999999999986,9.409500000000001,10.186284528718016,16,0.783,1.0,223.53254164532484,224.663736920634,42.08684910611153,42.03816354219367,42.13414497731776,42.088825641193296,0.037999586456248256,0.09598143512408797,0.050662098999623595,0.12258165405375218,42.09921130737638,42.051099254846406,42.03816354219367,42.13414497731776,42.12150912423226
P_0029_0047,29,47,-3.9014999999999986,10.192500000000003,10.913695913850635,16,0.783,1.0,221.2388746666727,222.4534946132009,41.970625587032735,41.91771175239802,42.022102439727576,41.966763615593244,0.04170609251263439,0.10439068732955548,0.05533882413433133,0.13332143975677582,41.95385560269068,41.931087066394696,41.91771175239802,42.022102439727576,42.00906121675524
P_0029_0048,29,48,-3.9014999999999986,10.975500000000004,11.64831758238073,20,0.783,1.0,218.394344856356,220.0303634470717,41.82662882695464,41.75160399185376,41.89938658813804,41.825566186886576,0.06025843353047775,0.14778259628428003,0.07396219503281287,0.18873894800035762,41.82534753633911,41.76559899283626,41.75160399185376,41.89938658813804,41.885893825265725
P_0029_0049,29,49,-3.9014999999999986,11.758499999999998,12.388866957877946,16,0.783,1.0,215.2747297789121,216.68997098783984,41.668833890172536,41.60573196826806,41.73037023087369,41.67162840695526,0.05022380426752425,0.12463826260562882,0.06589643868719719,0.15918041201229735,41.685513441902685,41.62028525092609,41.60573196826806,41.73037023087369,41.71624114280576
P_0029_0050,29,50,-3.9014999999999986,12.5415,13.134341418586619,16,0.783,1.0,212.2460516758199,213.7573374985517,41.51574185053774,41.447752199734566,41.5820965844776,41.510842152883455,0.054468111109574016,0.1343443847430308,0.07125443159414147,0.17157648115329602,41.49404152932783,41.46292619928687,41.447752199734566,41.5820965844776,41.56739425159043
P_0029_0051,29,51,-3.9014999999999986,13.3245,13.88394765547609,20,0.783,1.0,208.53570458920103,210.58190079362677,41.32829888454795,41.23232466060716,41.42163649321867,41.32709158157188,0.0779608322301335,0.18931183261150863,0.09476692096471595,0.24177756399937245,41.326825867370246,41.24837419447664,41.23232466060716,41.42163649321867,41.406296692186686
P_0029_0052,29,52,-3.9014999999999986,14.107500000000002,14.637050881239706,16,0.783,1.0,204.5052893227676,206.25244690347915,41.124782395667076,41.044759407938216,41.20297747334871,41.12849837886553,0.06441673349542458,0.15821806541049455,0.08373897092731397,0.20206649477713223,41.14641626115144,41.06160062988914,41.044759407938216,41.20297747334871,41.18673812200012
P_0029_0053,29,53,-3.9014999999999986,14.890500000000003,15.393137838010809,16,0.783,1.0,200.62063287527917,202.48335271133425,40.928703009190095,40.8427684428413,41.01270269819457,40.92255653774007,0.06948980598332025,0.1699342553532759,0.09014616045450197,0.21702970032346855,40.90116695785645,40.86049517575873,40.8427684428413,41.01270269819457,40.995649414049296
P_0029_0054,29,54,-3.9014999999999986,15.673500000000004,16.151789513858834,20,0.783,1.0,195.88588926912846,198.42459083868133,40.689792347105296,40.5684997208582,40.807870827684894,40.68836636500432,0.09913248866035916,0.23937110682669527,0.11986664414612136,0.30571022583230556,40.68806690148847,40.58748796361914,40.5684997208582,40.807870827684894,40.78990641137091
P_0029_0055,29,55,-3.9014999999999986,16.4565,16.912660775289023,16,0.783,1.0,190.75891283625953,192.9135432073303,40.43115772367738,40.330241334502205,40.52982985689107,40.43595985360433,0.08172837021060088,0.19958852238886493,0.10571851910212615,0.25490232744427194,40.45877674672408,40.35038544574212,40.330241334502205,40.52982985689107,40.51056588416219
P_0029_0056,29,56,-3.9014999999999986,17.2395,17.67546498681152,16,0.783,1.0,185.82357267771383,188.1258518096795,40.182241836709686,40.07371974602171,40.28834040573281,40.17450717284478,0.08816197248511255,0.21462065971110178,0.11383323288803382,0.2741004594011517,40.1474153373681,40.09517642785727,40.07371974602171,40.28834040573281,40.267883947244
P_0029_0057,29,57,-3.9014999999999986,18.0225,18.439962269484177,20,0.783,1.0,179.80343990194575,182.97067256783595,39.87866105722387,39.72476800686167,40.02835718195081,39.876883102766136,0.12607259518560232,0.30358917508913663,0.15211509590446326,0.38772563868344395,39.87661068506896,39.74813531961826,39.72476800686167,40.02835718195081,40.00654432033099
P_0029_0058,29,58,-3.9014999999999986,18.805500000000002,19.205950445109455,16,0.783,1.0,173.2657660654063,175.95668110848848,39.549017460792044,39.42038109013845,39.67467814609546,39.555181494307554,0.10438829904053032,0.2542970559570108,0.13480040416910555,0.32477274068583756,39.5844158794402,39.44554606155981,39.42038109013845,39.67467814609546,39.65088629430386
P_0029_0059,29,59,-3.9014999999999986,19.588500000000003,19.973257984114664,16,0.783,1.0,166.93953473874916,169.8367577343076,39.23005529035648,39.09068240652164,39.36610808122481,39.220114329211846,0.11330588644994018,0.2754256747031718,0.14599375201296283,0.3517569281011134,39.18538244979459,39.11794976442872,39.09068240652164,39.36610808122481,39.340448944089474
P_0029_0060,29,60,-3.9014999999999986,20.371500000000005,20.7417384637836,20,0.783,1.0,159.15904261314478,163.2055715610656,38.837777384839185,38.637655823329965,39.03177102692695,38.835360407349995,0.16373656372314543,0.39411520359698216,0.19770458402003044,0.5033399790510628,38.83534013616145,38.66811396139241,38.637655823329965,39.03177102692695,39.0039210889392
P_0029_0061,29,61,-3.9014999999999986,21.1545,21.511266176122685,16,0.783,1.0,150.6101445933613,154.0887168955329,38.406746240843525,38.23688017571328,38.5721053502532,38.39457758001231,0.1378157116199467,0.3352251745399215,0.17752777024089283,0.4281292139718027,38.352485732395735,38.27050151462629,38.23688017571328,38.5721053502532,38.54091512707305
P_0029_0062,29,62,-3.9014999999999986,21.9375,22.281732618896584,20,0.783,1.0,141.06957194332728,146.01689577070266,37.925676507670495,37.67731351838273,38.16510715371203,37.92240562173422,0.2024430833255151,0.48779363532929665,0.2450921033514888,0.622980377176624,37.92301962108178,37.71600198547003,37.67731351838273,38.16510715371203,38.13058583002453
P_0029_0063,29,63,-3.9014999999999986,22.7205,23.053043671064348,16,0.783,1.0,130.38946173270202,134.73334148354442,37.387079200934174,37.17108408748305,37.59610459298744,37.39699958680226,0.17408778265831512,0.42502050550438497,0.22591549931920696,0.5428103518574521,37.44643758451764,37.21516890509707,37.17108408748305,37.59610459298744,37.55620276392608
P_0029_0064,29,64,-3.9014999999999986,23.503500000000003,23.825117302964117,16,0.783,1.0,119.60346177280076,124.50699565310664,36.84304406037245,36.59666334710812,37.08033104685245,36.82504310760511,0.1980485680524048,0.48366769974433055,0.2552879392473386,0.6177109830706647,36.76550284048608,36.64808543448163,36.59666334710812,37.08033104685245,37.03463286909727
P_0029_0065,29,65,-3.9014999999999986,24.286500000000004,24.597881707577997,20,0.783,1.0,105.45411049561721,112.87373518370758,36.129185164798294,35.74228587274587,36.49348131808432,36.12223509307332,0.3104158546477037,0.7511954453384533,0.37994922032745393,0.9593811562432353,36.12762640129483,35.808003065192565,35.74228587274587,36.49348131808432,36.43977880804903
P_0029_0066,29,66,-3.9014999999999986,25.069500000000005,25.371273765816337,16,0.783,1.0,88.25989186660577,95.48272340225192,35.26141474837857,34.88296278297679,35.61590829527461,35.27600689961118,0.29828808227025594,0.7329455122978175,0.39304411663439254,0.9360734512104948,35.36544940582405,34.96958329625204,34.88296278297679,35.61590829527461,35.54613071772843
P_0029_0067,29,67,-3.9014999999999986,25.8525,26.145237778608937,16,0.783,1.0,68.00310382275387,77.80635726375209,34.238600170660746,33.695725245370625,34.72356888361094,34.19373255336328,0.41451630179840404,1.0278436382403129,0.5298363302476545,1.3126994102685987,34.08689536244441,33.83364783719139,33.695725245370625,34.72356888361094,34.628825438199044
P_0029_0068,29,68,-3.9014999999999986,26.6355,26.919724413522513,12,0.783,1.0,39.412523926687875,52.6480396011316,32.79406000267395,31.89489132234712,33.45283521546088,32.60951091013364,0.6378097906962082,1.5579438931137588,0.8433243053272363,1.9897112300303432,32.07885625754784,32.33627423140342,31.89489132234712,33.45283521546088,33.28469752390896
P_0030_0000,30,0,-3.1184999999999974,-26.6085,26.79061989764328,14,0.783,0.9285714285714286,26.056084459808826,41.09642035864195,32.19165545244453,30.81028456187778,32.9468189656281,32.09370811301062,0.7155472100459838,1.9225920701293795,1.0694812175119033,2.4554177140860527,31.91375473791084,32.9468189656281,32.82923921217292,31.024226895498717,31.75450075384253
P_0030_0001,30,1,-3.1184999999999974,-25.825499999999998,26.01310232363683,16,0.783,1.0,56.041311729160824,65.31768825533747,33.71033685051247,33.20689629734301,34.16780597227341,33.732487720746995,0.4013029768792622,0.9609096749304058,0.5255914234039878,1.2272154213670572,33.883267101845945,34.16780597227341,34.099038818074234,33.30543041419838,33.20689629734301
P_0030_0002,30,2,-3.1184999999999974,-25.0425,25.235923769499703,20,0.783,1.0,77.93741550648905,86.7346684797812,34.81307055094778,34.347428801713875,35.24575762996017,34.80730569062158,0.37818466297379927,0.8983288282462922,0.45987688890770784,1.1472909683860693,34.83456171243682,35.24575762996017,35.19849131477014,34.4102889942269,34.347428801713875
P_0030_0003,30,3,-3.1184999999999974,-24.2595,24.45911655191168,16,0.783,1.0,94.91031389946,100.4877764655808,35.66674244406366,35.38497071687925,35.93712397099978,35.6487030278618,0.23089912434177198,0.5521532541205261,0.2884209431379787,0.7051765697580153,35.592833510236915,35.93712397099978,35.899051994406875,35.42953494678619,35.38497071687925
P_0030_0004,30,4,-3.1184999999999974,-23.4765,23.68271721108032,16,0.783,1.0,107.5124538992117,112.37129252929007,36.299895210608696,36.05762632800776,36.53395467096709,36.313931861410595,0.20126828444490072,0.47632834295933435,0.2563055334028377,0.6083376027577705,36.38205188277493,36.53395467096709,36.50209028678245,36.093936138520746,36.05762632800776
P_0030_0005,30,5,-3.1184999999999974,-22.6935,22.906767220627184,20,0.783,1.0,119.83205169653777,125.3502384350614,36.91827523303125,36.64108184998918,37.1851982672984,36.91677191564612,0.23100504795516202,0.544116417309219,0.27569006565694565,0.6949124103566016,36.92707326746989,37.1851982672984,37.15881849952336,36.67168769394976,36.64108184998918
P_0030_0006,30,6,-3.1184999999999974,-21.9105,22.13131384486696,16,0.783,1.0,130.7631464135983,134.5867339404198,37.46649149677077,37.27978870995645,37.64825968211216,37.454723747163655,0.15556946111492054,0.3684709721557127,0.19353593494850685,0.470588725613937,37.41513623347225,37.64825968211216,37.62515996766388,37.30527414261354,37.27978870995645
P_0030_0007,30,7,-3.1184999999999974,-21.127499999999998,21.35641118025217,16,0.783,1.0,139.5053732779229,143.00670116914787,37.90458280373224,37.73490139729006,38.07008580577207,37.914773688637624,0.14260949848950308,0.33518440848200726,0.17987229134756433,0.4280771500408777,37.961972637778445,38.07008580577207,38.04961765586404,37.75729094648352,37.73490139729006
P_0030_0008,30,8,-3.1184999999999974,-20.3445,20.582121428560274,20,0.783,1.0,148.4496273218678,152.57630865343052,38.35246516020703,38.15001765646497,38.54914484417327,38.35167151711896,0.17030151524893813,0.39912718770830224,0.20165386065399105,0.5097409804703732,38.35796517430305,38.54914484417327,38.53132355127542,38.1699063593781,38.15001765646497
P_0030_0009,30,9,-3.1184999999999974,-19.5615,19.80851646388492,16,0.783,1.0,156.6393251120201,159.58001751671426,38.762270780709756,38.621932397176295,38.89949774760822,38.75340046935236,0.11788620881229352,0.277565350431928,0.1460972782558656,0.3544895918670855,38.722864425502,38.89949774760822,38.88341649247673,38.63929128399855,38.621932397176295
P_0030_0010,30,10,-3.1184999999999974,-18.7785,19.035679775096032,16,0.783,1.0,163.33855706733831,166.07942421352485,39.09726297200415,38.96730694846861,39.22441944306678,39.10514860336485,0.10991241781537825,0.257112494598168,0.137841654896242,0.32836844776266666,39.141197647060096,39.22441944306678,39.20982369707633,38.982995281152455,38.96730694846861
P_0030_0011,30,11,-3.1184999999999974,-17.9955,18.26370889222668,20,0.783,1.0,170.30382533185758,173.57543694045356,39.44532497396371,39.28775061192681,39.59890554730606,39.444766334092435,0.13321256483450822,0.31115493537924976,0.15701572216562454,0.397388167789591,39.44928078026408,39.59890554730606,39.585886404242615,39.30200832672261,39.28775061192681
P_0030_0012,30,12,-3.1184999999999974,-17.2125,17.492718442254766,16,0.783,1.0,176.75789916555303,179.12114219403426,39.76762867979718,39.657191934618936,39.87576816886639,39.76060117407296,0.09319465680634394,0.21857623424745043,0.11516699479342662,0.279152278732376,39.73628776263149,39.87576816886639,39.86383091950074,39.66992708474726,39.657191934618936
P_0030_0013,30,13,-3.1184999999999974,-16.429499999999997,16.72284403144393,16,0.783,1.0,182.0835463551515,184.30291683414933,40.03340571165658,39.930372572647286,40.13430529538243,40.03966335178232,0.08745740556417406,0.2039327227351464,0.10929077913503704,0.2604504760346697,40.06825833720336,40.13430529538243,40.12332000791076,39.94206054576779,39.930372572647286
P_0030_0014,30,14,-3.1184999999999974,-15.6465,15.954247224485396,20,0.783,1.0,187.65383337573002,190.31072442805583,40.311208951536784,40.185483174916726,40.433851224399234,40.310751282732,0.10655758415734845,0.248368049482508,0.1252681078152733,0.31720057405173435,40.31426959768192,40.433851224399234,40.42390416896063,40.19624824770148,40.185483174916726
P_0030_0015,30,15,-3.1184999999999974,-14.8635,15.187121995295882,16,0.783,1.0,192.83542895672247,194.76969454310168,39.70458989202006,38.14414248876159,40.54679938938386,39.87036451328871,0.9056573786608532,2.3593904787450697,1.6854912483766853,3.0132700877970238,40.5442637436571,38.18487326491203,39.650844222611,40.49079920483143,40.481042130432
P_0030_0016,30,16,-3.1184999999999974,-14.080499999999999,14.421703176116194,16,0.783,1.0,197.11996574846057,198.94111941585757,38.65319226159933,38.22035424001314,39.83859274600286,38.88093351453121,0.7272292957698171,1.6136677913627864,0.9576592314716521,2.0608784053164575,38.3010657006144,38.341107354633664,39.83859274600286,38.22492495464007,39.69897681676503
P_0030_0017,30,17,-3.1184999999999974,-13.2975,13.658277654960743,20,0.783,1.0,201.60281974282367,203.77606511213236,38.82933367329329,38.374279667955705,40.05602235241025,39.05798107921244,0.7478693577084414,1.6774796548031077,0.9980412731978134,2.1423750380627173,38.44970396531801,38.52206002523769,40.05602235241025,38.378542697607145,39.88357635548908
P_0030_0018,30,18,-3.1184999999999974,-12.5145,12.89719940529726,16,0.783,1.0,205.7678475042221,207.357695260215,38.9928684693881,38.5525016787384,40.21695044714232,39.22303732001619,0.7642983240672501,1.6605262027793444,0.9939131271261274,2.1207231197692775,38.58849906075301,38.65600155390672,40.21695044714232,38.55642424436297,40.097311293915936
P_0030_0019,30,19,-3.1184999999999974,-11.731499999999999,12.138909938705368,16,0.783,1.0,209.20243898273188,210.69793151110045,38.928991377467874,38.684364431958215,40.293270719304985,39.04961610585802,0.603810612346455,1.5674036451638358,1.205833036756772,2.001792650273098,38.74889196106642,38.780823237404206,38.774870690753744,38.68804549745096,40.25544914261479
P_0030_0020,30,20,-3.1184999999999974,-10.9485,11.383966553886214,20,0.783,1.0,212.78044534656266,214.54959086260507,38.86553197663328,38.80477966694832,38.924626854497376,38.865270625637905,0.051112581705833465,0.11984718754905543,0.06049095868958432,0.15306154220824447,38.867237542291946,38.924626854497376,38.9190576088314,38.81065145562047,38.80477966694832
P_0030_0021,30,21,-3.1184999999999974,-10.165499999999998,10.633081985012621,16,0.783,1.0,216.0849242953001,217.3830012233155,38.98883578468694,38.94631413370024,39.030308630944944,38.99134964785553,0.03573552557106423,0.08399449724470287,0.045035514155287615,0.10727266570204709,39.003301391806986,39.030308630944944,39.02501146622996,38.95181261659553,38.94631413370024
P_0030_0022,30,22,-3.1184999999999974,-9.3825,9.887181018874895,20,0.783,1.0,219.10705091667924,220.6276394588916,39.38149345742492,39.05023508815191,40.27750802199057,39.54922255554002,0.5523018004969918,1.2272729338386625,0.7282854664505507,1.567398382935712,39.10303758317707,40.27750802199057,39.14619895050629,40.169133133874254,39.05023508815191
P_0030_0023,30,23,-3.1184999999999974,-8.599499999999999,9.147482850489524,16,0.783,1.0,221.87681870974595,222.99384317557164,39.48801548535809,39.16897703067792,40.3771897339376,39.65576488075832,0.5597260094030643,1.208212703259676,0.7214248531792791,1.543055815146457,39.19496539429065,40.3771897339376,39.23445913856767,40.30323310631775,39.16897703067792
P_0030_0024,30,24,-3.1184999999999974,-7.816499999999998,8.415623238952653,16,0.783,1.0,224.12165859151656,225.16237824953765,39.57423659003189,39.25534716789684,40.46842823329513,39.74780930258514,0.561516874657182,1.2130810653982849,0.7206189307099891,1.5492733913132628,39.29925131773132,40.46842823329513,39.31523793870332,40.4007818552991,39.25534716789684
P_0030_0025,30,25,-3.1184999999999974,-7.0335,7.693839386158252,20,0.783,1.0,226.41014016518398,227.60275015491976,39.66200105877324,39.33428704158428,40.57093384452685,39.83511592218595,0.5687608443205067,1.2366468029425661,0.7358179223408996,1.5793701187005953,39.37442904474392,40.57093384452685,39.40598478869305,40.48994489138164,39.33428704158428
P_0030_0026,30,26,-3.1184999999999974,-6.250499999999999,6.985255363979184,16,0.783,1.0,228.4676475947458,229.34411929161968,39.74076645627896,39.422797350967926,40.64393314735406,39.91394488574629,0.5744396935441628,1.221135796386136,0.7299882616077724,1.559560404069139,39.442463544562486,40.64393314735406,39.47060433053292,40.58992605531404,39.422797350967926
P_0030_0027,30,27,-3.1184999999999974,-5.467499999999998,6.294330663382721,16,0.783,1.0,230.09582612613468,230.90204983077183,39.94995993109681,39.485670336299336,40.70910254945403,40.21535681468513,0.5787522929518552,1.2234322131546946,0.7296864783857941,1.5624932479625728,40.69276974484785,40.70910254945403,39.52828762096715,40.66095382185728,39.485670336299336
P_0030_0028,30,28,-3.1184999999999974,-4.6845,5.6275734113381395,20,0.783,1.0,231.70636731427757,232.59630278909424,40.159808305715885,39.54163935190616,40.7797604312596,40.2777212966213,0.5814036846295523,1.2381210793534336,0.7360819447151385,1.5812529749085997,40.7521972097241,40.7797604312596,39.590821469446325,40.72418802077033,39.54163935190616
P_0030_0029,30,29,-3.1184999999999974,-3.9014999999999986,4.994671610826879,16,0.783,1.0,233.09942555569802,233.7523938727525,40.21438771087395,39.60206851110416,40.82778232678805,40.33193021995739,0.5833679112017074,1.2257138156838963,0.7298617088532353,1.5654071720100846,40.80401488619504,40.82778232678805,39.63331552603125,40.792469849668464,39.60206851110416
P_0030_0030,30,30,-3.1184999999999974,-3.1184999999999974,4.410224994260493,16,0.783,1.0,234.14709122818232,234.7336631695524,40.255244373241965,39.64290397579106,40.86834580903695,40.37546226043177,0.5875313202501345,1.2254418332458954,0.7325582846407102,1.565059812574579,40.85823897089921,40.86834580903695,39.66920331562636,40.83861923080525,39.64290397579106
P_0030_0031,30,31,-3.1184999999999974,-2.3354999999999997,3.896100935550821,20,0.783,1.0,235.11385723829503,235.7169822418856,40.29269697099053,39.6771510759242,40.90867285295991,40.412260864666905,0.5890464018781483,1.2315217770357094,0.7351097887427045,1.5728247471720427,40.8932784116451,40.90867285295991,39.70487162335553,40.877330359449786,39.6771510759242
P_0030_0032,30,32,-3.1184999999999974,-1.5524999999999984,3.483575533844498,16,0.783,1.0,235.87061688659293,236.31056717603792,40.171343509396664,39.71078777670385,40.92737628453102,40.200616698627776,0.5859155773733179,1.210184294566659,0.7203553726427359,1.5455738117070996,40.92097207127051,39.72984774238853,39.72611225294099,40.915363649835,39.71078777670385
P_0030_0033,30,33,-3.1184999999999974,-0.7695000000000007,3.2120355695415306,16,0.783,1.0,236.35779315869854,236.73346394838956,37.01981492097022,36.28064934323254,39.732064371786464,37.29914885867403,1.2689755133956755,3.4463737043673746,2.4312651282879045,4.401498983866379,36.28404028259456,37.10193740342692,36.28458817784036,37.09476444254637,39.730413986961935
P_0030_0034,30,34,-3.1184999999999974,0.013500000000000512,3.118529220642318,20,0.783,0.9,212.99756373440874,236.93891346247707,35.89916699718062,32.390050327614915,36.29139266973715,35.50880437256613,1.5593752487017285,3.900042357299924,3.118749148540516,4.980897008045879,36.28993147765357,32.390055224025616,36.29009758132554,36.28775192155592,36.28618565827003
P_0030_0035,30,35,-3.1184999999999974,0.7965000000000018,3.218610647468871,16,0.783,0.625,147.95045413123722,236.9176095996913,34.828237180409445,32.38935236833373,36.29186407901239,34.73034078113924,1.9111496837052353,3.9025117106786595,2.3409884128055083,4.984050716064699,36.29186407901239,32.38935236833373,36.290043489489165,32.3899879062468,36.29045606261411
P_0030_0036,30,36,-3.1184999999999974,1.5794999999999995,3.4956919915804914,16,0.783,0.5625,133.12055508836934,236.8721908474801,34.30694913076265,31.83678667402495,36.2901872382277,34.39737352299811,1.8843017018958044,4.45262277694826,2.560586848973159,5.686619127647842,35.737464169088184,31.83678667402495,35.73421147671206,32.38899584419215,36.28940945097321
P_0030_0037,30,37,-3.1184999999999974,2.3625000000000007,3.9123456519075597,20,0.783,0.0,0.0,0.0,31.478215374815942,31.215319228009548,31.83974974535107,31.49046790133757,0.1979692069086998,0.6189177816610218,0.3458422326373878,0.7904441655951747,31.46582778686189,31.46351407181561,31.217392352313936,31.83631013397496,31.469295161721448
P_0030_0038,30,38,-3.1184999999999974,3.145500000000002,4.429358023461187,16,0.783,0.4375,103.22291813050622,236.2908346129693,35.372911038130106,31.213880356106813,40.02129812419349,34.97960651597363,3.9549139781266818,8.80741776808668,5.041691608219864,11.248298554389118,32.03375973650884,39.59178890071615,40.02129812419349,31.213880356106813,32.03730546234283
P_0030_0039,30,39,-3.1184999999999974,3.9284999999999997,5.015790515960568,16,0.783,1.0,235.35844325130122,235.853805682616,41.755497812620916,41.36196173954522,42.06014673147257,41.75312444421344,0.22201789490628093,0.6932477565577457,0.3890295199481173,0.8853738908783471,41.78003437934501,41.77294829671041,42.05734268082307,41.36409492426532,41.79120193992338
P_0030_0040,30,40,-3.1184999999999974,4.711500000000001,5.650068539407287,20,0.783,1.0,234.4382026671001,235.1179969609304,42.07208819842617,41.69009012679032,42.2215515283043,42.01795222144932,0.18221923521654484,0.5141151063737723,0.32786209465900384,0.6565965598643324,41.98264798810095,42.20420523316409,42.1653154212288,41.69009012679032,42.04750233796244
P_0030_0041,30,41,-3.1184999999999974,5.494500000000002,6.317798073696247,16,0.783,1.0,233.30047913617642,233.94909695507383,42.25140139300346,42.14620748497424,42.34625521692607,42.27018968695912,0.06363591863787081,0.1868604268264562,0.1107948968595096,0.2386467775561382,42.27138241134799,42.25847642733413,42.34625521692607,42.15939479009961,42.315439589087816
P_0030_0042,30,42,-3.1184999999999974,6.277500000000003,7.009425689740924,20,0.783,1.0,231.92431434654137,232.81144877789436,42.330369892384084,42.243451481237685,42.37074487967675,42.316745870964624,0.03863419408998166,0.11215269119816185,0.07329438972693936,0.1432345992313689,42.31748979302381,42.35560417243585,42.33612524783797,42.243451481237685,42.3310586602878
P_0030_0043,30,43,-3.1184999999999974,7.060500000000005,7.7185298146732615,16,0.783,1.0,230.32205652660573,231.13100588472795,42.34856664272452,42.31870675315571,42.379200395381815,42.360071512450965,0.01568655504786194,0.041752817739961756,0.02262393480911129,0.05332416058743519,42.364434597521154,42.34673071070574,42.37254428100425,42.33744757764185,42.379200395381815
P_0030_0044,30,44,-3.1184999999999974,7.843499999999999,8.440706990531064,16,0.783,1.0,228.6922292779695,229.57534305025084,42.32197915559449,42.28583948822268,42.356850579837214,42.31960510915716,0.0297530997368168,0.07101109161453678,0.03724547068005535,0.09069104931613893,42.312459047647735,42.2910976009465,42.28583948822268,42.356850579837214,42.35177882913166
P_0030_0045,30,45,-3.1184999999999974,8.6265,9.172870025242917,20,0.783,1.0,226.6209458085069,227.82709033825756,42.21673860034504,42.16355055566294,42.26795608716333,42.216371854849875,0.04432841354275135,0.10440553150039023,0.05282129918693812,0.13334039782936172,42.218563085313406,42.16915741187614,42.16355055566294,42.26795608716333,42.26263213423357
P_0030_0046,30,46,-3.1184999999999974,9.409500000000001,9.912806489587094,16,0.783,1.0,224.30489152544314,225.3631402567046,42.09923229005105,42.05423823620953,42.142876700536135,42.101816252709305,0.037683067088754726,0.08863846432660694,0.04757801649977722,0.11320365814381472,42.11461109769448,42.06016119247676,42.05423823620953,42.142876700536135,42.13719403662964
P_0030_0047,30,47,-3.1184999999999974,10.192500000000003,10.65889762123645,16,0.783,1.0,222.0214126581643,223.16188370043997,41.983515687551474,41.93435786671887,42.03128055821503,41.980318349704056,0.04101428824743898,0.09692269149616095,0.050962208510973994,0.12378376947146992,41.97004723599218,41.940633027806655,41.93435786671887,42.03128055821503,42.02527305978754
P_0030_0048,30,48,-3.1184999999999974,10.975500000000004,11.409936130408447,20,0.783,1.0,219.18975136664614,220.7487557017022,41.84015948529926,41.76905557468712,41.90906184675049,41.83977812278165,0.05975953349654846,0.14000627206336702,0.07072254809452971,0.1788074994423589,41.84225351572951,41.775827073985965,41.76905557468712,41.90906184675049,41.90269260275517
P_0030_0049,30,49,-3.1184999999999974,11.758499999999998,12.165005733660792,16,0.783,1.0,216.08456266003463,217.42244930266344,41.68308297842082,41.623909177838925,41.74074588423173,41.686572663202526,0.04989842835726691,0.11683670639280308,0.06266348536360056,0.14921673868812654,41.70321352962992,41.631127716958986,41.623909177838925,41.74074588423173,41.73386700735307
P_0030_0050,30,50,-3.1184999999999974,12.5415,12.9233998816101,16,0.783,1.0,213.07025354349753,214.50249541375064,41.53070686723507,41.46673615918888,41.59310305399606,41.526583175057795,0.05369376419910281,0.12636689480717678,0.06651987893826572,0.16138811597340583,41.51285989901504,41.47445157827627,41.46673615918888,41.59310305399606,41.58576518481272
P_0030_0051,30,51,-3.1184999999999974,13.3245,13.684565849890891,20,0.783,1.0,209.37804343931833,211.3411476276407,41.3441680515878,41.25244648879613,41.433344251393294,41.34376034488067,0.07736234427286263,0.18089776259716217,0.09131385608453968,0.231031625283732,41.346652391313285,41.26086245196893,41.25244648879613,41.433344251393294,41.42549614093173
P_0030_0052,30,52,-3.1184999999999974,14.107500000000002,14.448065562558886,16,0.783,1.0,205.36800710217454,207.03155488383177,41.141668040081925,41.06591007177536,41.215674428469015,41.146203256986325,0.06404066332541189,0.14976435669365173,0.08029318521096229,0.1912699319203726,41.167365937359705,41.07495921556677,41.06591007177536,41.215674428469015,41.20710663176078
P_0030_0053,30,53,-3.1184999999999974,14.890500000000003,15.213547663184944,16,0.783,1.0,201.50375267240915,203.2804123730486,40.94660689028298,40.86506980446359,41.02629435425206,40.941394726521295,0.0685641081155474,0.16122454978847145,0.08489962773076343,0.20590619385500822,40.92370699802223,40.87482682313709,40.86506980446359,41.02629435425206,41.017075652731535
P_0030_0054,30,54,-3.1184999999999974,15.673500000000004,15.980727283199602,20,0.783,1.0,196.79497474863595,199.24172461997549,40.708992963855124,40.59244023007483,40.822463578737086,40.708535671393506,0.09836328930907699,0.23002334866225738,0.11609544131867722,0.2937718373719762,40.71205293729088,40.60320498427484,40.59244023007483,40.822463578737086,40.81251662658991
P_0030_0055,30,55,-3.1184999999999974,16.4565,16.749371167300577,16,0.783,1.0,191.69750538527677,193.75926997853483,40.451832897810185,40.3556835740805,40.54584955055935,40.457631887586366,0.08124502855759351,0.19016597647885192,0.10194831350586497,0.24286842462177766,40.48439067381645,40.36737099938279,40.3556835740805,40.54584955055935,40.534864640092735
P_0030_0056,30,56,-3.1184999999999974,17.2395,17.519286586502314,16,0.783,1.0,186.79214055765095,188.9977777003924,40.20441601307189,40.10086714586936,40.30566860899,40.197847877764424,0.08697935038890582,0.20480146312063852,0.10782073122557279,0.2615599784427056,40.17537020703827,40.11360145614725,40.10086714586936,40.30566860899,40.29373197077723
P_0030_0057,30,57,-3.1184999999999974,18.0225,18.290312968891485,20,0.783,1.0,180.81088438117473,183.87235480878437,39.90278079247018,39.75439710503281,40.047172606809625,39.90222263264012,0.12500395883549012,0.2927755017768163,0.14782552760730994,0.3739150725118982,39.90673555318682,39.76865350640992,39.75439710503281,40.047172606809625,40.03415439176143
P_0030_0058,30,58,-3.1184999999999974,18.805500000000002,19.062315507303936,16,0.783,1.0,174.31843377387474,176.90169503432153,39.575402078732786,39.45234474910137,39.69566110042166,39.582828166693915,0.10368853260785639,0.2433163513202885,0.13048341759254356,0.3107488522609049,39.61703686805572,39.46803135228242,39.45234474910137,39.69566110042166,39.68106676360839
P_0030_0059,30,59,-3.1184999999999974,19.588500000000003,19.83518022353213,16,0.783,1.0,168.03948418052926,170.8225706994837,39.25880977030182,39.125375849357965,39.38913369429332,39.250399925281485,0.111658369232119,0.2637578449353555,0.13873376901183576,0.33685548523033904,39.22170335516137,39.1427324275063,39.125375849357965,39.38913369429332,39.37305430008848
P_0030_0060,30,60,-3.1184999999999974,20.371500000000005,20.60881011849059,20,0.783,1.0,160.32260404759623,164.23914419817257,38.869722863677524,38.67649104226422,39.05718967058772,38.86892986881746,0.1620733096625974,0.38069862832350054,0.19243882655324285,0.48620514472988574,38.87522116298965,38.69637661698408,38.67649104226422,39.05718967058772,39.03937085126165
P_0030_0061,30,61,-3.1184999999999974,21.1545,21.383122141071915,16,0.783,1.0,151.85116766087066,155.1948896663558,38.44258082411374,38.27981993030448,38.60116525516548,38.432346741388244,0.13557302624592374,0.32134532486100653,0.16881851377723933,0.41040271374330334,38.39784265810829,38.30220543373673,38.27981993030448,38.60116525516548,38.58070042962623
P_0030_0062,30,62,-3.1184999999999974,21.9375,22.158044780620877,20,0.783,1.0,142.4091002881928,147.1952047996004,37.96646146763018,37.7268249853297,38.19778850579706,37.96528105791947,0.19991365284981247,0.47096352046735745,0.23845607258976997,0.6014859776083747,37.97389935662375,37.753199343777965,37.7268249853297,38.19778850579706,38.17469309806887
P_0030_0063,30,63,-3.1184999999999974,22.7205,22.933516139048542,16,0.783,1.0,131.8565304216244,136.02761100527826,37.43427965925534,37.22758937739644,37.6346136685587,37.44640011320344,0.17202663015708747,0.4070242911622586,0.21881073580699706,0.5198266809224247,37.50432200194007,37.258188250531305,37.22758937739644,37.6346136685587,37.60728726759066
P_0030_0064,30,64,-3.1184999999999974,23.503500000000003,23.709482375201702,16,0.783,1.0,121.22416595857064,125.92539870290923,36.89797997867578,36.66266920561458,37.12508507945353,36.88307814046207,0.19363668796220668,0.46241587383894966,0.24200693899145875,0.5905694429616215,36.83543840461704,36.69896992776523,36.66266920561458,37.12508507945353,37.09322808485996
P_0030_0065,30,65,-3.1184999999999974,24.286500000000004,24.48589644060434,20,0.783,1.0,107.32912313117035,114.46216500117266,36.1969383659894,35.82676858489941,36.54679745994139,36.193624341498584,0.3036726190811984,0.7200288750419759,0.3668557565991719,0.9195771073333024,36.2117986296484,35.87402184968357,35.82676858489941,36.54679745994139,36.50873518332014
P_0030_0066,30,66,-3.1184999999999974,25.069500000000005,25.262717045084447,16,0.783,1.0,90.5586888881287,97.40738394191396,35.35054916928598,34.99437219676031,35.68617593925092,35.369152950369994,0.2898300645089905,0.6918037424906132,0.3747807536096843,0.8835296838960577,35.47214988782207,35.057213919265735,34.99437219676031,35.68617593925092,35.63585280875094
P_0030_0067,30,67,-3.1184999999999974,25.8525,26.03990780513633,16,0.783,1.0,71.11894146493108,80.23771210536795,34.369001384762264,33.872638696555214,34.81941186576603,34.33403599343791,0.3898175675831637,0.9467731692108146,0.4853758723281203,1.2091611356459955,34.25632206939957,33.97114202317471,33.872638696555214,34.81941186576603,34.75066531229402
P_0030_0068,30,68,-3.1184999999999974,26.6355,26.817436538565726,14,0.783,1.0,41.36589171075895,56.43672657064501,32.86475073110092,31.445389715621616,33.617265319279625,32.77095520591102,0.7097661064805905,1.9079098665182563,1.061599753149654,2.436666496191898,32.59381499969038,31.70935545276137,32.43461706066921,33.617265319279625,33.49972319715454
P_0031_0000,31,0,-2.3354999999999997,-26.6085,26.710799922503256,20,0.783,1.0,28.475418120446243,44.34461369561665,32.289501047760595,31.180016271947977,33.07728697317998,32.17926569233974,0.7578826335088388,1.897270701232003,0.999249420391763,2.4230788010625837,32.13278688022052,33.07728697317998,32.97903922373024,31.52719911262,31.180016271947977
P_0031_0001,31,1,-2.3354999999999997,-25.825499999999998,25.93088911896389,20,0.783,1.0,58.600719362834525,67.48166719318813,33.80934512517552,33.33256296955284,34.243496753495606,33.828212175859754,0.383511362358581,0.9109337839427667,0.4956492063069149,1.163389251523329,33.963057664914515,34.243496753495606,34.18672297454691,33.41522051678891,33.33256296955284
P_0031_0002,31,2,-2.3354999999999997,-25.0425,25.151170280923314,25,0.783,1.0,79.81696458911073,88.38711691198793,34.87775050856986,34.42754229385173,35.29564622443985,34.87019894556302,0.3691177827573939,0.86810393058812,0.4426566517112889,1.1086895665237801,34.89025246850622,35.29564622443985,35.25857374129737,34.47897999971991,34.42754229385173
P_0031_0003,31,3,-2.3354999999999997,-24.2595,24.371661832956732,20,0.783,1.0,96.45855399657252,101.91617326483356,35.71471709779338,35.44157612873926,35.97572935605933,35.695268450992714,0.2272090713779983,0.5341532273200755,0.2804609050666187,0.6821880297829828,35.63561845754526,35.97572935605933,35.94729670016585,35.47612161245388,35.44157612873926
P_0031_0004,31,4,-2.3354999999999997,-23.4765,23.592384629367164,20,0.783,1.0,108.87960285233757,113.64678608846997,36.33875130160048,36.10360021344286,36.56487026580186,36.3512116590393,0.1981501477117237,0.4612700523589979,0.24761144559644066,0.5891060694240075,36.414890765091,36.56487026580186,36.54233289732292,36.13036415353787,36.10360021344286
P_0031_0005,31,5,-2.3354999999999997,-22.6935,22.813362367261867,25,0.783,1.0,121.05703644512785,126.48958887595477,36.94998193318744,36.67970122307645,37.2092769377129,36.9472919172783,0.22838921358346387,0.5295757146364508,0.26759069420185,0.6763419088588133,36.95445844323035,37.2092769377129,37.19198517269456,36.701037809677246,36.67970122307645
P_0031_0006,31,6,-2.3354999999999997,-21.9105,22.034622086616324,20,0.783,1.0,131.8824061266847,135.64420347362525,37.49288792014869,37.3118010890247,37.66823233913004,37.480145098776276,0.15414061329887638,0.35643125010534504,0.18808724035376656,0.45521232452789917,37.43836502260984,37.66823233913004,37.65409255778576,37.32823448533105,37.3118010890247
P_0031_0007,31,7,-2.3354999999999997,-21.127499999999998,21.256194779404893,20,0.783,1.0,140.5516390277987,143.99822883801804,37.92731739139951,37.76291705084293,38.08675579427961,37.93647779826493,0.1411170982708883,0.3238387434366814,0.17356074742200178,0.4135871563686863,37.98119098819336,38.08675579427961,38.075152114763966,37.7763730432448,37.76291705084293
P_0031_0008,31,8,-2.3354999999999997,-20.3445,20.478116136500446,25,0.783,1.0,149.42979346928357,153.50128446374364,38.371887591867086,38.17480374733253,38.56248603704239,38.3702413240254,0.16895882056435407,0.38768228970985774,0.19543757669286776,0.4951242525030111,38.37462947423961,38.56248603704239,38.55343917709479,38.185848184417694,38.17480374733253
P_0031_0009,31,9,-2.3354999999999997,-19.5615,19.700427469981456,20,0.783,1.0,157.56507314314,160.4611157144906,38.778969455655584,38.64345066042398,38.9106471237086,38.76936540952072,0.1170762309444147,0.26719646328461977,0.14128171418788327,0.34124707954613,38.73739489010103,38.9106471237086,38.90328410301527,38.65205027035472,38.64345066042398
P_0031_0010,31,10,-2.3354999999999997,-18.7785,18.923176860664807,20,0.783,1.0,164.22377589013698,166.9229814590798,39.11193527378752,38.98666687900777,39.23369561487186,39.11905800721111,0.10899716184338651,0.2470287358640917,0.13239112820333787,0.31549008411761387,39.15350633485309,39.23369561487186,39.22777184610112,38.993649361221685,38.98666687900777
P_0031_0011,31,11,-2.3354999999999997,-17.9955,18.14642059746219,25,0.783,1.0,171.1502180753037,174.37906632219753,39.4580580634474,39.30526194856691,39.60619179139661,39.456839434052725,0.13237501707864432,0.3009298428297029,0.1515774854858165,0.38432930118736003,39.46008830234524,39.60619179139661,39.60179712404988,39.31085800390497,39.30526194856691
P_0031_0012,31,12,-2.3354999999999997,-17.2125,17.370224998542763,20,0.783,1.0,177.57087076806988,179.89732009092245,39.77869418453084,39.67273562576378,39.88189105461584,39.771082091146624,0.09265980438736629,0.2089522463954836,0.1106057810126373,0.2668611065076419,39.7457888919264,39.88168787215926,39.87834337201679,39.67685469386692,39.67273562576378
P_0031_0013,31,13,-2.3354999999999997,-16.429499999999997,16.594668737278244,20,0.783,1.0,182.87072045324072,185.05490365586252,40.04318526679756,39.94456283816703,40.13942820407783,40.048840183757605,0.08683518131017333,0.19445910928965304,0.10427734559057455,0.2483513528603487,40.07634882602673,40.13902194745668,40.136602028607,39.947665278530565,39.94456283816703
P_0031_0014,31,14,-2.3354999999999997,-15.6465,15.819845843117434,25,0.783,1.0,188.415589610568,191.03628765230172,40.31972264156957,40.198480551610544,40.43788305549748,40.31872895480386,0.10598599205868904,0.238774635025095,0.12024840319331531,0.30494844830791185,40.32137835275444,40.43725518663564,40.43584416034264,40.20068652267605,40.198480551610544
P_0031_0015,31,15,-2.3354999999999997,-14.8635,15.045869615944437,20,0.783,1.0,193.5748002297932,195.47669324172853,39.524675673134375,37.004438574124265,40.55049998026704,39.34562169905606,1.4772313001682125,3.546061406142776,2.3411831249317956,4.52881405637647,40.55049998026704,37.004438574124265,38.18647050052624,40.49396289975476,40.49273654060801
P_0031_0016,31,16,-2.3354999999999997,-14.080499999999999,14.272877793213251,20,0.783,1.0,197.84173641391203,199.6315072262857,38.210764942010876,37.03781704742278,39.36269712687573,38.01224010107519,0.8466564122038279,2.2818793341099877,1.307456280457572,2.914277565913139,39.319696381532765,37.134640937529184,38.34256127774916,37.03781704742278,38.22648486114207
P_0031_0017,31,17,-2.3354999999999997,-13.2975,13.50103945998233,25,0.783,1.0,202.30699942229606,204.44806527774745,38.37585830712378,37.16583830946792,39.567070763920526,38.16840067123356,0.8596847638395715,2.321570576505671,1.3190082147400304,2.964968807797792,39.48740888597359,37.285437526699525,38.52335544900541,37.16583830946792,38.37996318502138
P_0031_0018,31,18,-2.3354999999999997,-12.5145,12.730564421894261,20,0.783,1.0,206.45636338966756,208.0166455728289,38.68760192172938,37.31407366495142,39.71838152871425,38.52614669213706,1.0406623555279628,2.403813376909909,1.2120730271856388,3.070004312784047,39.64403275740011,37.39704955562439,39.71788704186133,37.31407366495142,38.55769044084804
P_0031_0019,31,19,-2.3354999999999997,-11.731499999999999,11.961716118517442,20,0.783,1.0,209.8785396448406,211.3451330311505,38.86967959097863,37.4237499977184,39.85947900398753,38.87261590983108,1.1521926660105521,2.435341159999439,1.4488659121126801,3.110269680714481,39.82504934588633,37.50105259330752,39.85909115771784,37.4237499977184,39.75413645452534
P_0031_0020,31,20,-2.3354999999999997,-10.9485,11.194829721795681,25,0.783,1.0,213.44407632467,215.1837356525778,39.00468664507477,37.52590409382299,40.02204064306949,39.00399823341924,1.1691922535862795,2.4958671255639615,1.4780941395962515,3.1875697644495036,39.95862600119244,37.620855312979074,40.02177121938695,37.52590409382299,39.89283453971473
P_0031_0021,31,21,-2.3354999999999997,-10.165499999999998,10.430337985894798,20,0.783,1.0,216.73742829317786,218.007870842781,39.12926068766732,37.64350124878547,40.14151287436681,39.13169081631986,1.1889341377539269,2.497826266304969,1.4881895675343912,3.190071859904175,40.11221593790515,37.70888348302651,40.14132751509044,37.64350124878547,40.052525896791735
P_0031_0022,31,22,-2.3354999999999997,-9.3825,9.668808949400127,25,0.783,1.0,219.74972769849776,221.2422295652449,39.046137328917204,37.72983826820871,40.27817933032526,39.24241599370167,1.203222257698387,2.548248809087852,1.5125777254929602,3.25446846626801,40.22480917026456,37.80955443434704,40.27808707729656,37.72983826820871,40.16979101839149
P_0031_0023,31,23,-2.3354999999999997,-8.599499999999999,8.911002216361522,20,0.783,1.0,222.5107621630354,223.6011697438684,38.850940699986,37.82847402588658,40.37772473904482,38.84861039084983,1.2186707341323606,2.5492242091297044,1.5290878441664546,3.255714187905114,37.85022733012977,37.88285859004918,40.37769823501628,37.82847402588658,40.30379377316734
P_0031_0024,31,24,-2.3354999999999997,-7.816499999999998,8.15795516658433,20,0.783,1.0,224.74873219210764,225.7632262461091,38.93031726693376,37.90020475224077,40.468873836689,38.93147004305664,1.2279820038067588,2.5686690844482314,1.5374037936323575,3.2805480005724537,37.93706365213285,37.94993403804955,40.468873836689,37.90020475224077,40.40127393617104
P_0031_0025,31,25,-2.3354999999999997,-7.0335,7.411118842657969,25,0.783,1.0,227.0304109092835,228.19652354492192,39.011102904340035,37.965748944758616,40.57131079903229,39.010467244636324,1.2417892356292002,2.605561854273674,1.5608435543959658,3.3276652034146537,37.999638723211376,38.02526185296796,40.57131079903229,37.965748944758616,40.49037590321137
P_0031_0026,31,26,-2.3354999999999997,-6.250499999999999,6.672578999157671,20,0.783,1.0,229.0819787834626,229.9329978529073,39.42868502235571,38.041103711453104,40.64426262707593,39.77194831210345,0.9354971796107109,2.5880177215364597,1.715703406563975,3.305258903622554,38.05624490553947,39.80903542119029,40.64426262707593,39.75990806745301,40.59029053925855
P_0031_0027,31,27,-2.3354999999999997,-5.467499999999998,5.94542820156799,20,0.783,1.0,230.70559840065835,231.48667317795795,39.48829722542469,38.093290314727824,40.70939077362601,39.836456880241485,0.9374258777216451,2.5905908068876897,1.7176569135031627,3.308545091810587,38.11879996673832,39.86830470688653,40.70939077362601,39.824516536449664,40.66127241750689
P_0031_0028,31,28,-2.3354999999999997,-4.6845,5.234415010294846,25,0.783,1.0,232.31177544025263,233.17645996354884,39.547090934204526,38.13972158274521,40.780005371152015,39.89629019207806,0.9460104720884581,2.6175929174752923,1.7338777384013397,3.343030545945456,38.16241245367672,39.93254421689193,40.780005371152015,39.88202205284182,40.72446686582782
P_0031_0029,31,29,-2.3354999999999997,-3.9014999999999986,4.5471158441368065,20,0.783,1.0,233.70119838628062,234.32962971496136,39.59775274419586,38.18981339649201,40.82799896436137,39.94827838323071,0.9531865325208475,2.6275930841887885,1.747872503058126,3.3558021509435356,38.20040588017258,39.97618403801994,40.82799896436137,39.944095836426015,40.79270719717363
P_0031_0030,31,30,-2.3354999999999997,-3.1184999999999974,3.896100935550821,20,0.783,1.0,234.74625461795114,235.30853488594792,39.63565893979977,38.223626584942565,40.86853954929131,39.98930632567452,0.954463962139884,2.6284310456923023,1.7491978220755087,3.3568723444346134,38.24010850359901,40.01302513742184,40.86853954929131,39.98602879392519,40.83882964413522
P_0031_0031,31,31,-2.3354999999999997,-2.3354999999999997,3.302895774922363,25,0.783,1.0,235.71076037237083,236.2896585228336,39.67038292210512,38.25194573287985,40.90884533677189,40.02457485963489,0.9595505621913666,2.6431335964318166,1.7588631192948156,3.37564954844421,38.26571174034007,40.049616684224304,40.90884533677189,40.02118133618387,40.87751920065432
P_0031_0032,31,32,-2.3354999999999997,-1.5524999999999984,2.804428016548115,20,0.783,1.0,236.46591786128297,236.88208073209168,39.34450754083109,38.27969547882071,40.92753985487832,39.168732519257844,1.1090768445243036,2.629642866060628,1.7468003261519627,3.3584200077402655,38.28588997934918,38.29029530044403,38.29626258707896,40.05568188400724,40.91553284540981
P_0031_0033,31,33,-2.3354999999999997,-0.7695000000000007,2.459001931678786,20,0.783,0.55,130.24679752450953,237.00357327224089,35.70108472956941,33.19095326010586,38.29748355886653,35.77540556147643,2.1527645999751126,5.102867947829964,2.5844523013705754,6.517072730306467,33.1963043351289,33.19095326010586,37.10155967690287,38.29382120793582,37.094389327308704
P_0031_0034,31,34,-2.3354999999999997,0.013500000000000512,2.3355390170151296,25,0.783,0.04,9.477926461493507,236.94816153733768,33.25604779947273,32.387762295267805,37.10338407597891,33.81467363101304,1.6737394108991843,4.715539700687543,3.288710444965872,6.022400639447692,33.198177395770585,33.19248725664909,32.387844375291365,33.19147505137522,37.10338407597891
P_0031_0035,31,35,-2.3354999999999997,0.7965000000000018,2.4675843450630013,20,0.783,0.0,0.0,0.0,33.034808802993915,32.38714226153735,33.20127995076592,32.87149975434234,0.3952236387215153,0.8111864948191965,0.48435749280498896,1.0359980776745803,33.198328756356545,33.19177901181348,32.38714226153735,33.19247156984517,32.38777717215913
P_0031_0036,31,36,-2.3354999999999997,1.5794999999999995,2.8194645768301463,20,0.783,0.0,0.0,0.0,32.67969331968411,31.83499282481489,33.20013779330901,32.434009642307124,0.43376822287306005,1.3563399476884683,0.7573231301962338,1.7322349268051958,32.3812189039914,32.37571766897793,31.83499282481489,33.19133277250336,32.38678604124806
P_0031_0037,31,37,-2.3354999999999997,2.3625000000000007,3.3220425192944174,25,0.783,0.0,0.0,0.0,31.813832278937383,31.457662337374305,32.3800006729727,31.865168293492538,0.29200062254413256,0.9129726599620689,0.5099047182725016,1.165993180028185,31.8296854027858,31.82446609192141,31.46210035180297,32.37507301176504,31.83451660918746
P_0031_0038,31,38,-2.3354999999999997,3.145500000000002,3.9177455889835433,20,0.783,0.8,189.21981879959247,236.79199677526145,36.42499371454202,31.455603643729773,41.53839539524694,35.577138658808416,3.1602570575040674,8.137751798859995,4.121535015078642,10.393041888710082,36.31699604825167,38.09450894084222,39.59335544258977,31.455603643729773,32.42522921862866
P_0031_0039,31,39,-2.3354999999999997,3.9284999999999997,4.57030332691387,20,0.783,1.0,235.96021608188386,236.43104152482488,41.466401330766345,40.72315442876817,41.884527043507376,41.31160063999782,0.3364477328519283,1.0512541101255692,0.5884462112296518,1.3425978417951074,41.35171243544937,41.342985382813424,41.77440853889374,40.72315442876817,41.365742414064414
P_0031_0040,31,40,-2.3354999999999997,4.711500000000001,5.258592254586773,25,0.783,1.0,235.04361079307506,235.69815413538495,41.9000141701299,41.67314675051375,42.20529600277956,41.941838163323176,0.18791132267488458,0.5135803486912209,0.263457839456386,0.655913599861074,42.03541876969609,42.01107735170064,42.20529600277956,41.765683038351256,41.69171565408834
P_0031_0041,31,41,-2.3354999999999997,5.494500000000002,5.9702672050754995,20,0.783,1.0,233.91025141070008,234.53372030225992,42.12170155106139,41.93794459504204,42.281041563929136,42.13129768519137,0.10288500564940074,0.30867364502512373,0.18046090170251716,0.39421921459147347,42.13451824220846,42.11900284212845,42.25951042851398,41.95083678348885,42.192620129617126
P_0031_0042,31,42,-2.3354999999999997,6.277500000000003,6.697877760903079,25,0.783,1.0,232.53927687977313,233.400327339182,42.25432124897091,42.10422016443516,42.32010938076513,42.22622196383836,0.06661621416260086,0.18124787131267794,0.12200179940320055,0.23147876285144053,42.2133133126348,42.28361024526527,42.28546803574784,42.10422016443516,42.24449806110874
P_0031_0043,31,43,-2.3354999999999997,7.060500000000005,7.436747978787507,20,0.783,1.0,230.94302297890718,231.72610708978283,42.3076733427263,42.266909638938046,42.3474389958152,42.317871964919036,0.023139680034755274,0.0612205055736581,0.031728695296393994,0.07818710801233474,42.31938611502744,42.29825593066039,42.3473637751963,42.28614326962264,42.33821073408842
P_0031_0044,31,44,-2.3354999999999997,7.843499999999999,8.183828718882133,20,0.783,1.0,229.31930287856056,230.17619104682228,42.32151920155337,42.28856866955493,42.35742118271645,42.31194053626287,0.024657771104966926,0.06884740036259274,0.04547553365465262,0.08792771438389876,42.31374129534589,42.28856866955493,42.29171769632029,42.30825895017568,42.35741606991752
P_0031_0045,31,45,-2.3354999999999997,8.6265,8.937061178038338,25,0.783,1.0,227.25582377292847,228.4344169065543,42.21895605079129,42.16707029330939,42.26866945667928,42.218240804355446,0.04411548316113158,0.10152518044281322,0.051170511046052525,0.12966178856042557,42.22014799271443,42.16707029330939,42.16987969178024,42.26551057022096,42.26859547375221
P_0031_0046,31,46,-2.3354999999999997,9.409500000000001,9.69501162969906,20,0.783,1.0,224.9485835004789,225.9796759955711,42.10188595778347,42.05847447185141,42.143793123804016,42.104098421621316,0.03744620186663095,0.08514671792374884,0.04562394976990447,0.10874421190772521,42.11653475999691,42.05847447185141,42.06097607782954,42.14088560865355,42.14362118977516
P_0031_0047,31,47,-2.3354999999999997,10.192500000000003,10.45665417330037,20,0.783,1.0,222.67391665604205,223.7867533199055,41.98660568608665,41.93939241650878,42.03238082995279,41.98304288281146,0.04080368310878764,0.09272779376265561,0.04907732745997606,0.1184263011017313,41.97244977379603,41.93939241650878,41.941551090517805,42.02970092296323,42.03212021027144
P_0031_0048,31,48,-2.3354999999999997,10.975500000000004,11.221237030737747,25,0.783,1.0,219.85338234475347,221.3829004916749,41.84380074349676,41.77521506383192,41.91036684565688,41.84302828947417,0.05945901303241706,0.1347924060984269,0.06781322564224723,0.17214866679237154,41.84508798489389,41.77521506383192,41.77689053203045,41.90794039668424,41.91000746993035
P_0031_0049,31,49,-2.3354999999999997,11.758499999999998,11.988197633506045,20,0.783,1.0,216.76066332214333,218.06965082271347,41.68734238201039,41.631081758513005,41.742339292998565,41.69040851486369,0.04956806740517036,0.1107590378485952,0.05932675635068563,0.14145470989603473,41.70652805968206,41.631081758513005,41.63232210972541,41.740269850036384,41.7418407963616
P_0031_0050,31,50,-2.3354999999999997,12.5415,12.757107136808091,20,0.783,1.0,213.75876942894297,215.16144572636452,41.535582098667156,41.47503470638782,41.59497581940428,41.531043402422505,0.05340627447400817,0.11929768810671249,0.06328899207202454,0.15235975492555873,41.51685024174407,41.47503470638782,41.47579148542991,41.59320818405621,41.59433239449453
P_0031_0051,31,51,-2.3354999999999997,13.3245,13.527633218711985,25,0.783,1.0,210.08222311879075,212.0131477932558,41.349820780092685,41.26233235011438,41.4356348043695,41.34896200597932,0.07694707591706286,0.17239066588809493,0.08662965586493954,0.22016687852885686,41.35125180409909,41.26233235011438,41.26240749780919,41.43409536187147,41.43472301600247
P_0031_0052,31,52,-2.3354999999999997,14.107500000000002,14.299514554697303,20,0.783,1.0,206.08977776762603,207.7219426942599,41.148194558697085,41.07668963958497,41.21855417886593,41.15223282059403,0.06358659737135898,0.1406468515102688,0.07554318100905988,0.17962560856994736,41.1726436697233,41.07723036701873,41.07668963958497,41.21733649109524,41.21726393554792
P_0031_0053,31,53,-2.3354999999999997,14.890500000000003,15.072542934090453,20,0.783,1.0,202.24312394547988,203.98741107167547,40.954008334533455,40.876764448715846,41.02970682121151,40.948311433080775,0.06817366571058646,0.15201559077388538,0.08046860640895659,0.1941450712310158,40.92994473350598,40.87799353109944,40.876764448715846,41.02878003948973,41.0280744125929
P_0031_0054,31,54,-2.3354999999999997,15.673500000000004,15.84655049214182,25,0.783,1.0,197.55673098347393,199.96728784422135,40.71750807245896,40.605437528770494,40.82649748779591,40.71651481737031,0.09778313334488642,0.22043300902964802,0.11107728859981592,0.2815236386074687,40.71916306668823,40.60764615956771,40.605437528770494,40.82587053780014,40.82445679402497
P_0031_0055,31,55,-2.3354999999999997,16.4565,16.621400437387937,20,0.783,1.0,192.48467948336597,194.51125680024805,40.461613641641534,40.369873477322926,40.55097441323966,40.46680997867244,0.08061182279008167,0.1806955907375709,0.0969365013495107,0.23077342367505863,40.49248237619156,40.37297845426605,40.369873477322926,40.5505690680605,40.54814651752116
P_0031_0056,31,56,-2.3354999999999997,17.2395,17.39698021209428,20,0.783,1.0,187.6051121601678,189.77395559728055,40.21548242767866,40.11641010440184,40.31179325742573,40.208329777551896,0.0864334789283293,0.19518088643036435,0.10326121328030524,0.2492731627463146,40.18487222683774,40.12053158598826,40.11641010440184,40.3115909908322,40.308243979699455
P_0031_0057,31,57,-2.3354999999999997,18.0225,18.173196375431594,25,0.783,1.0,181.6572771246209,184.67598419052837,39.915514399328785,39.7719071369263,40.05446130925361,39.91429634493172,0.1241580936333989,0.28255417232730906,0.14238920800541877,0.3608610119122721,39.917543684735165,39.77750532535276,39.7719071369263,40.05446130925361,40.05006426839077
P_0031_0058,31,58,-2.3354999999999997,18.805500000000002,18.94997072557106,20,0.783,1.0,175.2036525966734,177.74525227987647,39.59007439471423,39.47170283197045,39.70493930665168,39.596737714014864,0.10276269578198238,0.23323647468123454,0.12503488204441737,0.29787544659161497,39.62934578561942,39.47868716293437,39.47170283197045,39.70493930665168,39.69901348289841
P_0031_0059,31,59,-2.3354999999999997,19.588500000000003,19.72723732558617,20,0.783,1.0,168.96523221164915,171.70366889726003,39.27550788815265,39.146891533973815,39.40028468847299,39.266364437088,0.11083783208998264,0.25339315449917876,0.13392025138499264,0.32361833269371487,39.2362334255086,39.155492642110175,39.146891533973815,39.40028468847299,39.392919895374405
P_0031_0060,31,60,-2.3354999999999997,20.371500000000005,20.5049401974256,25,0.783,1.0,161.302770195012,165.16412000848572,38.88914393665518,38.70127351731065,39.07053194247419,38.887498487141045,0.16072274651610852,0.3692584251635367,0.18622496983039127,0.47159441272482333,38.89188446761398,38.712318793866245,38.70127351731065,39.07053194247419,39.06148371444016
P_0031_0061,31,61,-2.3354999999999997,21.1545,21.28303151574042,20,0.783,1.0,152.89743341074646,156.186417335226,38.465313013613056,38.307830812427824,38.61783539948533,38.454192576816254,0.1343921813582074,0.3100045870575059,0.16364282266907537,0.3959190128448351,38.41777865075221,38.32128700426654,38.307830812427824,38.61783539948533,38.60623101714936
P_0031_0062,31,62,-2.3354999999999997,21.9375,22.061470179931344,25,0.783,1.0,143.53912086790024,148.25267433280584,37.993394399342726,37.759985127963375,38.2177603646673,37.99115342692443,0.19784388730272068,0.45777523670392384,0.23116829896105173,0.5846427033255732,37.99712505413686,37.777275972458426,37.759985127963375,38.2177603646673,38.203620615396176
P_0031_0063,31,63,-2.3354999999999997,22.7205,22.840220675378774,20,0.783,1.0,133.09449534581415,137.19067236003607,37.46663303569156,37.26620027241472,37.65987985359988,37.477398707946804,0.16963990181361685,0.393679581185161,0.21119843553208284,0.5027836285889667,37.53170272362616,37.28753464255874,37.26620027241472,37.65987985359988,37.64167604753453
P_0031_0064,31,64,-2.3354999999999997,23.503500000000003,23.61925215793252,20,0.783,1.0,122.59131491169646,127.20089226208908,36.9368283082019,36.7086319288286,37.15599648298604,36.92067997769541,0.1910616128743012,0.4473645541574385,0.23531650529063342,0.5713468124616072,36.86991779119836,36.73539202830801,36.7086319288286,37.15599648298604,37.13346165715603
P_0031_0065,31,65,-2.3354999999999997,24.286500000000004,24.398537712330224,25,0.783,1.0,108.90780065835634,115.89056180042544,36.24643560040165,35.886834848338594,36.58539618532279,36.241534619290846,0.29819876635028536,0.6985613369841985,0.35469977095225147,0.8921600727767541,36.25457387555196,35.92390023078798,35.886834848338594,36.58539618532279,36.55696795645292
P_0031_0066,31,66,-2.3354999999999997,25.069500000000005,25.17805374726173,20,0.783,1.0,92.4830184295358,99.13398984393804,35.41747084092479,35.07446256664372,35.739790799409946,35.4335672602445,0.28184939976745244,0.6653282327662282,0.35910469360078423,0.8497167723706618,35.52782667056505,35.12588904942834,35.07446256664372,35.739790799409946,35.69986721517546
P_0031_0067,31,67,-2.3354999999999997,25.8525,25.95777949863971,20,0.783,1.0,73.67834909860477,82.40169104321872,34.46798215303659,33.99826672743876,34.895084682949346,34.43175004364635,0.37371250645837195,0.8968179555105849,0.46333463930299246,1.1453613735767367,34.34617075133053,34.08090451196563,33.99826672743876,34.895084682949346,34.83832354454751
P_0031_0068,31,68,-2.3354999999999997,26.6355,26.73769661919291,20,0.783,1.0,43.97333021818906,59.68491990761972,32.96714568059664,31.86506692429265,33.74769990901234,32.85742896577608,0.7514144191861003,1.8826329847196916,0.9923620414834318,2.404384399386579,32.81277958194369,32.21212215102554,31.86506692429265,33.74769990901234,33.649476262606186
P_0032_0000,32,0,-1.5524999999999984,-26.6085,26.653752615719984,16,0.783,1.0,32.04613225918797,45.95000842534546,32.439714302641335,31.58032910038378,33.13150974537501,32.352318327200784,0.663009748953925,1.5511806449912342,0.7791914181742285,1.98107362067846,32.26262342323776,33.13150974537501,33.09476198239622,31.692367384611146,31.58032910038378
P_0032_0001,32,1,-1.5524999999999984,-25.825499999999998,25.87212218779124,16,0.783,1.0,60.32572345875505,68.56815329976807,33.86624671391194,33.42979424572599,34.27153031244808,33.88497131307472,0.37113557344065523,0.8417360667220919,0.4551770673487354,1.0750141337446895,34.01059537885254,34.27153031244808,34.25313429389297,33.459802334454025,33.42979424572599
P_0032_0002,32,2,-1.5524999999999984,-25.0425,25.09057716554165,20,0.783,1.0,81.09445083250105,89.21580870815208,34.91207963736065,34.48758370045664,35.3107004567118,34.904907682551105,0.3626132470847656,0.8231167562551605,0.41732398209446586,1.0512346823182126,34.92128343133902,35.3107004567118,35.30144333802485,34.50352748622322,34.48758370045664
P_0032_0003,32,3,-1.5524999999999984,-24.2595,24.309125786420207,16,0.783,1.0,97.51092230429842,102.6298524618465,35.73771388483347,35.48142182061389,35.985007043939845,35.71867174069977,0.22435431384397791,0.5035852233259561,0.26633530324007637,0.6431484333664829,35.65761474612714,35.985007043939845,35.97982404474703,35.48949104807093,35.48142182061389
P_0032_0004,32,4,-1.5524999999999984,-23.4765,23.52777738121474,16,0.783,1.0,109.80724384482073,114.28134299626149,36.355481393841956,36.13412894467683,36.57044903208396,36.36809541805444,0.1959479954414216,0.43605317242429464,0.23396647337760612,0.5569006033515895,36.429846845991904,36.570182117101126,36.567798058556434,36.13852112394591,36.13412894467683
P_0032_0005,32,5,-1.5524999999999984,-22.6935,22.746542561453158,20,0.783,1.0,121.88605913435546,127.05330674267208,36.961765974400734,36.70372745664463,37.21208446521536,36.95940119886679,0.226522189875632,0.5074358851215948,0.25567374222216444,0.6480662645231096,36.96552949628483,37.21104595125075,37.21116334176622,36.70553974838754,36.70372745664463
P_0032_0006,32,6,-1.5524999999999984,-21.9105,21.96543344666797,16,0.783,1.0,132.63774134870863,136.16515392255846,37.50098274869612,37.329422659569786,37.669848659995466,37.48863934706079,0.15306277480362024,0.3400691188441556,0.1808524313531521,0.43431560516494966,37.446464942754346,37.66786712037759,37.66949177841394,37.329422659569786,37.32995023418829
P_0032_0007,32,7,-1.5524999999999984,-21.127499999999998,21.184463941766378,16,0.783,1.0,141.25592911391175,144.4846543427774,37.93286098812852,37.77554435837112,38.08751020008151,37.9423276860778,0.14019231468701773,0.3119658417103892,0.16678332770668192,0.3984238080592455,37.9864166328191,38.08467087720823,38.08751020008151,37.77554435837112,37.77749636190907
P_0032_0008,32,8,-1.5524999999999984,-20.3445,20.40365007786597,20,0.783,1.0,150.0877490449273,153.95279503893897,38.375119157687664,38.18338379005212,38.5627308324535,38.373858503951794,0.1680659676167349,0.3793470424013776,0.1904747138996754,0.48447898135552697,38.378021237898736,38.55866549769229,38.5627308324535,38.18338379005212,38.18649116166233
P_0032_0009,32,9,-1.5524999999999984,-19.5615,19.623010434181598,16,0.783,1.0,158.1848116376902,160.88956999848517,38.78029706179291,38.647925963467,38.91055609275361,38.77112467227481,0.11651816376997674,0.262630129286606,0.1394314204788003,0.33541523535965007,38.73925270371973,38.9056827203367,38.91055609275361,38.647925963467,38.65220588109702
P_0032_0010,32,10,-1.5524999999999984,-18.7785,18.842566664337426,16,0.783,1.0,164.81500894980854,167.33168691093454,39.11184493993934,38.98842637442488,39.23331742413842,39.1193489482205,0.10854295945768112,0.24489104971353726,0.13092257379561545,0.31275996131997097,39.15376544169379,39.22775308615422,39.23331742413842,38.98842637442488,38.99348241469119
P_0032_0011,32,11,-1.5524999999999984,-17.9955,18.062344158497257,20,0.783,1.0,171.714111416922,174.76674560917976,39.4566097678626,39.304692715487874,39.60550841759067,39.45581835168183,0.13187976733835605,0.3008157021027955,0.15112563619395303,0.38418352758977714,39.459266446335846,39.59920976422825,39.60550841759067,39.304692715487874,39.31041441476651
P_0032_0012,32,12,-1.5524999999999984,-17.2125,17.282372883953173,16,0.783,1.0,178.1112072726384,180.2705308037356,39.77607748355591,39.66968528658418,39.88079485567596,39.768922827251615,0.09234266532200784,0.21110956909177503,0.11187202842434374,0.26961630790775865,39.744025880354,39.87399180759349,39.88079485567596,39.66968528658418,39.67611630605046
P_0032_0013,32,13,-1.5524999999999984,-16.429499999999997,16.50268846279296,16,0.783,1.0,183.3928586159615,185.41535603179005,40.03966717761398,39.939804622221686,40.13794433413926,40.045747848187624,0.08662598998050211,0.19813971191757673,0.10594322596593742,0.2530519947861772,40.0735691562308,40.13069719264922,40.13794433413926,39.939804622221686,39.94672393569715
P_0032_0014,32,14,-1.5524999999999984,-15.6465,15.723333568299058,20,0.783,1.0,188.91978493186207,191.38279572995424,40.315316975295694,40.19221628728417,40.43597612411821,40.314778789040794,0.10570566298301942,0.24375983683404456,0.12256250175662586,0.31131524499877977,40.3178909338381,40.42824440889723,40.43597612411821,40.19221628728417,40.19956619106625
P_0032_0015,32,15,-1.5524999999999984,-14.8635,14.944359755439509,16,0.783,1.0,194.063184333106,195.8133992260364,39.301039015738205,36.96882300139106,40.54837783120075,39.39920168991743,1.4351132411598349,3.543637221604058,2.396455481051973,4.525718035254225,40.54638343046952,38.46940529170013,37.00274620886546,40.48482655602777,40.492646962524304
P_0032_0016,32,16,-1.5524999999999984,-14.080499999999999,14.16582989097356,16,0.783,1.0,198.31768226319855,199.9594390883245,38.20161007972365,37.03610402756516,38.636418208075725,37.981371177131656,0.7339810516949276,1.5939619993910128,0.9452671495664973,2.035711365761191,38.597226899283214,38.63006602695617,37.13286928179008,38.51058965006365,37.03610402756516
P_0032_0017,32,17,-1.5524999999999984,-13.2975,13.387821424712834,20,0.783,1.0,202.77050836859468,204.7662806751805,38.36580925281338,37.164048157248544,38.82268599266695,38.136488827070096,0.7476184272822118,1.652122698120813,0.9724406698215518,2.109990674483797,38.750081730617865,38.81617085536936,37.28357819969267,38.66856519242202,37.164048157248544
P_0032_0018,32,18,-1.5524999999999984,-12.5145,12.610430860997573,16,0.783,1.0,206.90879370484552,208.32796272283312,38.518274985862206,37.31219817431986,38.96057084453855,38.281122315292876,0.758421763333357,1.6417420394190003,0.9689241409730158,2.0967331282490425,38.89282899169285,38.95394021373886,37.39512807710378,38.851516119609016,37.31219817431986
P_0032_0019,32,19,-1.5524999999999984,-11.731499999999999,11.833779975138967,16,0.783,1.0,210.32218598943493,211.65023801005475,38.743457958591215,37.42181398500969,39.091750102191895,38.728121245116355,0.6541851640250945,1.6699361171822034,1.3063072601066636,2.1327408903987273,39.05780325591019,39.08233748791662,39.091750102191895,38.9869013945534,37.42181398500969
P_0032_0020,32,20,-1.5524999999999984,-10.9485,11.058024620157074,20,0.783,1.0,213.8788975783657,215.48193505662192,39.17717748701583,39.11302109510223,39.23986438791894,39.17703235622152,0.05265418087171394,0.1268432928167087,0.06401126111928335,0.16199654255007495,39.179536355002654,39.23026737659177,39.23986438791894,39.11302109510223,39.12247256649198
P_0032_0021,32,21,-1.5524999999999984,-10.165499999999998,10.283367468879051,16,0.783,1.0,217.1643726739217,218.30116354592937,39.303933313425325,39.2582337198366,39.34871179911352,39.30665868926246,0.03695459845069442,0.09047807927691309,0.04842496942585939,0.11555310252479321,39.319499215427015,39.33898394739742,39.34871179911352,39.2582337198366,39.26786476453776
P_0032_0022,32,22,-1.5524999999999984,-9.3825,9.510076892433625,20,0.783,1.0,220.16971361468904,221.5300831495905,39.41973465834455,39.36486652683129,39.473213611669394,39.41962800986846,0.044299912140426,0.10834708483810118,0.054761483037168546,0.13837431013806026,39.42209405230932,39.46334090887615,39.473213611669394,39.36486652683129,39.37462494965615
P_0032_0023,32,23,-1.5524999999999984,-8.599499999999999,8.738515692038321,16,0.783,1.0,222.9245629456327,223.88517933568116,39.525744393115126,39.48671554441432,39.56388846870817,39.52355750723543,0.030590689757896364,0.0771729242938548,0.04033096147274051,0.09856056742510191,39.51665510400397,39.55391352003807,39.56388846870817,39.48671554441432,39.49661489901263
P_0032_0024,32,24,-1.5524999999999984,-7.816499999999998,7.969186188062114,16,0.783,1.0,225.15766674010547,226.04380678411127,39.6115483790251,39.57534906202267,39.64687573721744,39.61366113085595,0.028333154059742318,0.07152667519477518,0.038312068833285196,0.09134952132155195,39.62392338215051,39.63680967188623,39.64687573721744,39.57534906202267,39.58534780100291
P_0032_0025,32,25,-1.5524999999999984,-7.0335,7.202803516687096,20,0.783,1.0,227.4345259496513,228.4733590412892,39.69888296212504,39.65635796552744,39.74009859907045,39.698816008548874,0.03325352677117888,0.08374063354300887,0.04245804302143341,0.10694844641508157,39.701245187688016,39.72993312646736,39.74009859907045,39.65635796552744,39.66644516399111
P_0032_0026,32,26,-1.5524999999999984,-6.250499999999999,6.4404197456377,16,0.783,1.0,229.48188536700025,230.2072418933724,39.7772549991884,39.74718539944291,39.80647514571075,39.77569672528151,0.022531234031191897,0.05928974626783656,0.030778420429236064,0.07572125960132384,39.77121320039981,39.79624095587087,39.80647514571075,39.74718539944291,39.75736892498321
P_0032_0027,32,27,-1.5524999999999984,-5.467499999999998,5.683644297455636,16,0.783,1.0,231.1022744047427,231.7586641873652,39.83913062404201,39.811699750503465,39.86571952908861,39.840672253049284,0.020480675690297292,0.054019778585143285,0.028972502545819623,0.068990777247948,39.84856664819182,39.855425646781214,39.86571952908861,39.811699750503465,39.82194969068132
P_0032_0028,32,28,-1.5524999999999984,-4.6845,4.935057902395878,20,0.783,1.0,232.70535858313798,233.44608604106685,39.900159212458775,39.86912376505609,39.92993291919066,39.900117778893296,0.023073523404250895,0.06080915413457433,0.030994013837208456,0.07766175496114218,39.90252455816261,39.91957643751846,39.92993291919066,39.86912376505609,39.87943121453867
P_0032_0029,32,29,-1.5524999999999984,-3.9014999999999986,4.199042569443656,16,0.783,1.0,234.0922049942132,234.59770877381555,39.95274917066734,39.93111249971474,39.97355566660548,39.95177296533658,0.015111693164661133,0.042443166890734574,0.021782701268897142,0.05420583255521657,39.9495584279519,39.96315827437985,39.97355566660548,39.93111249971474,39.941479958030925
P_0032_0030,32,30,-1.5524999999999984,-3.1184999999999974,3.483575533844498,16,0.783,1.0,235.13541164590515,235.5753619353501,39.99210013523303,39.97299028224808,40.01038295770121,39.993094931526045,0.013237526471493004,0.03739267545313396,0.02010464927796818,0.04775565191971132,39.99875226265607,39.99995248658513,40.01038295770121,39.97299028224808,39.98339666843975
P_0032_0031,32,31,-1.5524999999999984,-2.3354999999999997,2.804428016548115,20,0.783,1.0,236.09831524093912,236.5553228473416,40.02815005296269,40.00809865754076,40.04696169286353,40.02812293821179,0.013591869673829244,0.038863035322776796,0.02002428067103068,0.049633506159357334,40.030517596668574,40.03650054108465,40.04696169286353,40.00809865754076,40.01853620290143
P_0032_0032,32,32,-1.5524999999999984,-1.5524999999999984,2.195566555584228,16,0.783,0.875,207.2120901538919,237.03588444763668,39.568146808515486,36.154586974094,40.068720789500446,39.27489782084801,1.560177683408079,3.9141338154064442,3.120310846754009,4.998893761694053,40.05559741009472,36.154586974094,40.068720789500446,40.04255901860614,40.05302491194476
P_0032_0033,32,33,-1.5524999999999984,-0.7695000000000007,1.7327395938224521,16,0.783,0.0,0.0,0.0,34.607344742628314,34.37816484313953,36.16172422831835,34.74124894617298,0.7078804778117065,1.7765762617285645,1.4157393674641199,2.268935200164195,34.387555294945855,34.380412051908536,34.39245126705629,36.1569883136371,34.38883780331713
P_0032_0034,32,34,-1.5524999999999984,0.013500000000000512,1.5525586945426557,20,0.783,0.0,0.0,0.0,33.96661390012968,33.185981186407616,34.39076928742833,33.906589777629584,0.5860585490939786,1.2024472331899574,0.7182677233912145,1.5356925072668677,34.39076928742833,34.383227906303205,33.189334259039526,34.3812953811385,33.18832205423837
P_0032_0035,32,35,-1.5524999999999984,0.7965000000000018,1.7448978480128852,16,0.783,0.0,0.0,0.0,33.78625885625857,33.185366286681585,34.38748477376004,33.66595788806582,0.5854265244887356,1.1973761027924752,0.7173529559843672,1.5292159678064816,33.18593474125771,34.382598418192515,33.188626749810965,34.383310844050186,33.1893186870177
P_0032_0036,32,36,-1.5524999999999984,1.5794999999999995,2.2147407297469366,16,0.783,0.0,0.0,0.0,33.35720533734237,32.37314433658054,34.38621316116712,33.2606329952054,0.6424179685650389,2.0088958671429396,1.1214072085180788,2.565639677066334,33.183705898164135,33.17609372765628,32.37314433658054,34.38204020372348,33.188180809902576
P_0032_0037,32,37,-1.5524999999999984,2.3625000000000007,2.8269528648352096,20,0.783,0.0,0.0,0.0,32.21620430336675,31.81602661888752,33.17521702807062,32.31090428629092,0.49752227743863203,1.3591904091830997,0.864312741779699,1.735875362941379,32.3683484716226,31.81602661888752,31.82242931704542,33.17521702807062,32.372499995828434
P_0032_0038,32,38,-1.5524999999999984,3.145500000000002,3.507766597138414,16,0.783,0.25,59.18943805639149,236.814940506334,34.29290425582457,31.453479971158743,38.34347470978855,34.16516553596723,2.1921620313487975,6.639776142169694,3.928637030274885,8.479918444661168,33.24066373224872,34.43446833966334,38.09380256624212,33.60286661760955,31.454026424072424
P_0032_0039,32,39,-1.5524999999999984,3.9284999999999997,4.224141155311928,16,0.783,1.0,236.35122268981638,236.69912058367893,41.086566916075725,40.70363360535703,41.52193305986981,41.207446233585145,0.3134735035105382,0.7894130643813924,0.48477465844452183,1.0081903759660182,41.512084639522016,41.498748388188176,41.34223303460351,40.96149353047139,40.72267157514062
P_0032_0040,32,40,-1.5524999999999984,4.711500000000001,4.960694356640006,20,0.783,1.0,235.43719393596038,235.96778021290297,41.61513241761361,41.31832841283915,42.00976804624486,41.62572895171436,0.2620920091527898,0.6818144844505696,0.38403909453050034,0.8707720107925537,41.74251657677132,41.715319255251416,42.00976804624486,41.32795356179429,41.33308731850991
P_0032_0041,32,41,-1.5524999999999984,5.494500000000002,5.70962227297043,16,0.783,1.0,234.3069274147844,234.8057113116672,41.987912650564766,41.63189700327433,42.16328317883983,41.9205571046348,0.168361541182253,0.5171132310474604,0.2886601013604704,0.6604255824360925,41.9216825690184,41.90284334927162,42.14901023432179,41.63189700327433,41.997352367287874
P_0032_0042,32,42,-1.5524999999999984,6.277500000000003,6.466626825478647,20,0.783,1.0,232.9396308188153,233.67457137964712,42.16215613315061,42.06422195866793,42.30225934842144,42.189714800560886,0.07172721715147913,0.19945562261772665,0.11254454786055135,0.2547325959357939,42.22849347358476,42.18854024749743,42.30225934842144,42.12647720749709,42.10280372580371
P_0032_0043,32,43,-1.5524999999999984,7.060500000000005,7.22917121805813,16,0.783,1.0,231.34763093910175,232.00364552405784,42.251571436518276,42.170740019763855,42.31611339709826,42.246484635879526,0.04633822206856943,0.12549543898649063,0.07574461611567074,0.16027514557661637,42.26325996087252,42.21792866784665,42.296235458750346,42.170740019763855,42.28425907216428
P_0032_0044,32,44,-1.5524999999999984,7.843499999999999,7.995670609773765,16,0.783,1.0,229.72823742655845,230.45677158482445,42.29483701186287,42.27543359130982,42.330638364744345,42.29431721067732,0.011530132485829542,0.029696926711778815,0.017856775186430696,0.03792710946587333,42.30605329204462,42.27646043549089,42.28637936881762,42.2965355948308,42.30615736220267
P_0032_0045,32,45,-1.5524999999999984,8.6265,8.765087478171568,20,0.783,1.0,227.6702864364995,228.71842649836705,42.210135721162864,42.155192917627744,42.26333407533031,42.20992002393407,0.04421004067730607,0.10814115770256905,0.05472710630632349,0.13811131251924527,42.21267838525614,42.155192917627744,42.16494882035789,42.25344592109826,42.26333407533031
P_0032_0046,32,46,-1.5524999999999984,9.409500000000001,9.536715708250929,16,0.783,1.0,225.36928834885134,226.2685591458619,42.093371812410474,42.04680633048707,42.138778878393225,42.0960735407156,0.037648479914569266,0.09197254790615261,0.04926721022852831,0.1174617470065806,42.10930960298208,42.04680633048707,42.056414478806005,42.129058412909615,42.138778878393225
P_0032_0047,32,47,-1.5524999999999984,10.192500000000003,10.310058801966168,16,0.783,1.0,223.10086103678591,224.08004602305385,41.97839780101561,41.92795739296787,42.02765736998646,41.97533492047914,0.04085216455333574,0.09969997701858802,0.05232244950731513,0.12733074970445468,41.96557018946351,41.92795739296787,41.93740091183816,42.01808873813974,42.02765736998646
P_0032_0048,32,48,-1.5524999999999984,10.975500000000004,11.084757845798892,20,0.783,1.0,220.28820359844923,221.68109989571903,41.83597977236707,41.76410857561535,41.90596718622362,41.835696707688896,0.059442221991233966,0.1418586106082671,0.07158813207354342,0.1811731936248622,41.83852006512899,41.76410857561535,41.77332006548789,41.89656764598863,41.90596718622362
P_0032_0049,32,49,-1.5524999999999984,11.758499999999998,11.860547141679424,16,0.783,1.0,217.2043096667377,218.37475580161777,41.679955260979746,41.62027114998506,41.73839572774102,41.683496304475625,0.04965082154495481,0.11812457775596386,0.06322515449056709,0.15086152970110325,41.70030653253247,41.62027114998506,41.62927367763661,41.729234434482976,41.73839572774102
P_0032_0050,32,50,-1.5524999999999984,12.5415,12.63722590207202,16,0.783,1.0,214.21119974412096,215.4727628763688,41.528627186053896,41.46455291430237,41.59142329948162,41.52457846484185,0.05335131926093975,0.1268703851792523,0.06684483463976676,0.16203114326852147,41.51111635850225,41.46455291430237,41.47332320581722,41.5824765461058,41.59142329948162
P_0032_0051,32,51,-1.5524999999999984,13.3245,13.414639633624155,20,0.783,1.0,210.5457320650894,212.33136319068888,41.34341149270745,41.25231412876076,41.43240965039803,41.3430278977527,0.07681585781047258,0.18009552163726994,0.0907137689919395,0.23000705189945075,41.34595734652754,41.25231412876076,41.26075698720268,41.42370137587449,41.43240965039803
P_0032_0052,32,52,-1.5524999999999984,14.107500000000002,14.192667561103518,16,0.783,1.0,206.56572361691252,208.0498745562987,41.14239841760712,41.06763104990728,41.215790628767365,41.146891399943414,0.06354330852048853,0.14815957886008846,0.07926035003613663,0.18922040722872088,41.16783856250533,41.06763104990728,41.07577802636331,41.20741873217378,41.215790628767365
P_0032_0053,32,53,-1.5524999999999984,14.890500000000003,14.971213928736711,16,0.783,1.0,202.7315080487927,204.3241170559833,40.94882606369396,40.86886237695313,41.02736063433167,40.94360533869944,0.06800754262156572,0.15849825737853962,0.08375529563222983,0.20242433892533795,40.925832142818365,40.86886237695313,40.87667866434703,41.01929287504703,41.02736063433167
P_0032_0054,32,54,-1.5524999999999984,15.673500000000004,15.750201855849346,20,0.783,1.0,198.060926304768,200.3137959218739,40.71310701640563,40.5991812862452,40.82459254858037,40.71256907122945,0.0975072317869799,0.2254112623351716,0.11338778498425484,0.28788156109217317,40.71567963722316,40.5991812862452,40.606526907484806,40.81686497661372,40.82459254858037
P_0032_0055,32,55,-1.5524999999999984,16.4565,16.529568914524052,16,0.783,1.0,193.00681764608677,194.87170917617556,40.458100195717165,40.36512327084557,40.54949253446165,40.46372208780997,0.08040648800266476,0.18436926361607675,0.09859881696439743,0.23546521534620274,40.4897067112384,40.36512327084557,40.372038214717975,40.542249707786254,40.54949253446165
P_0032_0056,32,56,-1.5524999999999984,17.2395,17.309263892494098,16,0.783,1.0,188.1454486647363,190.14716631009372,40.212870354724004,40.113367677894814,40.310699075331286,40.20617493319114,0.08611876693719381,0.19733139743647143,0.10452414214014283,0.252019664669823,40.18311321640374,40.113367677894814,40.11979428791034,40.30390040841553,40.310699075331286
P_0032_0057,32,57,-1.5524999999999984,18.0225,18.089244387204236,20,0.783,1.0,182.22117046623913,185.06366347751057,39.914070645585106,39.77134561781776,40.05377901988072,39.913279589313404,0.12366347306281016,0.2824334020629635,0.14193397149564646,0.3607067714724949,39.91672571172916,39.77134561781776,39.77706279382937,40.04748480331,40.05377901988072
P_0032_0058,32,58,-1.5524999999999984,18.805500000000002,18.86947499269654,16,0.783,1.0,175.79488565634495,178.15395773173125,39.58998846727011,39.47346970224851,39.7045621876149,39.59703284086346,0.10230774475171323,0.23109248536638916,0.12356313861495494,0.2951372737757205,39.629608684828725,39.47346970224851,39.47852126376665,39.69900236585852,39.7045621876149
P_0032_0059,32,59,-1.5524999999999984,19.588500000000003,19.649925915890883,16,0.783,1.0,169.58497070619933,172.13212318125457,39.27683968039894,39.15137381365338,39.40019469030773,39.2681276555291,0.1102777346323732,0.24882087665434938,0.13206703477862902,0.3177788973874194,39.238094761919285,39.15137381365338,39.15564923357931,39.39532577818579,39.40019469030773
P_0032_0060,32,60,-1.5524999999999984,20.371500000000005,20.43057190829469,20,0.783,1.0,161.96072577065578,165.61563058368105,38.892379358115896,38.709859670657295,39.07077769818977,38.891119283242425,0.15982727185523754,0.3609180275324775,0.18125961258513001,0.46094256389843863,38.89527948966571,38.709859670657295,38.71296268967888,39.06671686802048,39.07077769818977
P_0032_0061,32,61,-1.5524999999999984,21.1545,21.21139143243554,16,0.783,1.0,153.60172349685945,156.67284283998532,38.470859974419476,38.3204634016713,38.61859069378818,38.46014883519594,0.13352336430243159,0.29812729211688094,0.1584418585922407,0.38075005378911997,38.42352329738395,38.3204634016713,38.32241110624312,38.61575567689312,38.61859069378818
P_0032_0062,32,62,-1.5524999999999984,21.9375,21.992366005048204,20,0.783,1.0,144.3019659615938,148.77362478173907,38.001867692560154,37.779049564254194,38.21937857165534,37.99997209989474,0.1963915657985861,0.43997100020851576,0.22092253564054687,0.5619042148256906,38.00522719123114,37.779049564254194,37.7791630061526,38.21740017337305,38.21902056446271
P_0032_0063,32,63,-1.5524999999999984,22.7205,22.773479674832302,16,0.783,1.0,133.93255256225564,137.76675255179637,37.47887143262497,37.29022477064001,37.66313999946789,37.48985199087381,0.1680039617919952,0.372046231037757,0.19962722023380053,0.4751548289115671,37.54277516668248,37.292040700939936,37.29022477064001,37.662271001677766,37.661948314428855
P_0032_0064,32,64,-1.5524999999999984,23.503500000000003,23.55471860371081,16,0.783,1.0,123.51895590417965,127.8354491698806,36.95355899242958,36.73915694138509,37.16157757342353,36.93779807681452,0.18906277532975382,0.4221552430177553,0.22351410758832202,0.5391510127940681,36.88604414407541,36.74355244114304,36.73915694138509,37.161312184402846,37.158924673066224
P_0032_0065,32,65,-1.5524999999999984,24.286500000000004,24.33607072844752,20,0.783,1.0,109.98098632983597,116.60424099743834,36.270478304920005,35.92969711059209,36.59467706924323,36.26587809365299,0.29422566707215075,0.6649799586511449,0.33618098306089905,0.8492719778430969,36.276568682848165,35.93895657876914,35.92969711059209,36.59467706924323,36.58949102681231
P_0032_0066,32,66,-1.5524999999999984,25.069500000000005,25.117525485206546,16,0.783,1.0,93.79076245215009,100.0004860919938,35.453319855192866,35.13449178652695,35.7567477024362,35.46933574250603,0.27606570422472243,0.6222559159092498,0.3348439559790819,0.794707427725734,35.55885373995602,35.150436931005686,35.13449178652695,35.7567477024362,35.74614855260529
P_0032_0067,32,67,-1.5524999999999984,25.8525,25.899073583817625,16,0.783,1.0,75.4033531945253,83.48817714979859,34.524874991372066,34.09547612303248,34.92311837224986,34.489848868684206,0.3622500660521192,0.8276422492173765,0.4332695035656542,1.0570143668165728,34.40044437912752,34.125484621277906,34.09547612303248,34.92311837224986,34.904720847733245
P_0032_0068,32,68,-1.5524999999999984,26.6355,26.68070682159676,16,0.783,1.0,47.54404435693078,61.29031463734851,33.11732810916026,32.26523981642066,33.80192000484567,33.0304406981287,0.656487944128049,1.5366801884250094,0.7714793067169694,1.9625545190613147,32.942592788992386,32.377278270604506,32.26523981642066,33.80192000484567,33.76517260978028
P_0033_0000,33,0,-0.7695000000000007,-26.6085,26.619624386906736,16,0.783,1.0,33.687348553267036,46.76649428940104,32.49576858111036,31.7166990944238,33.1458970328726,32.41829744522185,0.6300818500111477,1.429197938448798,0.7275995876507437,1.8252847234339693,32.33297742350641,33.1458970328726,33.13873010637133,31.757183568935147,31.7166990944238
P_0033_0001,33,1,-0.7695000000000007,-25.825499999999998,25.836961518336476,16,0.783,1.0,61.17704574127794,69.11175006498004,33.88241066162809,33.46537085217045,34.27521980583981,33.90176428345355,0.36589353011628,0.8088511967470708,0.4363934312831006,1.0330155769438962,34.02785807966825,34.272179241220215,34.27422204891752,33.46919119529133,33.46537085217045
P_0033_0002,33,2,-0.7695000000000007,-25.0425,25.054319717366106,20,0.783,1.0,81.71950789485695,89.62037168394863,34.916859479282586,34.502313092329416,35.31110601903765,34.91007150260041,0.35956954287295734,0.8087929267082359,0.40775841027099347,1.0329411579926384,34.92695046061016,35.3043805090943,35.31110601903765,34.502313092329416,34.505607431930514
P_0033_0003,33,3,-0.7695000000000007,-24.2595,24.271701021972067,16,0.783,1.0,98.01985624898587,102.97180007899352,35.73667053033836,35.48226092205823,35.98438874966837,35.71773112221175,0.22306104419535683,0.5021278276101384,0.2666576274566168,0.6412871361559878,35.65684519171987,35.975562414982846,35.98438874966837,35.48226092205823,35.48959833262944
P_0033_0004,33,4,-0.7695000000000007,-23.4765,23.48910774167465,16,0.783,1.0,110.25126751499405,114.5800344472553,36.35119346477775,36.12846910457745,36.56885922496622,36.363529292457336,0.19499656354257217,0.4403901203887699,0.23506018787988836,0.56243948964083,36.42402740379703,36.558586893051256,36.56885922496622,36.12846910457745,36.13770383589474
P_0033_0005,33,5,-0.7695000000000007,-22.6935,22.706542504309194,20,0.783,1.0,122.27851661503408,127.31315826594424,36.9549082241235,36.693504965740544,37.209092772749045,36.952222288148256,0.22569531709720345,0.5155878070085009,0.25871732240771195,0.6584774035868466,36.95691342701588,37.19752744682489,37.209092772749045,36.693504965740544,36.70407282841092
P_0033_0006,33,6,-0.7695000000000007,-21.9105,21.924008312806304,16,0.783,1.0,132.99154723600117,136.4015096261585,37.49220446377929,37.315588766050325,37.66553400052675,37.47947704455462,0.15277844866008197,0.34994523447642223,0.186056955972127,0.44692877966337446,37.43570657501914,37.6531897886299,37.66553400052675,37.315588766050325,37.32736609254698
P_0033_0007,33,7,-0.7695000000000007,-21.127499999999998,21.141508614571478,16,0.783,1.0,141.58290005987814,144.70201843767254,37.922753172536325,37.76061541131838,38.082031543102175,37.93168390172324,0.13974004220389208,0.321416131783792,0.17106849040485628,0.41049314404060283,37.97358377851708,38.06906005955773,38.082031543102175,37.76061541131838,37.77312871612082
P_0033_0008,33,8,-0.7695000000000007,-20.3445,20.359047386849905,20,0.783,1.0,150.39032228589286,154.1509323561438,38.363805884553344,38.16756704852355,38.55571710931406,38.36198767113085,0.167721659568351,0.3881500607905082,0.19442062260729642,0.4957216612905596,38.36386419262277,38.54211312272207,38.55571710931406,38.16756704852355,38.1806768824718
P_0033_0009,33,9,-0.7695000000000007,-19.5615,19.576629242543262,16,0.783,1.0,158.4672361992947,161.07499997902636,38.767990939931224,38.63120888461282,38.902530678444464,38.758232259781536,0.11656834339365234,0.2713217938316461,0.14429841866292747,0.3465157009344139,38.723987935895366,38.88851031109425,38.902530678444464,38.63120888461282,38.6449234888608
P_0033_0010,33,10,-0.7695000000000007,-18.7785,18.794259562430227,16,0.783,1.0,165.0823898853733,167.50622590378913,39.09879946345045,38.97111387084158,39.22442693699844,39.105633269721906,0.10827143971292305,0.25331306615686344,0.13451939888032882,0.32351604873162637,39.13734632537023,39.21005091510199,39.22442693699844,38.97111387084158,38.98522830029731
P_0033_0011,33,11,-0.7695000000000007,-17.9955,18.011944661807064,20,0.783,1.0,171.96705244631218,174.92968281992782,39.442856372721515,39.28686996226486,39.595698641257854,39.44138154108947,0.13174320593258987,0.30882867899299526,0.15451157882461075,0.39441721455044093,39.44206703437959,39.58094514596303,39.595698641257854,39.28686996226486,39.30132692158202
P_0033_0012,33,12,-0.7695000000000007,-17.2125,17.229692002470617,16,0.783,1.0,178.35169813567293,180.42548088002292,39.76171518992791,39.65131935251554,39.8703536711933,39.75386048349607,0.09257045748231907,0.2190343186777568,0.11649318769723038,0.2797373163189742,39.726147322878944,39.8553412426557,39.8703536711933,39.65131935251554,39.66614082823685
P_0033_0013,33,13,-0.7695000000000007,-16.429499999999997,16.44751046511295,16,0.783,1.0,183.62372598353102,185.56326066415247,40.02483532891489,39.92106514607616,40.12694726331807,40.03016281091018,0.08645760377349221,0.20588211724191297,0.1090976648340174,0.26294012419145973,40.054957299956925,40.11170713068213,40.12694726331807,39.92106514607616,39.9361372145176
P_0033_0014,33,14,-0.7695000000000007,-15.6465,15.665410703202134,20,0.783,1.0,189.1411594983051,191.52299748355364,40.30002297571125,40.17314771173767,40.424372541475066,40.29872277494709,0.10569266860332925,0.2512248297373958,0.1256497665279781,0.32084908012438795,40.2987688468537,40.40888427998277,40.424372541475066,40.17314771173767,40.18844049468623
P_0033_0015,33,15,-0.7695000000000007,-14.8635,14.883405608260496,16,0.783,0.75,145.29784632951893,194.8691964488955,39.20639035888348,35.23643759742782,40.5814773633536,38.82369488552147,2.153631399979342,5.2853768326086765,3.5822637131948127,6.750161982897415,40.52680800493533,37.40390413373956,35.24143117232666,40.465398740566286,40.48093237603951
P_0033_0016,33,16,-0.7695000000000007,-14.080499999999999,14.101510929684094,16,0.783,0.0,0.0,0.0,36.39556253182204,35.260116171567404,37.54807994399152,36.61892233058826,1.0780761527382505,2.2768417663158402,1.3538053928478035,2.9078438905693997,37.51442935296973,37.5419587040563,35.33381113979931,37.4392955183755,35.26511693774046
P_0033_0017,33,17,-0.7695000000000007,-13.2975,13.319746112445236,20,0.783,0.0,0.0,0.0,36.51912425912043,35.35091292248478,37.70799841143071,36.743849886027284,1.0996600851897584,2.3459085938399085,1.3879093908847508,2.9960518439845574,37.645667914817466,37.70184908898244,35.44075438585111,37.57503754534287,35.355940495142534
P_0033_0018,33,18,-0.7695000000000007,-12.5145,12.538135447505741,16,0.783,0.0,0.0,0.0,36.6338206557311,35.455999064341256,37.82635929200456,36.86030783889279,1.1189781523980158,2.3591339419429573,1.399251638376164,3.0129424545887065,37.76821163463052,37.82019014245958,35.519869335372846,37.732211881484375,35.46105620051662
P_0033_0019,33,19,-0.7695000000000007,-11.731499999999999,11.756709680008262,16,0.783,0.0,0.0,0.0,36.728305456413786,35.533712051913255,37.93664791538373,36.96422387366092,1.1419535151248386,2.3916709050477607,1.4254337843257403,3.0544966858847515,37.90981260681775,37.93046099438294,35.59355570361089,37.848499974157846,35.53879008933518
P_0033_0020,33,20,-0.7695000000000007,-10.9485,10.975508302579884,20,0.783,0.0,0.0,0.0,36.826622870530166,35.60606064067417,38.06368591980481,37.06362245417523,1.159121741295621,2.4463219119756374,1.4524650233281022,3.1242936295985153,38.014279142105465,38.05747934282277,35.67838663684927,37.95680971825152,35.61115743084713
P_0033_0021,33,21,-0.7695000000000007,-10.165499999999998,10.194582899756123,16,0.783,0.0,0.0,0.0,36.91730726311833,35.68929757996369,38.157025818958346,37.160350317592716,1.178357876418194,2.4563902138685307,1.4659351884393033,3.1371522527056586,38.13436464165056,38.15080534302194,35.740677915792105,38.08148855834554,35.69441512915341
P_0033_0022,33,22,-0.7695000000000007,-9.3825,9.41400215105138,20,0.783,0.0,0.0,0.0,37.00011222314431,35.75036803761799,38.26376524448591,37.24405649804206,1.1928261798676167,2.5020291570837685,1.4885562237151149,3.1954395365054515,38.222368366067656,38.25752943141072,35.81186378164256,38.17302063676243,35.75550027432695
P_0033_0023,33,23,-0.7695000000000007,-8.599499999999999,8.63385953673095,16,0.783,0.0,0.0,0.0,37.23142853000236,35.820086394344344,38.34735562551873,37.321034802651766,1.2058300370277766,2.510001573890179,1.4957999601834473,3.205621422592821,38.30346176580974,38.3352364163585,35.8636551743291,38.27758581429316,35.82523484246832
P_0033_0024,33,24,-0.7695000000000007,-7.816499999999998,7.854285613599748,16,0.783,0.0,0.0,0.0,37.76313158163622,35.87590438415009,38.41847768579368,37.38845893020772,1.2208428512636986,2.53043166140867,1.512554546057629,3.231713488389106,38.39542477955223,38.40633604555876,35.91100572498067,38.35362371679685,35.87590438415009
P_0033_0025,33,25,-0.7695000000000007,-7.0335,7.075468359055816,20,0.783,0.0,0.0,0.0,37.83173159799884,35.92216329156395,38.49834251308192,37.4514504429186,1.231763528524129,2.564013165235963,1.5292871513546515,3.2746017435963766,38.461690672710745,38.48617645679991,35.964122781547815,38.42309901197058,35.92216329156395
P_0033_0026,33,26,-0.7695000000000007,-6.250499999999999,6.297688504522909,16,0.783,0.0,0.0,0.0,37.893254293475394,35.97395252729865,38.555182608468726,37.508285497488245,1.2414789417339303,2.56904718490523,1.5343329701895954,3.281030887490715,38.5216319985816,38.54299971220388,36.00187982571566,38.50096342364145,35.97395252729865
P_0033_0027,33,27,-0.7695000000000007,-5.467499999999998,5.521384473119036,16,0.783,0.0,0.0,0.0,37.94179141800657,36.01067257010493,38.60589076957535,37.556798917377876,1.2523530867748676,2.5830207039152313,1.5461263472729456,3.298877016494548,38.58786699164671,38.59369327402016,36.03551845578926,38.55624329532833,36.01067257010493
P_0033_0028,33,28,-0.7695000000000007,-4.6845,4.7472803266712615,20,0.783,0.0,0.0,0.0,37.989620230976,36.04329331603037,38.66081445510105,37.600648165719335,1.2600118063860648,2.6053083683544287,1.5573548496889629,3.3273414666084657,38.63403991109624,38.6486016843848,36.07188412022839,38.60542179685689,36.04329331603037
P_0033_0029,33,29,-0.7695000000000007,-3.9014999999999986,3.976660973731604,16,0.783,0.0,0.0,0.0,38.030786792469044,36.0784092346118,38.698092489756505,37.63870222247614,1.2666296991080352,2.6074605270275697,1.5602929878643437,3.330090072832145,38.674258666649166,38.68586976163937,36.09650356937209,38.65846988010827,36.0784092346118
P_0033_0030,33,30,-0.7695000000000007,-3.1184999999999974,3.2120355695415306,16,0.783,0.0,0.0,0.0,38.06154077577678,36.10204380533793,38.72952866484144,37.66941842315863,1.27360405192721,2.6152541018056468,1.567374617820704,3.3400435527530608,38.7162784282167,38.717297907143575,36.11720017586197,38.69427179923298,36.10204380533793
P_0033_0031,33,31,-0.7695000000000007,-2.3354999999999997,2.459001931678786,20,0.783,0.0,0.0,0.0,38.08965011175663,36.121766155589626,38.76069559458188,37.69509083697858,1.2781801001772333,2.6266912648088123,1.5733246813889536,3.354650402054677,38.74336810802453,38.74845742039844,36.137612975806974,38.72424952507333,36.121766155589626
P_0033_0032,33,32,-0.7695000000000007,-1.5524999999999984,1.7327395938224521,16,0.783,0.0,0.0,0.0,37.78201065342505,36.13894401038965,38.77509333115847,37.715168671825474,1.2818095736041302,2.6259639652349094,1.5741961031908716,3.3537215392527577,38.76470933166098,38.76693653386951,36.1496119708587,38.75361295410357,36.1409725686346
P_0033_0033,33,33,-0.7695000000000007,-0.7695000000000007,1.0882373362460978,16,0.783,0.0,0.0,0.0,35.812970744596626,34.371582211260204,36.15417481155652,35.79011789361654,0.7070403315843145,1.7759355006333521,1.4140404806011162,2.2681168590464265,36.145428424413865,36.14141920672887,34.37607741301542,36.13565151027575,36.152012913648775
P_0033_0034,33,34,-0.7695000000000007,0.013500000000000512,0.7696184119419189,20,0.783,0.0,0.0,0.0,34.727270324631384,34.364682920596124,36.14855794748081,34.72654809912011,0.7081765929069637,1.7779384975343078,1.4163165510552318,2.2706749649224873,34.36909585820331,34.36492615264103,34.37889318878422,36.14286465017534,34.37696064579666
P_0033_0035,33,35,-0.7695000000000007,0.7965000000000018,1.1074937923076607,16,0.783,0.0,0.0,0.0,34.37179748970796,34.3642986258144,34.37897623188968,34.37125943936454,0.006299467645522395,0.014677606075281346,0.00771679252513735,0.018745346200870174,34.369748570323566,34.3642986258144,34.37826436492048,34.36500940387458,34.37897623188968
P_0033_0036,33,36,-0.7695000000000007,1.5794999999999995,1.7569719690421925,16,0.783,0.0,0.0,0.0,34.219296453749294,33.16881868996131,34.37770641795623,34.1284046623439,0.4779805928300437,1.2051962322784675,0.9558944766661313,1.5392033617860377,34.36696009089229,34.361105419983005,33.172510185677766,34.363741197210175,34.37770641795623
P_0033_0037,33,37,-0.7695000000000007,2.3625000000000007,2.484660238342459,20,0.783,0.0,0.0,0.0,32.75973079980813,32.349160108373496,33.17163376326789,32.8402558135376,0.39732372935421223,0.8224736548943952,0.4910957051641063,1.0504133523555494,33.16206660874042,32.349160108373496,32.35818240698478,33.16023618032142,33.17163376326789
P_0033_0038,33,38,-0.7695000000000007,3.145500000000002,3.238255780509009,16,0.783,0.0,0.0,0.0,33.99258817304621,31.8053254462572,36.22388958378247,34.32560005258074,1.4793045019978563,3.8718626256443827,1.9774465097942198,4.944907567872774,33.59213140219873,36.2200161684309,35.86771251250997,32.34815354278652,33.599986636977576
P_0033_0039,33,39,-0.7695000000000007,3.9284999999999997,4.003154068981107,16,0.783,1.0,236.5126223326664,236.79595239430904,40.662368992093846,39.746262355927286,41.49574932671567,40.76555162774139,0.5713497889533324,1.7429495149042964,1.0127518159300166,2.2259891633515916,40.93673518298573,40.68368241787766,41.49574932671567,39.75279981181137,40.95879139931651
P_0033_0040,33,40,-0.7695000000000007,4.711500000000001,4.77392527172347,20,0.783,1.0,235.59996044196737,236.06546819530288,41.35901231552789,40.67510077883935,41.72383537724716,41.25687481374767,0.33242925282714414,1.0371777841091259,0.5817740349083209,1.3246204139324724,41.29876481434792,41.27295002977536,41.71227856294848,40.67510077883935,41.32527988282726
P_0033_0041,33,41,-0.7695000000000007,5.494500000000002,5.548122249914832,16,0.783,1.0,234.47133460610758,234.90470807539572,41.80599578961351,41.59199201899412,41.97404299601584,41.83472225359503,0.11608231117334071,0.26422728055445077,0.146643951160911,0.33745501986519894,41.95230558298857,41.9333999769043,41.89962494487412,41.68807830243412,41.70020246077405
P_0033_0042,33,42,-0.7695000000000007,6.277500000000003,6.3244870542993485,20,0.783,1.0,233.10598892204007,233.7748149398884,42.027838134631814,41.85740839237047,42.18471822885937,42.064570053691185,0.09163834511600802,0.265854780729164,0.14570660556098147,0.33953356414963476,42.08277553484311,42.013641308312,42.18471822885937,41.9188634481302,42.122851748311234
P_0033_0043,33,43,-0.7695000000000007,7.060500000000005,7.102308814744687,16,0.783,1.0,231.5162453537725,232.10571205488856,42.17809585961774,42.12038773293966,42.23419944698759,42.18016253714198,0.0348961886825036,0.08910090460285147,0.048260582207340974,0.1137942587520453,42.13932221474647,42.22842311934932,42.21388983930564,42.15225348673306,42.16692402557544
P_0033_0044,33,44,-0.7695000000000007,7.843499999999999,7.881156165182872,16,0.783,1.0,229.89914643379896,230.56052137201448,42.24522645961002,42.18712624460983,42.29443539163282,42.24260973044791,0.03558899453023161,0.0903269310495034,0.04902369475117041,0.11536006519732235,42.28391296674624,42.25543903809694,42.27203937514832,42.20807123655129,42.19358603569674
P_0033_0045,33,45,-0.7695000000000007,8.6265,8.660752421123698,20,0.783,1.0,227.84412695281284,228.82407352356103,42.192550448753835,42.1342952848176,42.249032587383965,42.19145670385037,0.044531326649030985,0.11473730256636827,0.05757588353359466,0.14653550774759677,42.19069497520218,42.1342952848176,42.15081278731827,42.23244788452985,42.249032587383965
P_0033_0046,33,46,-0.7695000000000007,9.409500000000001,9.44091205869433,16,0.783,1.0,225.5464386413521,226.3769023982559,42.07594547822198,42.02602095250575,42.12468718058005,42.077772197254056,0.03780395091342356,0.09866622807429337,0.05175124474830284,0.12601050839628783,42.08750185280616,42.02602095250575,42.04246330549961,42.10818769487872,42.12468718058005
P_0033_0047,33,47,-0.7695000000000007,10.192500000000003,10.221506077873263,16,0.783,1.0,223.2813192498985,224.19082856195556,41.961130499367535,41.90729715847005,42.01375563838212,41.95721055641481,0.041469733435728635,0.10645847991207091,0.05654508196731456,0.13596229873827703,41.94401086426871,41.90729715847005,41.9236557281867,41.99733339276645,42.01375563838212
P_0033_0048,33,48,-0.7695000000000007,10.975500000000004,11.002442024387136,20,0.783,1.0,220.47283712309672,221.79459646785895,41.81891345935274,41.743624785129214,41.89227703396784,41.81777855183408,0.05964220987687076,0.14865224883862282,0.07449848213375532,0.18984961537499723,41.81718488236993,41.743624785129214,41.75986520667624,41.87594085102717,41.89227703396784
P_0033_0049,33,49,-0.7695000000000007,11.758499999999998,11.783651916956812,16,0.783,1.0,217.39362030040851,218.49207155778248,41.66311438793018,41.59994640024462,41.72500367815263,41.66580794776504,0.04968293738600856,0.12505727790801302,0.06586154752042006,0.15971555288379696,41.67922053552434,41.59994640024462,41.616080293871335,41.70878883103228,41.72500367815263
P_0033_0050,33,50,-0.7695000000000007,12.5415,12.565084659483993,16,0.783,1.0,214.40516476509111,215.59351383540564,41.51201099395047,41.44440505460375,41.57829970921682,41.50714015866589,0.053840357265812086,0.13389465461307282,0.07115955055093082,0.17100211317122965,41.49038131779304,41.44440505460375,41.46042044386684,41.56219426784901,41.57829970921682
P_0033_0051,33,51,-0.7695000000000007,13.3245,13.346701109262918,20,0.783,1.0,210.74556599892335,212.4559281879837,41.32707907232144,41.23241580501213,41.41958450687878,41.32588076091315,0.07691679805371432,0.18716870186664636,0.0937037459656267,0.23904048769686634,41.32553872137686,41.23241580501213,41.24826399824673,41.40360077305127,41.41958450687878
P_0033_0052,33,52,-0.7695000000000007,14.107500000000002,14.128470777122343,16,0.783,1.0,206.77214428659522,208.179810782748,41.12638500155907,41.04795843467127,41.20338644701246,41.13006943164102,0.0634801741174957,0.15542801234118997,0.082110996969746,0.19850320860943801,41.14777242359662,41.04795843467127,41.063655339606726,41.187574513318,41.20338644701246
P_0033_0053,33,53,-0.7695000000000007,14.890500000000003,14.910369562824393,16,0.783,1.0,202.9445142090083,204.458902563436,40.93313217342124,40.84944225317429,41.01533709441719,40.92713900561267,0.06837939832835879,0.16589484124290266,0.08819808880451774,0.21187080618506085,40.90626507173528,40.84944225317429,40.86496988192357,40.99968072681304,41.01533709441719
P_0033_0054,33,54,-0.7695000000000007,15.673500000000004,15.692378165848545,20,0.783,1.0,198.28230087121102,200.4539976754733,40.69781995300912,40.58012075187537,40.81299482157203,40.69652033548215,0.09750740222754613,0.23287406969666335,0.11647448608988498,0.29741260497658156,40.69656622352937,40.58012075187537,40.59540725823575,40.79751262219821,40.81299482157203
P_0033_0055,33,55,-0.7695000000000007,16.4565,16.474480947817444,16,0.783,1.0,193.23768501365626,195.019613808538,40.44327552777524,40.34639215376876,40.53850155463766,40.448144585300575,0.0802535682035937,0.19210940086890105,0.10175243153181412,0.24535044810843046,40.47110379065532,40.34639215376876,40.361457671763446,40.52326775567769,40.53850155463766
P_0033_0056,33,56,-0.7695000000000007,17.2395,17.25666510366357,16,0.783,1.0,188.38593952777083,190.30211638638116,40.19851545993876,40.09501041399199,40.30026409061429,40.19112036733793,0.08635963370327973,0.20525367662229854,0.10914372327636102,0.26213751803614116,40.16524394383913,40.09501041399199,40.10982510493966,40.285258283304586,40.30026409061429
P_0033_0057,33,57,-0.7695000000000007,18.0225,18.038920048051658,20,0.783,1.0,182.47411149562936,185.22660068825863,39.90032486542246,39.75353182374005,40.0439755738368,39.89885077657906,0.12353496248967545,0.29044375009675605,0.14531895283901264,0.3709371010175684,39.89953583361785,39.75353182374005,39.76798174421583,40.029228907484764,40.0439755738368
P_0033_0058,33,58,-0.7695000000000007,18.805500000000002,18.821236954568107,16,0.783,1.0,176.06226659190975,178.32849672458585,39.57695077715374,39.45616646526389,39.6956781421639,39.583325339921814,0.10204560448243216,0.2395116769000083,0.12715887465792264,0.3058897533844295,39.61319927629222,39.45616646526389,39.47027358229724,39.68130923359183,39.6956781421639
P_0033_0059,33,59,-0.7695000000000007,19.588500000000003,19.603608405087066,16,0.783,1.0,169.86739526780383,172.31755316179576,39.26454150014213,39.13466616174469,39.39217573064809,39.25524357680031,0.11033556422116716,0.2575095689034015,0.13693215384778057,0.32887556692643866,39.22283994615208,39.13466616174469,39.14837333804485,39.37816270741183,39.39217573064809
P_0033_0060,33,60,-0.7695000000000007,20.371500000000005,20.386028119768703,20,0.783,1.0,162.26329901162134,165.81376790088592,38.88107411638568,38.69405272490195,39.06377047723663,38.87925688808271,0.15948740122008878,0.3697177523346795,0.1852041631807566,0.4721810374644694,38.881132478033976,38.69405272490195,38.70715477524556,39.05017398499541,39.06377047723663
P_0033_0061,33,61,-0.7695000000000007,21.1545,21.16849074686242,16,0.783,1.0,153.92869444282587,156.89020693488047,38.46076027662975,38.30554435613959,38.613118402129146,38.44958812056941,0.13337674391575854,0.3075740459895542,0.16353028155973703,0.3928148735498776,38.4110733438124,38.30554435613959,38.318049787326,38.60015471343991,38.613118402129146
P_0033_0062,33,62,-0.7695000000000007,21.9375,21.950991697415404,20,0.783,1.0,144.65971448615443,149.0099804853391,37.99329323205694,37.76554125544988,38.21506906742826,37.990984114944865,0.1957730113338486,0.44952781197837766,0.22544285949498288,0.574109593842117,37.9944789727337,37.76554125544988,37.777098448407855,38.20273283070463,38.21506906742826
P_0033_0063,33,63,-0.7695000000000007,22.7205,22.733527014082085,16,0.783,1.0,134.32974464469567,138.03338933347882,37.472257223756756,37.280016375164735,37.660429783294376,37.48285780193443,0.16728269937405246,0.3804134081296411,0.20284142676969452,0.4858408788373449,37.53416913191762,37.280016375164735,37.29057572036959,37.64909799892581,37.660429783294376
P_0033_0064,33,64,-0.7695000000000007,23.503500000000003,23.516093266101837,16,0.783,1.0,123.96297957435297,128.1341406208745,36.949279030143245,36.73351107540304,37.159991355721104,36.93340856454817,0.1882482321846004,0.4264802803180672,0.22658279117293745,0.54467468750711,36.88107579805262,36.73351107540304,36.74273708490347,37.14972750866059,37.159991355721104
P_0033_0065,33,65,-0.7695000000000007,24.286500000000004,24.298687464552486,20,0.783,1.0,110.50070406224086,116.9461886145854,36.269982898243875,35.93264796550034,36.59406064328692,36.26542493916044,0.29238648783397775,0.6614126777865863,0.3327769736601027,0.8447160635844013,36.27580889648789,35.93264796550034,35.93936394225608,36.58524324827096,36.59406064328692
P_0033_0066,33,66,-0.7695000000000007,25.069500000000005,25.08130699345631,16,0.783,1.0,94.4313705592763,100.42555698815052,35.45888815940403,35.14923473971942,35.75749151351931,35.475048096079796,0.2736300176346395,0.6082567737998943,0.3258133563603778,0.7768285744570808,35.56453042796608,35.14923473971942,35.15251899480967,35.75146480438451,35.75749151351931
P_0033_0067,33,67,-0.7695000000000007,25.8525,25.863949553384145,16,0.783,1.0,76.25467547704818,84.03177391501053,34.54104787835799,34.13105580474803,34.92681230427718,34.50758462926892,0.3566699025939733,0.7947561870116715,0.4182273624907822,1.015014287371228,34.422384423731785,34.1348904465504,34.13105580474803,34.923780479554694,34.9258119917597
P_0033_0068,33,68,-0.7695000000000007,26.6355,26.646613114990807,16,0.783,1.0,49.185260651009855,62.106800501404095,33.173403625950144,32.401618698688765,33.81632784387,33.09644486588278,0.623539891873695,1.4147091451812344,0.7198829779872185,1.8067805174728409,33.01297307588828,32.442160810344205,32.401618698688765,33.81632784387,33.809143900622644
P_0034_0000,34,0,0.013500000000000512,-26.6085,26.60850342465731,21,0.783,0.9523809523809523,32.56102630770546,46.89289058163179,32.40635061534417,30.715756230772627,33.1435473119401,32.41391072255681,0.62016179338471,1.4156770347041174,0.7296365893832899,1.8080166471316952,32.326626181948654,33.110813909238175,33.1435473119401,31.72787027723598,31.76069593242113
P_0034_0001,34,1,0.013500000000000512,-25.825499999999998,25.82550352848904,20,0.783,1.0,61.40521163842914,69.18480170591162,33.8637774832432,33.43352367767409,34.26815813637586,33.88255240155447,0.3644959794872031,0.8346344587017711,0.4490287238803816,1.065944391700857,34.00934472610294,34.235499952825705,34.26815813637586,33.43352367767409,33.466235514793766
P_0034_0002,34,2,0.013500000000000512,-25.0425,25.042503638813752,25,0.783,1.0,81.86482520785452,89.66596265804942,34.89410993556566,34.46542141197716,35.29950714408034,34.887120921678914,0.35884504789151095,0.8340857321031763,0.4216995097017531,1.0652435914472238,34.905693770759115,35.26691808352774,35.29950714408034,34.46542141197716,34.4980641980502
P_0034_0003,34,3,0.013500000000000512,-24.2595,24.25950375626014,20,0.783,1.0,98.12228051155458,103.0049751166655,35.71181130074949,35.44469914263118,35.97030724294797,35.692822051072184,0.22292223900560101,0.5256081003167878,0.27748519187578324,0.6712747130482604,35.634064387172884,35.937763206520685,35.97030724294797,35.44469914263118,35.47727627608822
P_0034_0004,34,4,0.013500000000000512,-23.4765,23.476503881540793,20,0.783,1.0,110.32962067126093,114.60461716794072,36.32516198926955,36.09060604267063,36.553069518612574,36.33748695972046,0.19534732852658787,0.46246347594194503,0.24688091704982895,0.5906302374737484,36.4000547884836,36.5205646344711,36.553069518612574,36.09060604267063,36.12313981436438
P_0034_0005,34,5,0.013500000000000512,-22.6935,22.69350401546663,25,0.783,1.0,122.3377063352087,127.33098813232704,36.92795217292041,36.655438273130926,37.19177630178075,36.925349427838896,0.2258269393911862,0.5363380286498227,0.26991115470796956,0.684978325223273,36.93228410955396,37.15931436264367,37.19177630178075,36.655438273130926,36.68793409208519
P_0034_0006,34,6,0.013500000000000512,-21.9105,21.910504158964486,20,0.783,1.0,133.0363524889434,136.4164155960146,37.464560781013624,37.27734537495565,37.64729827199295,37.45197734938004,0.15304130616051909,0.36995289703730094,0.19532092261291467,0.4724813499837815,37.41057674604639,37.61486697872954,37.64729827199295,37.27734537495565,37.30979937517566
P_0034_0007,34,7,0.013500000000000512,-21.127499999999998,21.1275043130986,20,0.783,1.0,141.61770834538558,144.71455983595817,37.89463592497533,37.72226941033608,38.06305582054972,37.90372867652053,0.140421679418365,0.34078641021363865,0.1814592661844472,0.43523168609660107,37.94797216750982,38.03065250749239,38.06305582054972,37.72226941033608,37.75469347671464
P_0034_0008,34,8,0.013500000000000512,-20.3445,20.34450447909705,25,0.783,1.0,150.41603491366385,154.16107887825262,38.33526150127359,38.12914130932995,38.53599558818775,38.33364919220651,0.16810695785246213,0.4068542788578,0.2045078828765554,0.5196095515425287,38.33794695956027,38.50362411032148,38.53599558818775,38.12914130932995,38.16153799363309
P_0034_0009,34,9,0.013500000000000512,-19.5615,19.561504658384536,20,0.783,1.0,158.48543294733983,161.08356314539336,38.739096612255786,38.59270609856179,38.8823184366446,38.729576567638404,0.11703695600013175,0.2896123380828115,0.15274186900619924,0.36987527213641314,38.69781645087505,38.849970272024905,38.8823184366446,38.59270609856179,38.62507158008566
P_0034_0010,34,10,0.013500000000000512,-18.7785,18.778504852623385,20,0.783,1.0,165.09497247701023,167.51343170948172,39.0696459177822,38.932562627845584,39.203795723234805,39.07672885862021,0.10915914884336202,0.2712330953892206,0.14416623077462276,0.34640242067588833,39.11091151160917,39.17146919715924,39.203795723234805,38.932562627845584,38.96490523325224
P_0034_0011,34,11,0.013500000000000512,-17.9955,17.99550506376523,25,0.783,1.0,171.97424422725933,174.93544236014682,39.41345591005575,39.24827902982054,39.57462296222815,39.41225581655567,0.1322965750477604,0.3263439324076103,0.16397678673513383,0.4167866314273439,39.41545531422486,39.54232138966074,39.57462296222815,39.24827902982054,39.28060038684407
P_0034_0012,34,12,0.013500000000000512,-17.2125,17.21250529411683,20,0.783,1.0,178.35424052233435,180.43024456909944,39.73210343053621,39.612688290395,39.84897324710312,39.724543849154244,0.09321798500028693,0.23628495670811844,0.12442939794887309,0.3017687825135612,39.69938245087633,39.81669012794305,39.84897324710312,39.612688290395,39.644985129453744
P_0034_0013,34,13,0.013500000000000512,-16.429499999999997,16.4295055464247,20,0.783,1.0,183.62267364992758,185.5671457934181,39.995061444824366,39.88240791618779,40.10529895600297,40.000690917768885,0.08753416989613882,0.2228910398151811,0.11828300158109784,0.284662886098571,40.02802803127986,40.07303306866055,40.10529895600297,39.88240791618779,39.91468661671325
P_0034_0014,34,14,0.013500000000000512,-15.6465,15.64650582398511,25,0.783,1.0,189.13656050835408,191.525921945934,40.270090295022285,40.13446850295708,40.40243244926506,40.269108717276666,0.10640312476567132,0.2679639463079866,0.13464021431958884,0.34222726220687943,40.2717258504108,40.370186521574055,40.40243244926506,40.13446850295708,40.16673026217632
P_0034_0015,34,15,0.013500000000000512,-14.8635,14.863506130788926,20,0.783,0.8,155.08398399720798,195.83381692673092,39.88088393051877,37.37528623159949,40.59067518229665,39.874672033673164,1.2398651046690141,3.1932904092493573,2.4772872606258716,4.078276384737365,40.49966446295667,40.59067518229665,37.39738477304729,40.4266968078876,40.45893894217761
P_0034_0016,34,16,0.013500000000000512,-14.080499999999999,14.080506471714715,20,0.783,0.35,69.53969259241946,200.02203345609456,38.61433886362137,37.41067255013502,40.80586530849348,38.77921510558328,1.5858886906295693,3.3641124835212395,2.0176690394976973,4.296439953411545,37.48746541702826,40.79688414508098,37.53542212389863,40.643532180348814,37.43277166155974
P_0034_0017,34,17,0.013500000000000512,-13.2975,13.29750685279011,25,0.783,0.4,81.16436922678643,204.8224318521102,38.9537427402892,37.554176135952105,41.044753947516426,38.95290944030013,1.6249178053772475,3.4673001719551095,2.082887696164825,4.4282249961112505,37.61865608941946,41.03579713646496,37.695293603426535,40.84630340767984,37.56849696450985
P_0034_0018,34,18,0.013500000000000512,-12.5145,12.514507281551278,20,0.783,0.4,82.81648066224572,208.3795386153294,39.11839262382381,37.71132211984508,41.22163399767357,39.11486078156421,1.65996949460363,3.4870416702391935,2.0978338154263483,4.453437637597948,37.74115718902237,41.21269459699056,37.813621346717525,41.08117784833922,37.725652926751366
P_0034_0019,34,19,0.013500000000000512,-11.731499999999999,11.731507767546335,20,0.783,0.4,84.17929757956227,211.69769302324832,39.25408096297792,37.82759040470967,41.38651223475404,39.256226061341216,1.6826937342392232,3.5356605271008448,2.121362543258577,4.515530685952547,37.88271132376008,41.377588604599794,37.92388029710361,41.25502200374365,37.84192807749895
P_0034_0020,34,20,0.013500000000000512,-10.9485,10.948508323054789,25,0.783,0.4,85.59942975712595,215.5248085193468,39.39533173615045,37.93588255783448,41.57651495200628,39.39457287263533,1.7137548602846953,3.6173827140698904,2.173036088384073,4.619901295108416,37.98714490100701,41.5676089610194,38.05088551603177,41.41699873816896,37.95022624694951
P_0034_0021,34,21,0.013500000000000512,-10.165499999999998,10.165508964139471,20,0.783,0.4,86.91134113651106,218.34078118446365,39.52567477970032,38.06054213984237,41.71618515848672,39.527423735502154,1.7379457516968568,3.6323994563132374,2.179868038955661,4.639079765406433,38.10719413981161,41.707291774457815,38.144202255526125,41.603538189570656,38.07489231814458
P_0034_0022,34,22,0.013500000000000512,-9.3825,9.382509712225188,25,0.783,0.4,88.11146415911,221.56609125833276,39.64475593738323,38.15206073957876,41.87599080426088,39.6440333433369,1.7641310866687907,3.7006960790020003,2.223078128143243,4.726304060028097,38.19517237521666,41.86711147148014,38.250916149290106,41.74055132821945,38.16641539247814
P_0034_0023,34,23,0.013500000000000512,-8.599499999999999,8.59951059653978,20,0.783,0.4,89.21161402070989,223.91863621442488,39.75377008453312,38.256611193235074,41.99241596228927,39.75130678529128,1.7876704020178362,3.7125759482388503,2.2322398263444114,4.741476306818455,38.27624309490284,41.98354661163569,38.3286159773707,41.8971575791503,38.27097066339684
P_0034_0024,34,24,0.013500000000000512,-7.816499999999998,7.816511658022392,20,0.783,0.4,90.10344714531149,226.07498764187653,39.84200723474111,38.33263884068157,42.09900512836526,39.843228971551454,1.8025837307215808,3.7431431036752087,2.246915749627668,4.780514819508568,38.36818133538526,42.09014472117912,38.39970925824616,42.01110792544284,38.34700161750391
P_0034_0025,34,25,0.013500000000000512,-7.0335,7.033512955842195,25,0.783,0.4,91.0127957984629,228.50205394724748,39.93181969107006,38.402105104532325,42.21879091229499,39.93113427656408,1.8223572322140353,3.793469561828374,2.2788060417469183,4.844788712424488,38.43443002026709,42.209940318311,38.47954277821367,42.11528750954602,38.416470756482624
P_0034_0026,34,26,0.013500000000000512,-6.250499999999999,6.2505145788166905,20,0.783,0.4,91.8305212830935,230.23421647732036,40.012416452559265,38.479959794789465,42.30412286395011,40.010493137802484,1.8399160266384085,3.800950593620712,2.284785953587914,4.854343031444077,38.49435627055698,42.2952790913904,38.53636129344727,42.23214053584809,38.494328497769686
P_0034_0027,34,27,0.013500000000000512,-5.467499999999998,5.467516666641262,20,0.783,0.4,92.47774161369325,231.7841430324724,40.07604944468102,38.53523304076072,42.38032599909491,40.07677971744827,1.8507598725189998,3.821884387682175,2.2947084633423884,4.881078400615804,38.56057519934859,42.37148818079066,38.5870507555847,42.315180658408906,38.54960379310848
P_0034_0028,34,28,0.013500000000000512,-4.6845,4.684519452409179,25,0.783,0.4,93.11807980534202,233.46999478113216,40.13881233005396,38.584405863751726,42.46298136150199,40.138150688379234,1.8646323722079852,3.855371472552406,2.315999133434353,4.923846069671017,38.60673734551199,42.45414982181359,38.64195488827488,42.389133037034526,38.59877834926118
P_0034_0029,34,29,0.013500000000000512,-3.9014999999999986,3.9015233563314715,20,0.783,0.4,93.67207233610358,234.62059038788183,40.19289778174821,38.63744809285629,42.51918694450308,40.19147450229168,1.8765640740088918,3.8634124649374826,2.318885030469559,4.9341155363186235,38.64694706782376,42.51035953276124,38.67922018558198,42.46902338859678,38.65182233669464
P_0034_0030,34,30,0.013500000000000512,-3.1184999999999974,3.118529220642318,20,0.783,0.4,94.0888194247116,235.59741226685728,40.23336872421231,38.673246266332285,42.56669263415756,40.233628589612145,1.8835688092511036,3.8702469667977013,2.3242399914019813,4.942844146612646,38.68895786375555,42.55786858101413,38.71064609663949,42.523048792435134,38.687621614216425
P_0034_0031,34,31,0.013500000000000512,-2.3354999999999997,2.3355390170151296,25,0.783,0.4,94.47351691643811,236.5766011578445,40.27044589457209,38.7032210390247,42.61396887779779,40.269797550236774,1.8918598000023652,3.8891058143262285,2.3353504191657066,4.966929520212297,38.71604215507625,42.60514796940248,38.74180355649071,42.56839683126617,38.71759723894826
P_0034_0032,34,32,0.013500000000000512,-1.5524999999999984,1.5525586945426557,20,0.783,0.3,71.0602482538086,237.03608544248996,39.90878156699112,38.73010416570378,42.63592644084201,39.517544819548036,1.547760579477733,3.8828958635444906,3.0954552097002335,4.95899854858811,38.73737952419367,38.73010416570378,38.76028160267009,42.61300002924827,38.746958775924384
P_0034_0033,34,33,0.013500000000000512,-0.7695000000000007,0.7696184119419189,20,0.783,0.0,0.0,0.0,37.56787496262793,36.11625882218669,38.76400965128482,37.69948711459297,1.2828691938399406,2.642786534888444,1.57826399819659,3.3752063025395196,36.12122311639638,38.74288310126775,36.13548718827849,38.73383251573739,38.76400965128482
P_0034_0034,34,34,0.013500000000000512,0.013500000000000512,0.019091883092037507,25,0.783,0.0,0.0,0.0,36.231426053316476,36.11202456538274,38.74518920675416,36.652639319360205,1.046314606244932,2.6309733781270666,2.0925498873939574,3.360119256867262,36.126528173781765,36.114215828627096,36.140330792239865,38.74518920675416,36.13693259539815
P_0034_0035,34,35,0.013500000000000512,0.7965000000000018,0.796614398564326,20,0.783,0.0,0.0,0.0,36.12754998521146,36.113799103486485,36.14059973996166,36.12735744180786,0.011687587475249252,0.026785387882391376,0.013558338321374208,0.0342086690707425,36.1280197164474,36.113799103486485,36.139914404278045,36.1144694934585,36.14058449136888
P_0034_0036,34,36,0.013500000000000512,1.5794999999999995,1.579557691254105,20,0.783,0.0,0.0,0.0,35.59122116129346,34.34023850429844,36.139213497718686,35.768502919047286,0.7062625438411545,1.783083873963733,1.4123732952923334,2.2772463269013192,36.12451441697959,36.10955902754603,34.35612962375495,36.113098029237165,36.139213497718686
P_0034_0037,34,37,0.013500000000000512,2.3625000000000007,2.3625385711137086,25,0.783,0.0,0.0,0.0,33.591607843670225,32.34600769010808,34.354929372063566,33.462928734268964,0.7758062473413956,2.008921681955485,1.1169210441608826,2.5656726461755874,33.14579154055588,33.13449540463898,32.34600769010808,34.333419663978304,34.354929372063566
P_0034_0038,34,38,0.013500000000000512,3.145500000000002,3.1455289698236784,20,0.783,0.1,23.68547860641288,236.87735561975413,35.117599651585714,32.34177630392844,38.864492322574,35.10565982059745,2.317339239231967,6.514103242912768,3.7534446040762646,8.319416657615283,34.975220657336536,38.85910442467372,36.21589614022344,33.133076698992625,32.34500118176095
P_0034_0039,34,39,0.013500000000000512,3.9284999999999997,3.9285231958078084,20,0.783,1.0,236.48560010145928,236.79346569052643,40.05926744066694,38.31770192238247,40.92811428850701,39.75694858742354,0.8427636367402007,2.602074642710363,1.4392466650410682,3.3232115487999527,39.72736593135096,39.71000011068497,40.91977656509283,38.31770192238247,40.10989840760647
P_0034_0040,34,40,0.013500000000000512,4.711500000000001,4.711519340934515,25,0.783,1.0,235.5734495312492,236.06308834883723,40.98531221318779,40.62166393803682,41.444117952783245,40.97467421886133,0.3096107863908461,0.7598776855488723,0.42816036225750764,0.9704695856307436,40.64295689556997,41.40283458111884,41.26836172437413,40.88819818436133,40.6710197088824
P_0034_0041,34,41,0.013500000000000512,5.494500000000002,5.494516584741557,20,0.783,1.0,234.4454374324818,234.90249157311837,41.53484448966766,41.22149299583526,41.92797538416482,41.62176931232443,0.22306135863918877,0.694382623981646,0.38817655214126034,0.886823274561489,41.64574302345767,41.61850236657392,41.92797538416482,41.23359276018317,41.68303302724257
P_0034_0042,34,42,0.013500000000000512,6.277500000000003,6.2775145161122525,25,0.783,1.0,233.08082150899193,233.77275404282568,41.84810270838194,41.52059902323742,42.05539423386506,41.831646529229715,0.1442718895085756,0.434041541403424,0.2273077966924575,0.5543314705024572,41.8244883996083,41.777584573155934,42.03838027394068,41.60433873253726,41.91344066690641
P_0034_0043,34,43,0.013500000000000512,7.060500000000005,7.06051290629796,20,0.783,1.0,231.49192190893467,232.1038786667945,42.06440273592777,41.95575090896568,42.15802479269382,42.04246395530826,0.052759635003296466,0.129842026569861,0.0770028874783506,0.1658263430010996,41.98962481621675,42.08981385931213,42.11946684278661,41.992611713543226,42.02080254468257
P_0034_0044,34,44,0.013500000000000512,7.843499999999999,7.843511617891567,20,0.783,1.0,229.87568124046757,230.5588980509785,42.168383498182564,42.04891616301308,42.24879434704684,42.1852499581826,0.0611152296906523,0.17913537819799785,0.11559098933376077,0.22878081506768563,42.18938116129675,42.21666355514242,42.24879434704684,42.06965896884884,42.20175175857816
P_0034_0045,34,45,0.013500000000000512,8.6265,8.626510563373815,25,0.783,1.0,227.82175818506684,228.8226869677987,42.16184958672287,42.095525303399256,42.22580589773935,42.16114025019084,0.046194260539943355,0.13028059434009265,0.06561494679158386,0.16638645509590375,42.163031685326814,42.095525303399256,42.12766494022964,42.193673424259146,42.22580589773935
P_0034_0046,34,46,0.013500000000000512,9.409500000000001,9.409509684356568,20,0.783,1.0,225.5253077082566,226.3758523058562,42.04529770062429,41.98725612308414,42.10156047254168,42.04750312851367,0.039937156405339694,0.11430434945754087,0.060247005429530986,0.1459825663570126,42.05987648298094,41.98725612308414,42.01940363043775,42.06941893352382,42.10156047254168
P_0034_0047,34,47,0.013500000000000512,10.192500000000003,10.192508940393433,20,0.783,1.0,223.26142538043692,224.19008285738417,41.93053596084188,41.86853830739574,41.99071955742227,41.92699229301972,0.04307697803450221,0.12218125002652869,0.06372726440254439,0.1560424649125526,41.91643924739719,41.86853830739574,41.90069437436131,41.95856997852212,41.99071955742227
P_0034_0048,34,48,0.013500000000000512,10.975500000000004,10.97550830257989,25,0.783,1.0,220.45450458350288,221.79418942223103,41.788386396191825,41.70487472513179,41.86934195574247,41.78762096208503,0.06090001712037314,0.1644672306106827,0.08274623695324124,0.2100475486726471,41.789661946842045,41.70487472513179,41.7370425490771,41.83718363363175,41.86934195574247
P_0034_0049,34,49,0.013500000000000512,11.758499999999998,11.758507749710418,20,0.783,1.0,217.37703659281414,218.49214104850284,41.632663248923436,41.561204592077615,41.70221105526457,41.635718200576164,0.05138284833771318,0.14100646318695453,0.07451360849854893,0.1800848827419598,41.65175190168708,41.561204592077615,41.59338272545915,41.6700407283924,41.70221105526457
P_0034_0050,34,50,0.013500000000000512,12.5415,12.54150726587518,20,0.783,1.0,214.3903212343627,215.59401192707176,41.481635759037026,41.40567284361907,41.55563555280378,41.477122918865334,0.05505843160411093,0.149962709184706,0.07851263393844476,0.1915232556637369,41.46298942066289,41.40567284361907,41.43786205321277,41.52345472402817,41.55563555280378
P_0034_0051,34,51,0.013500000000000512,13.3245,13.32450683890402,25,0.783,1.0,210.73291649871447,212.45690211937452,41.29680004586456,41.19369779226713,41.397063301883406,41.29595013099056,0.07789916077345845,0.20336550961627609,0.10225233872343154,0.25972606592117,41.2982163182146,41.19369779226713,41.22590204943526,41.3648711931524,41.397063301883406
P_0034_0052,34,52,0.013500000000000512,14.107500000000002,14.107506459328667,20,0.783,1.0,206.76195687239368,208.18145477921928,41.09621455238306,41.009253850453206,41.181067121866704,41.1002359244715,0.06487023923369117,0.17181327141349811,0.09098207401829228,0.21942946540676642,41.120527762927,41.009253850453206,41.04147121125413,41.14885967585644,41.181067121866704
P_0034_0053,34,53,0.013500000000000512,14.890500000000003,14.890506119672363,20,0.783,1.0,202.9367880796715,204.46115146044167,40.90307089139222,40.81075340784116,40.99320061583751,40.897409912827094,0.06931459175937167,0.18244720799634706,0.09579070301041526,0.23301048275395536,40.87913093952727,40.81075340784116,40.842984757329816,40.96097984359972,40.99320061583751
P_0034_0054,34,54,0.013500000000000512,15.673500000000004,15.673505813952415,25,0.783,1.0,198.27770188126004,200.45692213785367,40.66789825229954,40.54145545536568,40.79106311765543,40.66691710571056,0.09828091684289289,0.24960766228975473,0.12546165034488155,0.3187837321708234,40.66953309428084,40.54145545536568,40.57370574481615,40.7588281164347,40.79106311765543
P_0034_0055,34,55,0.013500000000000512,16.4565,16.456505537324745,20,0.783,1.0,193.23663268005285,195.02349893780357,40.413513188221984,40.30774944564678,40.51686206294141,40.418684062787996,0.0814005788914346,0.20911261729462893,0.11093461714121844,0.2670659224707905,40.44418486633356,40.30774944564678,40.340016173995366,40.48460776502287,40.51686206294141
P_0034_0056,34,56,0.013500000000000512,17.2395,17.239505285825345,20,0.783,1.0,188.38848191443222,190.30688007545757,40.168915727546924,40.0563945740044,40.2788928595142,40.16181560766397,0.08706992050280381,0.22249828550980055,0.11707725185023321,0.28416128417599046,40.13848991122785,40.0563945740044,40.08867882797239,40.24662186560101,40.2788928595142
P_0034_0057,34,57,0.013500000000000512,18.0225,18.022505056179067,25,0.783,1.0,182.4813032765765,185.2323602284777,39.870936998562186,39.714956940869456,40.022909382110015,39.86973747594707,0.12412984055800705,0.307952441240559,0.15478053507761302,0.3932981369611226,39.872935460039855,39.714956940869456,39.74726504858205,39.99062054813396,40.022909382110015
P_0034_0058,34,58,0.013500000000000512,18.805500000000002,18.805504845656234,20,0.783,1.0,176.07484918354663,178.33570253027844,39.54781038987384,39.41763200291945,39.67505686208233,39.554433907085844,0.10297956816142859,0.2574248591628816,0.13680190416639704,0.3287673807955065,39.58677624768313,39.41763200291945,39.44996070647829,39.64274371626601,39.67505686208233
P_0034_0059,34,59,0.013500000000000512,19.588500000000003,19.588504651963614,20,0.783,1.0,169.88559201584897,172.32611632816275,39.23566084433891,39.09618093044526,39.3719737305824,39.22660140595102,0.11084505235509959,0.2757928001371397,0.14537232463137428,0.35222579838715157,39.196680847999176,39.09618093044526,39.12853187827534,39.33963964245294,39.3719737305824
P_0034_0060,34,60,0.013500000000000512,20.371500000000005,20.37150447316055,25,0.783,1.0,162.28901163939227,165.82391442299468,38.85254401245041,38.65564552508312,39.04405950676591,38.850932521785765,0.15989922817347485,0.3884139816827883,0.1952869967026416,0.4960587250099467,38.85522810773091,38.65564552508312,38.68802679096768,39.0117026783812,39.04405950676591
P_0034_0061,34,61,0.013500000000000512,21.1545,21.15450430759369,20,0.783,1.0,153.96350272833328,156.9027483331661,38.43265794839134,38.26721774547588,38.59415361019535,38.42166492448232,0.1337397355507415,0.32693586471946645,0.17248868571302722,0.4175426113914003,38.38556161150308,38.26721774547588,38.29962572635054,38.56176592888676,38.59415361019535
P_0034_0062,34,62,0.013500000000000512,21.9375,21.93750415384576,25,0.783,1.0,144.70598760225658,149.02488645519517,37.96573513457325,37.72734894778012,38.19684463113293,37.96355596884482,0.19602064426985083,0.469495683352811,0.23620702106470048,0.599611345278175,37.96936315784893,37.72734894778012,37.759793472441686,38.16442963502044,38.19684463113293
P_0034_0063,34,63,0.013500000000000512,22.7205,22.72050401069483,20,0.783,1.0,134.39069565272845,138.0520632616741,37.445402137160976,37.24197177155321,37.643391096239554,37.45606103917779,0.16778455665582442,0.4014193246863442,0.2140892676245798,0.5126683584755354,37.50955471375164,37.24197177155321,37.274449069561,37.61093854478355,37.643391096239554
P_0034_0064,34,64,0.013500000000000512,23.503500000000003,23.50350387708182,20,0.783,1.0,124.04133273061981,128.15872334155992,36.92326503164473,36.69567186956715,37.144213704096046,36.907423251389446,0.18830051753717203,0.4485418345288963,0.23679045270660026,0.5728503633830093,36.85731731256567,36.69567186956715,36.728185624863045,37.11172774585532,37.144213704096046
P_0034_0065,34,65,0.013500000000000512,24.286500000000004,24.286503752084204,25,0.783,1.0,110.60711907114417,116.97936365225736,36.24533842205688,35.895213137387714,36.57999190902143,36.2406995716547,0.2921161385346613,0.6847787716337166,0.3454864342669879,0.8745578181784375,36.25304553788476,35.895213137387714,35.92777877268395,36.54746850129567,36.57999190902143
P_0034_0066,34,66,0.013500000000000512,25.069500000000005,25.069503634894733,20,0.783,1.0,94.58242270196283,100.47520834053064,35.43644401875902,35.112376810340265,35.746721327288355,35.45230539024709,0.2733175665437747,0.6343445169480901,0.33992857990682523,0.8101462540844062,35.543293610459955,35.112376810340265,35.14499124345434,35.714143959692535,35.746721327288355
P_0034_0067,34,67,0.013500000000000512,25.8525,25.852503524803936,20,0.783,1.0,76.48284137419937,84.10482555594224,34.522445145569485,34.09927521611729,34.91976474600909,34.48862380913238,0.35510637752702334,0.8204895298918018,0.43114093687671584,1.0478793485208195,34.40499866129113,34.09927521611729,34.131942736705184,34.88713768553919,34.91976474600909
P_0034_0068,34,68,0.013500000000000512,26.6355,26.635503421185792,21,0.783,1.0,47.696194700174225,62.23319679363485,33.068220968237505,31.060644191004656,33.813987300231815,33.09215548994456,0.6135655418932674,1.4009048897756884,0.7218318102872558,1.7891505616547745,33.00669521186143,32.41308241045613,32.44570509888081,33.78130742829262,33.813987300231815
P_0035_0000,35,0,0.7965000000000018,-26.6085,26.62041856357634,16,0.783,1.0,33.42496096979854,46.591569233755365,32.42201745078354,31.61820674820177,33.09679634190712,32.34617391091126,0.6307190808477987,1.478589593705351,0.7506224309958611,1.8883647429187114,32.267400208986146,33.04052234249326,33.09679634190712,31.61820674820177,31.707943912968005
P_0035_0001,35,1,0.7965000000000018,-25.825499999999998,25.837779751751114,16,0.783,1.0,60.91465815780944,68.93682500933437,33.808868228116495,33.3672285769141,34.22319154736999,33.82985850180088,0.3672050966375596,0.8559629704558915,0.4626299248867767,1.0931838703140377,33.96250734543088,34.17624212568461,34.22319154736999,33.3672285769141,33.420122913604814
P_0035_0002,35,2,0.7965000000000018,-25.0425,25.055163509743856,20,0.783,1.0,81.45712031138845,89.44544662830296,34.843473008028184,34.407673998985445,35.25549658637652,34.838314772301906,0.3602440364716354,0.8478225873910787,0.4306407733164619,1.082787467932412,34.86172017680343,35.21333458157079,35.25549658637652,34.407673998985445,34.45334851777335
P_0035_0003,35,3,0.7965000000000018,-24.2595,24.272572020698586,16,0.783,1.0,97.75746866551735,102.79687502334784,35.663407839306885,35.39186282294861,35.92674606761858,35.646093902803536,0.22338934297432878,0.5348832446699703,0.28065216481504507,0.6831203635631804,35.59171283375872,35.88675288832286,35.92674606761858,35.39186282294861,35.4333949013689
P_0035_0004,35,4,0.7965000000000018,-23.4765,23.49000775861941,16,0.783,1.0,109.98887993152553,114.40510939160964,36.27802366073824,36.04009886696127,36.509829301218815,36.29198711930987,0.1962858088653579,0.46973043425754213,0.2518882523485999,0.5999111548627614,36.358998097680114,36.47134116873451,36.509829301218815,36.04009886696127,36.07966816195466
P_0035_0005,35,5,0.7965000000000018,-22.6935,22.70747353846306,20,0.783,1.0,122.01612903156555,127.13823321029857,36.881829747764826,36.60658203911379,37.14883429686523,36.880767388646156,0.22635959666658362,0.5422522577514428,0.27418534953236673,0.6925316190950738,36.89195576560462,37.11170386440102,37.14883429686523,36.60658203911379,36.64476097724611
P_0035_0006,35,6,0.7965000000000018,-21.9105,21.92497257694978,16,0.783,1.0,132.72915965253264,136.2265845705128,37.4192073169318,37.23000105241312,37.60454262223351,37.408100349126265,0.15315252409613153,0.3745415698203871,0.1964422731072446,0.47834172390854035,37.37081332336686,37.568237219142304,37.60454262223351,37.23000105241312,37.26690752847554
P_0035_0007,35,7,0.7965000000000018,-21.127499999999998,21.142508566865946,16,0.783,1.0,141.32051247640965,144.52709338202683,37.8498212247428,37.67585365660068,38.02045487540198,37.86037387874647,0.1410834525942776,0.34460121880130146,0.18452022214579245,0.4401037277155829,37.90876291784747,37.9848188554214,38.02045487540198,37.67585365660068,37.71197908846085
P_0035_0008,35,8,0.7965000000000018,-20.3445,20.360085768483394,20,0.783,1.0,150.12793470242437,153.97600730049817,38.29094074297943,38.08348411490067,38.493555703438005,38.29074151673624,0.16842823416745395,0.4100715885373347,0.2072574018355695,0.5237185038790992,38.29909587298158,38.45860008222343,38.493555703438005,38.08348411490067,38.11897181013751
P_0035_0009,35,9,0.7965000000000018,-19.5615,19.577709122877476,16,0.783,1.0,158.20484861582617,160.90007492338069,38.69518702596456,38.54782447798527,38.83998786967038,38.68704492106768,0.11702075636574541,0.29216339168510785,0.15294294860269986,0.3731333227140585,38.65926810215427,38.80548369356637,38.83998786967038,38.54782447798527,38.58266046196212
P_0035_0010,35,10,0.7965000000000018,-18.7785,18.79538439351534,16,0.783,1.0,164.82000230190476,167.33130084814346,39.02604565889959,38.88819801625999,39.16156093834456,39.03449716444858,0.10969690484258376,0.2733629220845657,0.14629914818858936,0.3491225058551286,39.072682142000986,39.127444955590704,39.16156093834456,38.88819801625999,38.922599770046645
P_0035_0011,35,11,0.7965000000000018,-17.9955,18.013118344695346,20,0.783,1.0,171.70466486284369,174.75475776428215,39.37015467334506,39.20436046736364,39.53249260676688,39.37029525911944,0.1325174282328532,0.3281321394032375,0.16593479175579517,0.41907042069378986,39.377443866862336,39.49879161395637,39.53249260676688,39.20436046736364,39.238387740647966
P_0035_0012,35,12,0.7965000000000018,-17.2125,17.230918968528638,16,0.783,1.0,178.08931055220444,180.25055582437727,39.68906176213838,39.56924801835771,39.80691638859668,39.682820554159676,0.09312895268938585,0.23766837023897125,0.12409583443700711,0.30353559417493137,39.66156238039736,39.77350206854624,39.80691638859668,39.56924801835771,39.60287391490039
P_0035_0013,35,13,0.7965000000000018,-16.429499999999997,16.448795776591062,16,0.783,1.0,183.3613384000625,185.38833560850685,39.95222171384627,39.83929888264498,40.063308128783774,39.9591635846239,0.08799343086460566,0.2240092461387917,0.11986470197891919,0.2860909912372818,39.99041657759801,40.03014741296357,40.063308128783774,39.83929888264498,39.87264692112916
P_0035_0014,35,14,0.7965000000000018,-15.6465,15.666760178798933,20,0.783,1.0,188.8787719148366,191.34807242790797,40.22745097064406,40.09165304186922,40.360515222410186,40.22776333796391,0.10656069379622443,0.2688621805409639,0.13611029609468517,0.34337443236393855,40.23426089026685,40.32763263222188,40.360515222410186,40.09165304186922,40.12475490305138
P_0035_0015,35,15,0.7965000000000018,-14.8635,14.884825981515538,16,0.783,1.0,194.01380290985313,195.77325967784336,40.48343432358151,40.38420385837895,40.58104179548496,40.478593409630875,0.0752670657753026,0.19683793710600384,0.10244838585408189,0.2513894471341045,40.46233067010115,40.5483553502055,40.58104179548496,40.38420385837895,40.41703537398382
P_0035_0016,35,16,0.7965000000000018,-14.080499999999999,14.103010051049385,16,0.783,1.0,198.26171534941273,199.91445025912805,40.69505032137101,40.60126700168155,40.78728484947288,40.70080430906287,0.07134371610350188,0.18601784779133368,0.09953730738131839,0.23757068683439805,40.72678758177869,40.75477445742928,40.78728484947288,40.60126700168155,40.63390765495194
P_0035_0017,35,17,0.7965000000000018,-13.2975,13.32133321030594,20,0.783,1.0,202.70795471896014,204.7159206168297,40.916391461196255,40.80424287515183,41.026235775832674,40.916802961110776,0.08607467801896035,0.22199290068084565,0.11256008595894684,0.283515837395716,40.922903152756646,40.99392090798796,41.026235775832674,40.80424287515183,40.83671209382476
P_0035_0018,35,18,0.7965000000000018,-12.5145,12.539821470021014,16,0.783,1.0,206.8403711423472,208.2737886262243,41.12195987854067,41.03934479495274,41.20316029241724,41.11823995948146,0.060891226103989504,0.16381549746449764,0.0849203329357806,0.2092151947183878,41.106086579443854,41.17098461991856,41.20316029241724,41.03934479495274,41.0716235106749
P_0035_0019,35,19,0.7965000000000018,-11.731499999999999,11.758507749710418,16,0.783,1.0,210.24910903963723,211.59262871057385,41.291398144593586,41.21335099880156,41.36807875882772,41.29615868478821,0.0577169885180757,0.1547277600261623,0.08280768598665134,0.19760888892230177,41.31784089332024,41.33602872618525,41.36807875882772,41.21335099880156,41.2454940468063
P_0035_0020,35,20,0.7965000000000018,-10.9485,10.977434331390919,20,0.783,1.0,213.80114351954472,215.4205065731161,41.467814970435946,41.37547405261046,41.55812641464581,41.468288144182694,0.06895073771411703,0.1826523620353555,0.09281409157223663,0.23327249302088826,41.47412923607561,41.52621638597259,41.55812641464581,41.37547405261046,41.40749463160898
P_0035_0021,35,21,0.7965000000000018,-10.165499999999998,10.19665643728374,16,0.783,1.0,217.08244330356575,218.23702102918543,41.63064148488145,41.56217657667503,41.6978287004801,41.634790167458064,0.04948653705621947,0.1356521238050732,0.07261359078303542,0.17324664598349065,41.653866478830594,41.66601838145789,41.6978287004801,41.56217657667503,41.59406069984669
P_0035_0022,35,22,0.7965000000000018,-9.3825,9.41624758064485,20,0.783,1.0,220.08409514056635,221.4629317762933,41.779435699094634,41.69930584145237,41.85767006061866,41.77993820841721,0.058448797787016754,0.1583642191662875,0.080632366964835,0.20225315346907727,41.7856518130252,41.825970510181264,41.85767006061866,41.69930584145237,41.73109281680854
P_0035_0023,35,23,0.7965000000000018,-8.599499999999999,8.636307804843455,16,0.783,1.0,222.8356649133743,223.81590130522943,41.91568577271024,41.85604104323812,41.974120563444274,41.91350608528346,0.04128507089208088,0.11807952020615176,0.06061447816081511,0.150803984937614,41.90714919386954,41.94249945896587,41.974120563444274,41.85604104323812,41.8877201668995
P_0035_0024,35,24,0.7965000000000018,-7.816499999999998,7.856976804089469,16,0.783,1.0,225.06618816387748,225.9726315156556,42.02600013865019,41.97008264120893,42.08073241696707,42.029340102113736,0.03887644050479641,0.11064977575813373,0.05925746090480288,0.14131516699633936,42.04501857866149,42.04918141298111,42.08073241696707,41.97008264120893,42.00168546075008
P_0035_0025,35,25,0.7965000000000018,-7.0335,7.078455657839498,20,0.783,1.0,227.34049134507208,228.4001115521788,42.13832194401716,42.074343682934,42.200543071124855,42.138853964125516,0.044718234793856705,0.1261993881908552,0.06451028119151658,0.16117418670607303,42.14443589445062,42.16906877145368,42.200543071124855,42.074343682934,42.10587840066444
P_0035_0026,35,26,0.7965000000000018,-6.250499999999999,6.30104455626208,16,0.783,1.0,229.38561860362165,230.1325603979681,42.2391587819124,42.19128568815961,42.28589229488216,42.23776565714542,0.03159851283399396,0.09460660672255017,0.048126637736743305,0.1208258067976375,42.23443310136071,42.2544711706658,42.28589229488216,42.19128568815961,42.22274603065881
P_0035_0027,35,27,0.7965000000000018,-5.467499999999998,5.525212077377662,16,0.783,1.0,231.00429401259734,231.6827358954481,42.31881051140546,42.27438734577333,42.362110494410615,42.32140239941308,0.02951771556538459,0.0877231486372878,0.047015053639754,0.11203467258912873,42.33398221729942,42.33073567697113,42.362110494410615,42.27438734577333,42.3057962626109
P_0035_0028,35,28,0.7965000000000018,-4.6845,4.751731526506943,20,0.783,1.0,232.60573750567636,233.36884896782107,42.39742070598253,42.34839315003245,42.44478172743948,42.39797126329474,0.03240659272669018,0.09638857740702633,0.049578113262292334,0.12310163142659812,42.40346840402083,42.413455609072685,42.44478172743948,42.34839315003245,42.37975742590828
P_0035_0029,35,29,0.7965000000000018,-3.9014999999999986,3.9819736940366632,16,0.783,1.0,233.9912170535947,234.5196155288,42.46521549135756,42.42833941937056,42.500997734424345,42.464556172073415,0.023196386929834955,0.07265831505378628,0.03644156235093021,0.09279478295502717,42.46408318515955,42.469703540385865,42.500997734424345,42.42833941937056,42.45965698102674
P_0035_0030,35,30,0.7965000000000018,-3.1184999999999974,3.218610647468871,16,0.783,1.0,235.03344244979212,235.496575767306,42.51599847385894,42.48240122006587,42.548511896542095,42.51787962575928,0.021487666838273575,0.06611067647622804,0.035478405693410764,0.08443253700667692,42.52755303218237,42.517243597939455,42.548511896542095,42.48240122006587,42.51368838206662
P_0035_0031,35,31,0.7965000000000018,-2.3354999999999997,2.4675843450630013,20,0.783,1.0,235.99549602310339,236.475893155359,42.562593495465634,42.52777849743114,42.59579606076818,42.56315429265984,0.021750857986516287,0.06801756333703679,0.035375795228695495,0.08686789698216703,42.56860376405047,42.56455189675012,42.59579606076818,42.52777849743114,42.559041244299294
P_0035_0032,35,32,0.7965000000000018,-1.5524999999999984,1.7448978480128852,16,0.783,1.0,236.7489152246398,237.06735871974823,42.59874480024381,42.57240844850685,42.624013594139285,42.59878818549073,0.016716438114354196,0.05160514563243623,0.026379736983884072,0.06590695483069761,42.60108772283076,42.59278229802504,42.624013594139285,42.57240844850685,42.60364886395172
P_0035_0033,35,33,0.7965000000000018,-0.7695000000000007,1.1074937923076607,16,0.783,0.1875,44.44207080622918,237.06909048974907,39.44811947174534,38.70435399166678,42.60945071291923,39.497675166257395,1.5504428300441815,3.8914939042394394,3.100835197029042,4.969979443473102,38.72299984473108,38.707016459047,38.73445023454303,42.59851036328644,38.72539892967944
P_0035_0034,35,34,0.7965000000000018,0.013500000000000512,0.796614398564326,20,0.783,0.0,0.0,0.0,38.4628957282774,36.10659820697941,38.74030350514823,38.1999365271151,1.0464721452460546,2.6296662461583082,2.0928462910408285,3.358449867379704,38.731515266118265,38.71499727514845,36.10709023607427,38.70932337600192,38.73675648223258
P_0035_0035,35,35,0.7965000000000018,0.7965000000000018,1.1264211024301727,16,0.783,0.0,0.0,0.0,38.07039372162233,36.10667299673088,38.734347368116175,37.67577500567088,1.280911560958178,2.6276743713852966,1.5691020089399998,3.3559059660093187,38.734347368116175,38.71498351899004,36.10667299673088,38.715527318977536,36.10734382553977
P_0035_0036,35,36,0.7965000000000018,1.5794999999999995,1.7689636796723671,16,0.783,0.0,0.0,0.0,37.24456985888321,36.07961315295029,38.732738599867446,36.619718423898846,1.0472250032802843,2.634477068474496,2.0943717975259375,3.364593957183264,36.0964852026587,36.07961315295029,36.102431837350025,38.71409022142478,36.10597170511045
P_0035_0037,35,37,0.7965000000000018,2.3625000000000007,2.4931543273532037,20,0.783,0.0,0.0,0.0,34.72752545052669,33.125276854653634,36.100772297205765,34.78607801720908,1.1482104964675337,2.9708320593303483,1.6561377793336618,3.7941661038701766,34.31881374317862,34.30291196218411,33.12994023787542,36.07795184560149,36.100772297205765
P_0035_0038,35,38,0.7965000000000018,3.145500000000002,3.24477772736439,16,0.783,0.5625,133.17004977929258,236.9112801449703,35.99814229315524,33.114204861224664,38.85335000834408,35.410458219758006,2.8031736662049456,5.739145147119416,3.442891788586074,7.329687288785972,33.12232896429691,38.83388601209128,38.85335000834408,33.114204861224664,33.12852125283308
P_0035_0039,35,39,0.7965000000000018,3.9284999999999997,4.0084316758552845,16,0.783,1.0,236.25023474919792,236.62102733866337,39.2681257253153,38.28452454142638,40.075939664662485,39.56773330911403,0.595892901556596,1.2337027980759103,0.7394465513064574,1.5756102146563349,40.061989555883486,40.039632036658304,40.06100276485762,38.828286757807575,38.84775543036318
P_0035_0040,35,40,0.7965000000000018,4.711500000000001,4.778351650935709,20,0.783,1.0,235.33757285849885,235.8905431396572,40.330588302349284,39.66047414751012,40.87206744136808,40.35422589229994,0.4248802674402376,1.1583927573340702,0.6576227050111214,1.479428808855773,40.854995944622885,40.58314030183783,40.60488272337494,40.031507304375225,39.696603187288815
P_0035_0041,35,41,0.7965000000000018,5.494500000000002,5.5519314206859605,16,0.783,1.0,234.2089470226391,234.72978301975007,41.18962554419606,40.57222065929642,41.61094345804952,41.1538033919879,0.3329517782431409,1.0387227987530991,0.58158273269148,1.326593612711493,41.194401894069244,41.16485673702715,41.61094345804952,40.57222065929642,41.22659421149717
P_0035_0042,35,42,0.7965000000000018,6.277500000000003,6.3278288930722555,20,0.783,1.0,232.8436013385715,233.59988988424277,41.63558870998048,41.15122892920124,41.84785743912892,41.55915514703658,0.23201944810544492,0.6365386840203584,0.4079262178353389,0.8129485108816837,41.49027954486786,41.7877676132216,41.76972188982427,41.15122892920124,41.5967777580679
P_0035_0043,35,43,0.7965000000000018,7.060500000000005,7.105284828914325,16,0.783,1.0,231.253857770304,231.9307869992429,41.892779976462606,41.735232408853335,41.984237944080576,41.916776478026364,0.07543589695275593,0.2137665504352526,0.14630508438104073,0.2730096429568999,41.95718172518707,41.94391107390635,41.92808025331249,41.77047139364532,41.984237944080576
P_0035_0044,35,44,0.7965000000000018,7.843499999999999,7.883838183270886,16,0.783,1.0,229.63675885033047,230.3855963163688,42.06591374990501,41.9239353443412,42.20724270307164,42.064435204393874,0.0899055420311137,0.2833073587304398,0.14280749867776876,0.36182293579877367,42.05348807522523,42.07661879257671,42.20724270307164,41.9239353443412,42.06089110675458
P_0035_0045,35,45,0.7965000000000018,8.6265,8.663193089155984,20,0.783,1.0,227.58173936934432,228.64914846791532,42.12024354275023,42.05439201544783,42.1842490240154,42.120756517097014,0.04622952721253452,0.1298570085675692,0.06636450164918273,0.16584547709778955,42.12642255978125,42.05439201544783,42.08608568190289,42.15263330433771,42.1842490240154
P_0035_0046,35,46,0.7965000000000018,9.409500000000001,9.44315108954633,16,0.783,1.0,225.28405105788357,226.2019773426102,42.00361949410573,41.946018949627614,42.05997524028561,42.0070537792475,0.04023093709119147,0.1139562906579954,0.061034829619885045,0.1455380468173632,42.0232144339123,41.946018949627614,41.977799560853896,42.02826071155806,42.05997524028561
P_0035_0047,35,47,0.7965000000000018,10.192500000000003,10.223574154863849,16,0.783,1.0,223.01893166642998,224.01590350630988,41.88878582405878,41.82718561989958,41.94910888918548,41.88647302998821,0.042862603250110265,0.12192326928590091,0.06263585919727177,0.1557129875937432,41.8797026804429,41.82718561989958,41.859062908795806,41.91730505161729,41.94910888918548
P_0035_0048,35,48,0.7965000000000018,10.975500000000004,11.004363339148707,20,0.783,1.0,220.2104495396282,221.61967141221328,41.746545734549976,41.66335978521551,41.827703213912855,41.74701889042782,0.060975119222353345,0.16434342869734309,0.08365910521230546,0.20988943639507418,41.75285842792829,41.66335978521551,41.69537288755407,41.79580013752837,41.827703213912855
P_0035_0049,35,49,0.7965000000000018,11.758499999999998,11.785445876164378,16,0.783,1.0,217.13123271694002,218.3171465021368,41.59072153619891,41.51954400384534,41.66053318724033,41.59502426486627,0.05173301695666448,0.14098918339499278,0.0754802610209282,0.18006281404213637,41.61487430174742,41.51954400384534,41.5516790685432,41.62849076295504,41.66053318724033
P_0035_0050,35,50,0.7965000000000018,12.5415,12.566767066354018,16,0.783,1.0,214.14277718162265,215.41858877976,41.439593861560525,41.36385083553574,41.51392289392948,41.436331651221295,0.054882865245728926,0.15007205839373938,0.07759124270818774,0.19166290982597622,41.42600811432345,41.36385083553574,41.39612108791693,41.48175532440087,41.51392289392948
P_0035_0051,35,51,0.7965000000000018,13.3245,13.348285002201594,20,0.783,1.0,210.48317841545486,212.281003132338,41.254632314808816,41.151649161009175,41.35531245037686,41.255043812687916,0.07801543084163513,0.2036632893676824,0.10339465167874096,0.2601063721170912,41.26114204534923,41.151649161009175,41.184109240216685,41.32300616648763,41.35531245037686
P_0035_0052,35,52,0.7965000000000018,14.107500000000002,14.129967038178117,16,0.783,1.0,206.5097567031267,208.0048857271023,41.053906227867984,40.96700129037925,41.13926317814122,41.05920186722146,0.06527546020875566,0.1722618877619695,0.09220057684220961,0.22000241093482692,41.08335053637285,40.96700129037925,40.99963226316913,41.10676206804487,41.13926317814122
P_0035_0053,35,53,0.7965000000000018,14.890500000000003,14.911787367716858,16,0.783,1.0,202.68212662553978,204.2839775077903,40.860622664343964,40.76827372746288,40.95134943967713,40.856240016121475,0.06918228243830299,0.18307571221424723,0.09510942355565533,0.2338131701331382,40.84180904892844,40.76827372746288,40.80109506613184,40.9186727984071,40.95134943967713
P_0035_0054,35,54,0.7965000000000018,15.673500000000004,15.693725322561248,20,0.783,1.0,198.0199132877425,200.2790726198276,40.62527311708451,40.49865420713076,40.74915994602213,40.62558551380043,0.09844519264140633,0.25050573889136984,0.12693130666966823,0.31993070101068943,40.63208062679979,40.49865420713076,40.53174513113317,40.716287657916325,40.74915994602213
P_0035_0055,35,55,0.7965000000000018,16.4565,16.475764155267576,16,0.783,1.0,192.97529743018774,194.8446887528923,40.37068848221661,40.264655397179865,40.47488613774192,40.37717130777355,0.08186734934861724,0.2102307405620536,0.11251591059368593,0.26849392153518975,40.40658654983099,40.264655397179865,40.2979919340932,40.44173652002178,40.47488613774192
P_0035_0056,35,56,0.7965000000000018,17.2395,17.257890152043498,16,0.783,1.0,188.1235519443023,190.12719133073543,40.12588984226669,40.01297000234365,40.23685164712538,40.1201076592882,0.0869901669755949,0.22388164478172712,0.11674398783717521,0.2859280265411585,40.10068385591149,40.01297000234365,40.04658383214007,40.20344895892043,40.23685164712538
P_0035_0057,35,57,0.7965000000000018,18.0225,18.040091975929613,20,0.783,1.0,182.21172391216086,185.05167563261296,39.82765242159602,39.671055217294736,39.98079543669917,39.8277931009914,0.12435782941824293,0.3097402194044321,0.15673788369666397,0.3955813785497217,39.83493863178654,39.671055217294736,39.70506952182461,39.94710669735196,39.98079543669917
P_0035_0058,35,58,0.7965000000000018,18.805500000000002,18.82236017347453,16,0.783,1.0,175.79987900844122,178.15357166894017,39.504227748875394,39.3732849886473,39.632839408451446,39.51221929002219,0.10352572954223126,0.2595544198041466,0.1389343013748885,0.33148712618664955,39.54856230686943,39.3732849886473,39.40767321334971,39.598736532793055,39.632839408451446
P_0035_0059,35,59,0.7965000000000018,19.588500000000003,19.604686799334495,16,0.783,1.0,169.6050076843353,172.14262810615006,39.191769743504906,39.05131800610968,39.32966134782265,39.184087717970804,0.11083829235711268,0.2783433417129686,0.14557362985184596,0.3554831950357198,39.15814878546388,39.05131800610968,39.08613952151768,39.29517092894014,39.32966134782265
P_0035_0060,35,60,0.7965000000000018,20.371500000000005,20.387065127182975,20,0.783,1.0,162.00091142815282,165.63884284524025,38.808242864483816,38.61000826170823,39.00163859610541,38.808043874592805,0.1602277036212598,0.39163033439717765,0.19803561288457416,0.5001664551688092,38.81639429475416,38.61000826170823,38.64548059058279,38.96669762981344,39.00163859610541
P_0035_0061,35,61,0.7965000000000018,21.1545,21.169489424641302,16,0.783,1.0,153.66630685935735,156.7152818792348,38.38786408043356,38.22082337744189,38.551572904019736,38.37831034376829,0.13381077519028597,0.33074952657784706,0.1732625602514446,0.42241318847745474,38.3462705834354,38.22082337744189,38.25693229099653,38.51595256294792,38.551572904019736
P_0035_0062,35,62,0.7965000000000018,21.9375,21.951954776283593,20,0.783,1.0,144.39732690268588,148.83505542969343,37.920325298877955,37.67976172550635,38.15411025337818,37.919637390229504,0.19647260941055197,0.47434852787182535,0.2398756647231508,0.6058091032845789,37.92961938624666,37.67976172550635,37.71687404359432,38.11782154242201,38.15411025337818
P_0035_0063,35,63,0.7965000000000018,22.7205,22.73445694315129,16,0.783,1.0,134.06735706122714,137.85846427783312,37.399209989642785,37.19314068635976,37.60041901491565,37.41143531689598,0.16861268838176627,0.40727832855588986,0.21829463053622078,0.5201511220381735,37.469247389299085,37.19314068635976,37.2313001238324,37.56306937007304,37.60041901491565
P_0035_0064,35,64,0.7965000000000018,23.503500000000003,23.516992250285753,16,0.783,1.0,123.70059199088448,127.95921556522882,36.876153068592,36.64519247337546,37.100998115128505,36.861905544080784,0.18861006391810173,0.45580564175304517,0.23909257104772053,0.5821272563895851,36.816066686206455,36.64519247337546,36.684740282612665,37.06253016308085,37.100998115128505
P_0035_0065,35,65,0.7965000000000018,24.286500000000004,24.299557495970994,20,0.783,1.0,110.23831647877236,116.77126355893972,36.19675665008574,35.8416635609164,36.53645771970804,36.193825517890694,0.29306000316530995,0.6947941587916375,0.3521619569742924,0.8873488618028575,36.210720332502206,35.8416635609164,35.88379889992035,36.49648707640648,36.53645771970804
P_0035_0066,35,66,0.7965000000000018,25.069500000000005,25.082149877951057,16,0.783,1.0,94.1689829758078,100.25063193250485,35.385546775333935,35.0546727138987,35.70259868361416,35.40333861349401,0.27492437741141107,0.647925969715466,0.3486658995953107,0.8274916599175811,35.499351611204816,35.0546727138987,35.10031377743826,35.65975628131412,35.70259868361416
P_0035_0067,35,67,0.7965000000000018,25.8525,25.864766933030733,16,0.783,1.0,75.99228789357969,83.85684885936486,34.46759009102499,34.0330521082098,34.8748392801802,34.435756726984025,0.35703228936441334,0.8417871719703953,0.4390825531961724,1.0750794022610413,34.35707486051274,34.0330521082098,34.08588973642037,34.82792764959703,34.8748392801802
P_0035_0068,35,68,0.7965000000000018,26.6355,26.647406487311294,16,0.783,1.0,48.92287306754136,61.931875445758415,33.099911959331294,32.30382917339597,33.76730952015407,33.02461612044915,0.6240157862673624,1.4634803467581037,0.742693399704919,1.869068131236403,32.94761058895307,32.30382917339597,32.39322583241318,33.71110548732946,33.76730952015407
P_0036_0000,36,0,1.5794999999999995,-26.6085,26.65533891174524,16,0.783,1.0,31.55051126819192,45.54184996217224,32.30038129208563,31.416118751622665,33.01693040493558,32.2113198095906,0.6648958104940831,1.6008116533129133,0.8056105953449801,2.044459327347271,32.115041187192446,32.93105665599995,33.01693040493558,31.416118751622665,31.57745204820236
P_0036_0001,36,1,1.5794999999999995,-25.825499999999998,25.873756404897993,16,0.783,1.0,59.830102467758984,68.15999483659483,33.727319259527235,33.26620086126405,34.157217843308786,33.7444146896366,0.3719893609117896,0.8910169820447322,0.4782138283725459,1.1379527229179212,33.863538634635745,34.08981632629195,34.157217843308786,33.26620086126405,33.345299782682446
P_0036_0002,36,2,1.5794999999999995,-25.0425,25.09226228342116,20,0.783,1.0,80.59882984150498,88.80765024497884,34.77345001721787,34.324344239508605,35.19663175653,34.764644649780834,0.36365682102126307,0.8722875170213982,0.4403004102722292,1.1140325887885034,34.77450118933115,35.138476664646305,35.19663175653,34.324344239508605,34.38926939888813
P_0036_0003,36,3,1.5794999999999995,-24.2595,24.31086507099243,16,0.783,1.0,97.01530131330236,102.22169399867327,35.599319733157564,35.31851552451769,35.87109675658621,35.57864328691197,0.22622990414544586,0.5525812320685191,0.2924534696742427,0.7057231571756309,35.51105477975449,35.81708504001398,35.87109675658621,35.31851552451769,35.37546433368749
P_0036_0004,36,4,1.5794999999999995,-23.4765,23.52957442241572,16,0.783,1.0,109.31162285382467,113.87318453308824,36.21726362387413,35.97144175952468,36.45640943516747,36.22825499343175,0.19689974224683277,0.48496767564279253,0.25681323390706723,0.6193712332602714,36.28352027526802,36.40525657258991,36.45640943516747,35.97144175952468,36.024646924608646
P_0036_0005,36,5,1.5794999999999995,-22.6935,22.748401317455254,20,0.783,1.0,121.39043814335942,126.64514827949886,36.82372144984576,36.54123165638202,37.09742409091791,36.819731558374755,0.22764823622527974,0.5561924345358946,0.27849990199273833,0.7103351654353699,36.819364975686085,37.04883815699032,37.09742409091791,36.54123165638202,36.591798911897456
P_0036_0006,36,6,1.5794999999999995,-21.9105,21.967358295889834,16,0.783,1.0,132.14212035771254,135.75699545938522,37.36309239938632,37.167665003036575,37.55435283164417,37.34912265542946,0.15505460572430482,0.38668782860759165,0.2052301762147053,0.4938541872383035,37.300445996697306,37.507320775776975,37.55435283164417,37.167665003036575,37.21582866999228
P_0036_0007,36,7,1.5794999999999995,-21.127499999999998,21.18645974437447,16,0.783,1.0,140.7603081229157,144.07649587960415,37.79509417640777,37.61536170096156,37.97125477063963,37.8029425943144,0.14127654860979053,0.3558930696780749,0.18758089335284467,0.45452499320316075,37.84056120030402,37.92547986824161,37.97125477063963,37.61536170096156,37.66205543142519
P_0036_0008,36,8,1.5794999999999995,-20.3445,20.405722248918316,20,0.783,1.0,149.59212805393128,153.5446365757657,38.237478884456856,38.02449414372416,38.44536106887688,38.23459820727409,0.16929781018412815,0.4208669251527155,0.21076286160278812,0.5375056515360351,38.23228442848677,38.40086045556967,38.44536106887688,38.02449414372416,38.069990939712966
P_0036_0009,36,9,1.5794999999999995,-19.5615,19.625165031153237,16,0.783,1.0,157.6891906466941,160.4814115353119,38.6427727289029,38.4903656225045,38.792460056159086,38.63197927397241,0.11866061100658233,0.3020944336545881,0.16048078218667428,0.38581664579130026,38.59362532789487,38.74880279680588,38.792460056159086,38.4903656225045,38.53464256649772
P_0036_0010,36,10,1.5794999999999995,-18.7785,18.84481049254675,16,0.783,1.0,164.31938795881246,166.92352844776133,38.97441547334573,38.83175703131974,39.11460630111327,38.980304586957324,0.10979551464405216,0.2828492697935303,0.1485475556375846,0.36123789245661597,39.00826363480837,39.071672761953664,39.11460630111327,38.83175703131974,38.87522320559157
P_0036_0011,36,11,1.5794999999999995,-17.9955,18.06468489899561,20,0.783,1.0,171.21849042592592,174.35858714600653,39.31927892869889,39.14879569841207,39.48615047011987,39.316871276473776,0.13324769695982358,0.33735477170779404,0.16927919364609068,0.43084900601250836,39.31385716613073,39.44398899268333,39.48615047011987,39.14879569841207,39.19156405502287
P_0036_0012,36,12,1.5794999999999995,-17.2125,17.28481924985043,16,0.783,1.0,177.61558628164232,179.86237234056236,39.638838002142215,39.51462063348208,39.760997206198056,39.63006625300808,0.09467852043088909,0.2463765727159739,0.13093095318997428,0.3146571809910267,39.59870281672346,39.719368021139246,39.760997206198056,39.51462063348208,39.55664258749755
P_0036_0013,36,13,1.5794999999999995,-16.429499999999997,16.505250391920743,16,0.783,1.0,182.89723762496544,185.0071975686168,39.90250303566026,39.78531926894732,40.01776299593303,39.9069715069288,0.08809419859383055,0.23244372698571425,0.12165223798147906,0.2968629974274767,39.92834581543474,39.97660394386713,40.01776299593303,39.78531926894732,39.82682551046179
P_0036_0014,36,14,1.5794999999999995,-15.6465,15.726022462784416,20,0.783,1.0,188.42416394086598,190.97463726678103,40.178231565795,40.03824650746947,40.31538017298829,40.176080111932244,0.10725088836287855,0.277133665518825,0.13930006105604775,0.35393827013898466,40.1727414747358,40.27473584385024,40.31538017298829,40.03824650746947,40.07929656061742
P_0036_0015,36,15,1.5794999999999995,-14.8635,14.947188782510242,16,0.783,1.0,193.56756334210993,195.4052407628632,40.434655948015426,40.33142570638893,40.53619586321946,40.42736283119179,0.07680452556787223,0.20477015683053423,0.10883303202766825,0.261519995952151,40.40130301159985,40.49591395903025,40.53619586321946,40.33142570638893,40.37197561572049
P_0036_0016,36,16,1.5794999999999995,-14.080499999999999,14.168814364653098,16,0.783,1.0,197.82206127220246,199.5512806251513,40.64661968937065,40.548931844684205,40.74269835242183,40.64996075975675,0.07149886585579572,0.19376650773762805,0.10102891507254697,0.24746680426261564,40.66630307289421,40.70274131994364,40.74269835242183,40.548931844684205,40.58912920883989
P_0036_0017,36,17,1.5794999999999995,-13.2975,13.390979295779678,20,0.783,1.0,202.27488737759865,204.3581222120073,40.86830927888701,40.752305145316654,40.98193732845221,40.866314615236696,0.08678025136097117,0.229632183135557,0.1156227132155152,0.29327226454094124,40.862803743783616,40.94234059752904,40.98193732845221,40.752305145316654,40.79218626110196
P_0036_0018,36,18,1.5794999999999995,-12.5145,12.613783353934695,16,0.783,1.0,206.41317271384946,207.91980425965988,41.074188719595725,40.98784814224604,41.15906685714276,41.06807071079155,0.06247017873501064,0.17121871489672458,0.090996146351209,0.21867013396771975,41.04633394917778,41.119726291564064,41.15906685714276,40.98784814224604,41.02737831382712
P_0036_0019,36,19,1.5794999999999995,-11.731499999999999,11.837352427802426,16,0.783,1.0,209.82656499843887,211.2420795468815,41.24387406173422,41.16216808774465,41.32417033087785,41.246264402324265,0.0579727686113046,0.16200224313320177,0.08409631457961808,0.20689941651749907,41.25847420519415,41.28506073232347,41.32417033087785,41.16216808774465,41.201448655481215
P_0036_0020,36,20,1.5794999999999995,-10.9485,11.061847607881786,20,0.783,1.0,213.3832765873696,215.07377659344868,41.42053956457421,41.32457408027295,41.51442409882321,41.418647358783474,0.06971846380609373,0.18985001855025985,0.09577674003973868,0.2424649023630394,41.415037466972535,41.47557157873018,41.51442409882321,41.32457408027295,41.36362956911847
P_0036_0021,36,21,1.5794999999999995,-10.165499999999998,10.287478335335631,16,0.783,1.0,216.66875168292563,217.89300508275613,41.58358841344149,41.511591529083546,41.65427314448618,41.58538908058565,0.04984458233812357,0.1426816154026369,0.07379755150210343,0.1822242853162668,41.595080697852495,41.615603515322505,41.65427314448618,41.511591529083546,41.550396516183525
P_0036_0022,36,22,1.5794999999999995,-9.3825,9.514521874482186,20,0.783,1.0,219.67409262369293,221.12192468641723,41.732579377242914,41.648944779643614,41.81427750933068,41.73073765875059,0.059291203983163544,0.1653327296870657,0.08353985058008817,0.21115291147773396,41.72708353682594,41.77581085219123,41.81427750933068,41.648944779643614,41.6875716157615
P_0036_0023,36,23,1.5794999999999995,-8.599499999999999,8.743352932370966,16,0.783,1.0,222.4289419546366,223.4770208725079,41.86900459876718,41.805928419797056,41.93084342973924,41.864485237965184,0.043058494614001325,0.1249150099421854,0.06635819177405722,0.1595338568865714,41.84877628877314,41.89252038018526,41.93084342973924,41.805928419797056,41.84435767133124
P_0036_0024,36,24,1.5794999999999995,-7.816499999999998,7.9744901090916125,16,0.783,1.0,224.66204574910938,225.63564832093803,41.97945696359275,41.92014563381144,42.03755840585677,41.98047281962556,0.03944987198269559,0.11741277204533418,0.06032718581412411,0.14995245471945617,41.98686124696184,41.99936358454204,42.03755840585677,41.92014563381144,41.958435226955714
P_0036_0025,36,25,1.5794999999999995,-7.0335,7.208671340822801,20,0.783,1.0,226.9389049586552,228.06520057811596,42.09191562964379,42.02456330062262,42.1574818783065,42.090126111407855,0.04573431631056265,0.13291857768388127,0.06735576689864331,0.16975552705476535,42.08642978571163,42.119427246968826,42.1574818783065,42.02456330062262,42.06272834542972
P_0036_0026,36,26,1.5794999999999995,-6.250499999999999,6.446981502998127,16,0.783,1.0,228.9862643760042,229.7990834301992,42.19287213542966,42.141676227599646,42.24290930084754,42.18916065304046,0.03358931780087847,0.10123307324789721,0.053748647807083216,0.1292887270088087,42.17656059534352,42.20495177736007,42.24290930084754,42.141676227599646,42.17970536405153
P_0036_0027,36,27,1.5794999999999995,-5.467499999999998,5.691078676314357,16,0.783,1.0,230.6066534137466,231.350505724192,42.27261584873793,42.22489597824733,42.31919558857163,42.27289975226563,0.030434299703746802,0.09429961032429901,0.04800377401829792,0.12043372966066285,42.276253405687896,42.28132256993058,42.31919558857163,42.22489597824733,42.26283121889071
P_0036_0028,36,28,1.5794999999999995,-4.6845,4.94361815879827,20,0.783,1.0,232.20973759214195,233.03792757789364,42.35131422431609,42.29900422860874,42.40193841584557,42.34955834865311,0.03372707210732053,0.10293418723683345,0.05238006719245902,0.13146128638165192,42.34583688322732,42.364154196896834,42.40193841584557,42.29900422860874,42.33685801868711
P_0036_0029,36,29,1.5794999999999995,-3.9014999999999986,4.209099963175024,16,0.783,1.0,233.59658400321712,234.1895503106423,42.41918257683847,42.37905762219958,42.45820134769474,42.41621889671114,0.025517719212125894,0.07914372549515747,0.04198245098359621,0.10107755491080136,42.40653397579814,42.42047529036836,42.45820134769474,42.37905762219958,42.416826247494896
P_0036_0030,36,30,1.5794999999999995,-3.1184999999999974,3.4956919915804914,16,0.783,1.0,234.63979065490906,235.16720347217688,42.4700184607781,42.43318907749773,42.5057535660078,42.46960121701596,0.022965604807636212,0.0725644885100678,0.036412139518233744,0.09267495339727688,42.470086464662245,42.46807464648373,42.5057535660078,42.43318907749773,42.47090233042832
P_0036_0031,36,31,1.5794999999999995,-2.3354999999999997,2.8194645768301463,20,0.783,1.0,235.60269424994303,236.14716438416835,42.5166594134668,42.478622252179264,42.55307318887674,42.51492245930274,0.02361893797362172,0.07445093669747394,0.03815072957399934,0.09508421034160144,42.51118763464223,42.51543814931961,42.55307318887674,42.478622252179264,42.51629107149586
P_0036_0032,36,32,1.5794999999999995,-1.5524999999999984,2.2147407297469366,16,0.783,1.0,236.35671602019656,236.7389707824446,42.552843399300144,42.5233032647032,42.58130962073096,42.55059014883566,0.019442552738634437,0.05800635602776083,0.030719471895302775,0.07408219160633567,42.54370844856851,42.543697910478215,42.58130962073096,42.5233032647032,42.5609314996974
P_0036_0033,36,33,1.5794999999999995,-0.7695000000000007,1.7569719690421925,16,0.783,0.9375,222.0198845020517,237.0713015678306,42.33177782230833,38.69715932229144,42.59690469194231,41.79388854845921,1.5484128638501256,3.8898794546561817,3.096729226167767,4.967917566610704,42.57236985680777,42.56344350048636,38.69715932229144,42.549431285762864,42.58703877694762
P_0036_0034,36,34,1.5794999999999995,0.013500000000000512,1.579557691254105,20,0.783,0.25,59.24549897716902,237.0559001553024,39.66221617240931,38.67342813351252,42.5801173584058,39.46546372866841,1.5508366395811928,3.893624554635828,3.1015889594799404,4.972700580633241,38.68223074939715,38.67342813351252,38.70514052782716,42.56705268814835,38.69946654445687
P_0036_0035,36,35,1.5794999999999995,0.7965000000000018,1.7689636796723671,16,0.783,0.0,0.0,0.0,38.68989635325717,38.67340587160902,38.70584444135335,38.68864336305469,0.014298852460879453,0.032264438472736856,0.01702694702706964,0.041206179403239916,38.6850587156614,38.67340587160902,38.705125033910974,38.673956884010295,38.70567031008176
P_0036_0036,36,36,1.5794999999999995,1.5794999999999995,2.233750321768303,16,0.783,0.0,0.0,0.0,38.68631333027412,38.66767479279753,38.70423101508169,38.684880183685344,0.01451263438649923,0.03655622228416178,0.01935083139634486,0.046687384781815805,38.68057826246036,38.66767479279753,38.699407790238354,38.6725090578488,38.70423101508169
P_0036_0037,36,37,1.5794999999999995,2.3625000000000007,2.841870246862091,20,0.783,0.0,0.0,0.0,35.874262358457145,34.28314773161094,38.67628496308498,36.2231412566313,1.3975394767801463,4.368861663651785,2.4422061266989985,5.579644525736635,36.04891975164338,36.03508824700447,34.296485719678515,38.6653473833303,36.06986518149984
P_0036_0038,36,38,1.5794999999999995,3.145500000000002,3.519799781237565,16,0.783,0.75,177.3401290645798,236.8483329200677,36.60922126086632,34.27204038317325,38.19321095290479,36.92212482232583,1.4280968380841208,3.9189913701336536,2.6479052395546887,5.005097535292022,38.17190023733485,36.97487291256874,36.99642042604961,34.27421958277114,38.19321095290479
P_0036_0039,36,39,1.5794999999999995,3.9284999999999997,4.23413893253398,16,0.783,1.0,235.8556016988203,236.29096212050567,38.47379369919398,36.96572829268115,39.60463642542129,38.32694979584471,0.7082617002636339,1.850616702029015,1.3565043319977121,2.3634951494623433,38.79317199353227,38.77809965449626,38.27196970147202,36.970445463847,38.821062165876015
P_0036_0040,36,40,1.5794999999999995,4.711500000000001,4.969210450363318,20,0.783,1.0,234.94157294496435,235.55962174972976,39.920070165386484,38.25172788273943,40.82003329505375,39.84059687954516,0.6619431172875964,2.0383189691174834,1.069610070874944,2.6032170742241165,39.9887239989182,39.61043605354234,40.8093057777877,38.770986808670216,40.02353175880734
P_0036_0041,36,41,1.5794999999999995,5.494500000000002,5.717022870340823,16,0.783,1.0,233.81130642378832,234.397552848494,40.826098660237335,40.51355417720674,41.31422226060454,40.858382341858274,0.3075794914401575,0.756593673369423,0.42130385750077437,0.966275444916249,40.523092525989625,41.27968619935905,41.15591217468,40.76915932848772,40.56406148077497
P_0036_0042,36,42,1.5794999999999995,6.277500000000003,6.473162017128881,20,0.783,1.0,232.44400982781931,233.26641291647385,41.358834339077795,41.08366787965974,41.77766215467756,41.402162776514636,0.2484028907052605,0.6651544967438099,0.375499378162921,0.8494948872845592,41.5108150496086,41.46754959675519,41.77766215467756,41.11250765793375,41.1422794235981
P_0036_0043,36,43,1.5794999999999995,7.060500000000005,7.235017657200296,16,0.783,1.0,230.8520099481057,231.59548706088452,41.702070409584216,41.383892613120565,41.93322829192522,41.69394018398344,0.17833530451117927,0.5493356788046526,0.3100475708628778,0.701578133850131,41.7206880608673,41.67153229327397,41.93322829192522,41.383892613120565,41.76035966073016
P_0036_0044,36,44,1.5794999999999995,7.843499999999999,8.000956974012546,16,0.783,1.0,229.23261643556236,230.04861312165124,41.9367890883143,41.83616210484223,42.065273085711965,41.94657381146025,0.08502666896687629,0.21678100285038227,0.11869927425171767,0.2768595183274358,41.84849208286158,42.02791781807383,42.065273085711965,41.87794080454773,41.91324526610612
P_0036_0045,36,45,1.5794999999999995,8.6265,8.769910062252634,20,0.783,1.0,227.1746654455034,228.3102680351938,42.07355176136808,42.00424132570379,42.14097922916886,42.071728800981,0.047250692710075384,0.1367379034650753,0.06925042818786409,0.17463333775871687,42.068059837359385,42.00424132570379,42.04270113796548,42.10266247470747,42.14097922916886
P_0036_0046,36,46,1.5794999999999995,9.409500000000001,9.541148279950377,16,0.783,1.0,224.87366735785528,225.86040068268863,41.95675175249109,41.89566762671723,42.01655998204518,41.95784674062647,0.04080093517727045,0.12089235532795328,0.06217911390924513,0.15439636695779474,41.9646571999956,41.89566762671723,41.93428701763554,41.97806187673882,42.01655998204518
P_0036_0047,36,47,1.5794999999999995,10.192500000000003,10.314159030187582,16,0.783,1.0,222.60524004578983,223.6718875598806,41.8417423948645,41.77661109194895,41.90556215110365,41.83707048282738,0.04464960927334432,0.1289510591547014,0.06849166827627329,0.1646884535819941,41.82087101298151,41.77661109194895,41.81540803922849,41.8669001188743,41.90556215110365
P_0036_0048,36,48,1.5794999999999995,10.975500000000004,11.088571616759307,20,0.783,1.0,219.79258260745314,221.27294143254585,41.699280793908585,41.6124712685629,41.78401038581404,41.69738909023495,0.061828967602459525,0.17153911725114313,0.08662129557909282,0.21907933237693886,41.69377974011081,41.6124712685629,41.651518010477616,41.74516604620936,41.78401038581404
P_0036_0049,36,49,1.5794999999999995,11.758499999999998,11.864111534371208,16,0.783,1.0,216.70868867574166,217.9665973384445,41.54320873137905,41.46837334979767,41.616635119974205,41.54514180380393,0.05209175618018065,0.14826177017653208,0.07676845400625609,0.1893509197656859,41.55552159406756,41.46837334979767,41.50764454420897,41.577534410971225,41.616635119974205
P_0036_0050,36,50,1.5794999999999995,12.5415,12.640571288513822,16,0.783,1.0,213.71557875312487,215.06460441319555,41.39183472664712,41.31236727625924,41.46984048932154,41.38617505764927,0.056541772342387386,0.15747321306230333,0.08366543167227292,0.20111521463895699,41.36627063646449,41.31236727625924,41.35188742516675,41.43050946103432,41.46984048932154
P_0036_0051,36,51,1.5794999999999995,13.3245,13.41779119303919,20,0.783,1.0,210.0501110740933,211.92320472751564,41.2065630328921,41.099725518299465,41.31102572209517,41.20456900673763,0.0787789779625782,0.2113002037957017,0.1064567153575382,0.26985977496258196,41.20105876076195,41.099725518299465,41.13959587200503,41.27143916052654,41.31102572209517
P_0036_0052,36,52,1.5794999999999995,14.107500000000002,14.195646392468364,16,0.783,1.0,206.07010262591643,207.64171609312552,41.00548935984958,40.91468108757908,41.09468933340173,41.008372749212015,0.0655016262813234,0.1800082458226484,0.0936916616329313,0.2298955885346723,41.022883107376856,40.91468108757908,40.95486700490136,41.05474321280104,41.09468933340173
P_0036_0053,36,53,1.5794999999999995,14.890500000000003,14.974037882281456,16,0.783,1.0,202.23588705779662,203.9159585928101,40.81185885842521,40.7155114579071,40.90651686482301,40.80502477119961,0.07077690020753563,0.19100540691591306,0.10149209362339917,0.24394049414548283,40.7807997370881,40.7155114579071,40.756049204608416,40.86624659157144,40.90651686482301
P_0036_0054,36,54,1.5794999999999995,15.673500000000004,15.752886164128787,20,0.783,1.0,197.56530531377194,199.90563745870068,40.57606924344102,40.44526461747995,40.70403899746043,40.57391858913388,0.09917580047554572,0.2587743799804798,0.13012040832654748,0.3304909067439078,40.57058062759887,40.44526461747995,40.486301715735976,40.66340698739418,40.70403899746043
P_0036_0055,36,55,1.5794999999999995,16.4565,16.532126678077443,16,0.783,1.0,192.51119665509069,194.46355071300223,40.32098628602873,40.21069376464692,40.4293561410891,40.324996515444,0.082018493089148,0.21866237644218245,0.11430275079707997,0.27926229430674643,40.34453622176932,40.21069376464692,40.252186209631645,40.38821024008303,40.4293561410891
P_0036_0056,36,56,1.5794999999999995,17.2395,17.31170645834777,16,0.783,1.0,187.64982767374022,189.7390078469205,40.075683503796135,39.95836164593351,40.19094833070619,40.06737168040794,0.08858122416804731,0.2325866847726843,0.12357665029825426,0.29704557442232987,40.03784621912598,39.95836164593351,40.00036904533829,40.149333160935726,40.19094833070619
P_0036_0057,36,57,1.5794999999999995,18.0225,18.091581647274513,20,0.783,1.0,181.7255494752431,184.6555050143373,39.77679518730357,39.61551080173837,39.93447007851438,39.77438856475972,0.12511670229515165,0.3189592767760132,0.16008151375466184,0.4073553981813706,39.77137507538737,39.61551080173837,39.658263539090285,39.89232332906818,39.93447007851438
P_0036_0058,36,58,1.5794999999999995,18.805500000000002,18.871715621532665,16,0.783,1.0,175.29926466534891,177.74579926855802,39.45261724997984,39.31686566934519,39.58590266600373,39.45804736719235,0.10366052071793624,0.2690369966585422,0.14118169784715917,0.3435976968819185,39.484168228122826,39.31686566934519,39.36031525782204,39.54298501466798,39.58590266600373
P_0036_0059,36,59,1.5794999999999995,19.588500000000003,19.65207756192714,16,0.783,1.0,169.0893497152033,171.72396471808136,39.139376299281636,38.99388198751484,39.28215243139096,39.12904401274144,0.1125082933720635,0.28827044387612233,0.15310841864952351,0.3681614864318293,39.09253228559669,38.99388198751484,39.038141407641945,39.23851195156277,39.28215243139096
P_0036_0060,36,60,1.5794999999999995,20.371500000000005,20.432641349076732,20,0.783,1.0,161.46510477965973,165.20747212050784,38.75480329788332,38.55104314815367,38.95346398886585,38.75192399806084,0.1611173096609467,0.40242084071218187,0.20153999080500995,0.513947433859747,38.74961070345381,38.55104314815367,38.59652090150996,38.90898124832091,38.95346398886585
P_0036_0061,36,61,1.5794999999999995,21.1545,21.213384701645325,16,0.783,1.0,153.10610250586342,156.2646843768121,38.333160994874106,38.1603580615336,38.502394358223285,38.320826240288476,0.13562482412993873,0.3420362966896846,0.18156811793480898,0.4368279651209254,38.2777088183754,38.1603580615336,38.20703123589254,38.45663872741756,38.502394358223285
P_0036_0062,36,62,1.5794999999999995,21.9375,21.994288497244007,20,0.783,1.0,143.80634497059776,148.36546631856584,37.86403289073375,37.616925360121854,38.10394330958593,37.860514857563736,0.19759037741305374,0.4870179494640752,0.24358949744188152,0.6219897183449236,37.85928460594448,37.616925360121854,37.66548870052685,38.05693231163957,38.10394330958593
P_0036_0063,36,63,1.5794999999999995,22.7205,22.77533623242476,16,0.783,1.0,133.43693157125958,137.3585940886232,37.34088642902802,37.12782261297451,37.548682399508834,37.35024666204091,0.16904280376925407,0.4208597865343222,0.22242404906639734,0.5374965345265929,37.396691977766864,37.12782261297451,37.1783650832042,37.49967123675015,37.548682399508834
P_0036_0064,36,64,1.5794999999999995,23.503500000000003,23.556513589663478,16,0.783,1.0,123.0233349131836,127.4272907067074,36.81542492694507,36.57657218734056,37.0476060512961,36.798033984620645,0.19101156923836995,0.47103386395554026,0.24957206667545506,0.6015758160351727,36.739763799756815,36.57657218734056,36.629749102349024,36.996478782360725,37.0476060512961
P_0036_0065,36,65,1.5794999999999995,24.286500000000004,24.337808087418228,20,0.783,1.0,109.48536533883991,116.19608253426512,36.132154380175244,35.766851366429535,36.48083963837581,36.125925610993875,0.2953131261103382,0.7139882719462776,0.35907424456434,0.9118624162787708,36.13010908251312,35.766851366429535,35.82497094052735,36.42685702712356,36.48083963837581
P_0036_0066,36,66,1.5794999999999995,25.069500000000005,25.119208795262647,16,0.783,1.0,93.29514146115405,99.59232762882056,35.314778370430446,34.97140443711879,35.6427213182381,35.32916875842924,0.276962330343933,0.67131688111931,0.357764321310448,0.8573651099863473,35.41219048552705,34.97140443711879,35.036282120947305,35.583245430314946,35.6427213182381
P_0036_0067,36,67,1.5794999999999995,25.8525,25.900706100413554,16,0.783,1.0,74.90773220352924,83.08001868662537,34.386116309370436,33.93213437070369,34.808918137038575,34.34945254023719,0.36405445416694043,0.8767837663348814,0.45946559680138677,1.1197749250764768,34.2534931794616,33.93213437070369,34.011146871283245,34.74157014269883,34.808918137038575
P_0036_0068,36,68,1.5794999999999995,26.6355,26.682291515160387,16,0.783,1.0,47.04842336593474,60.8821561741753,32.97859045236736,32.10266311387045,33.687544416819776,32.890166386971714,0.657927320176862,1.5848813029493272,0.7973780298480619,2.0241140522979912,32.79559555098234,32.10266311387045,32.26324680089806,33.601782052287945,33.687544416819776
P_0037_0000,37,0,2.3625000000000007,-26.6085,26.71317424979667,20,0.783,1.0,27.717409545981656,43.70322182491585,32.076320525835875,30.933480141433225,32.897201651036426,31.966034275012476,0.7626300395561588,1.9637215096032001,1.03255413357925,2.507945733848276,31.919541881057512,32.73340247031069,32.897201651036426,30.933480141433225,31.346545231224525
P_0037_0001,37,1,2.3625000000000007,-25.825499999999998,25.93333485111392,20,0.783,1.0,57.84271078836995,66.84027532248733,33.59682624094769,33.087103355760576,34.06384039647344,33.61570046297055,0.3871562898900368,0.9767370407128624,0.5285971072099755,1.2474291707699392,33.75060729395062,33.94169187590762,34.06384039647344,33.087103355760576,33.2352593927605
P_0037_0002,37,2,2.3625000000000007,-25.0425,25.153691826449652,25,0.783,1.0,79.05895601464614,87.74572504128713,34.665697088913646,34.18263213880118,35.1163777006675,34.658141466258385,0.3719874573018853,0.9337455618663171,0.4755093274572033,1.1925230675176464,34.67820575481841,35.014081357828445,35.1163777006675,34.18263213880118,34.29941037917638
P_0037_0003,37,3,2.3625000000000007,-24.2595,24.37426401965811,20,0.783,1.0,95.70054542210794,101.27478139413276,35.503028809595705,35.19717582551107,35.796711894023304,35.483571027804814,0.23095216985278377,0.5995360685122364,0.3131408662184896,0.7656910198112853,35.42389673150234,35.703151001626566,35.796711894023304,35.19717582551107,35.29691968636081
P_0037_0004,37,4,2.3625000000000007,-23.4765,23.59507275894694,20,0.783,1.0,108.12159427787299,113.00539421776917,36.127335544944955,35.859533246690205,36.386070504427664,36.13980076309167,0.20195651685492902,0.5265372577374592,0.28026751640146585,0.6724613764207652,36.20350922892772,36.298487020875655,36.386070504427664,35.859533246690205,35.95140381453712
P_0037_0005,37,5,2.3625000000000007,-22.6935,22.81614227909705,25,0.783,1.0,120.29902787066328,125.84819700525394,36.73883333102708,36.43592459797128,37.03071549217015,36.73614161234548,0.23141766669151878,0.5947908941988729,0.3002170143741978,0.7596307716460701,36.74331267294599,36.94846690820094,37.03071549217015,36.43592459797128,36.52228839043903
P_0037_0006,37,6,2.3625000000000007,-21.9105,22.037500232558138,20,0.783,1.0,131.12439755222016,135.00281160292445,37.28197675238784,37.06834327279523,37.48984072589087,37.26922786871749,0.15817665135776526,0.4214974530956397,0.22061285717337853,0.5383109234937927,37.22743082391736,37.410807469111546,37.48984072589087,37.06834327279523,37.14971705187247
P_0037_0007,37,7,2.3625000000000007,-21.127499999999998,21.25917831196681,20,0.783,1.0,139.79363045333415,143.35683696731724,37.716596297421894,37.51968688787946,37.90851910606728,37.72576024974235,0.14525092464965442,0.3888322181878223,0.2060733618628916,0.4965928712488152,37.77049423293158,37.83207956555663,37.90851910606728,37.51968688787946,37.5980214562768
P_0037_0008,37,8,2.3625000000000007,-20.3445,20.481213013393518,25,0.783,1.0,148.67178489481898,152.85989259304284,38.161361056636764,37.9317815074084,38.38442548846445,38.159713630874464,0.1722560876832997,0.45264398105604897,0.2279321234660614,0.5780893755505095,38.16410486700352,38.31060810866399,38.38442548846445,37.9317815074084,38.00764818283193
P_0037_0009,37,9,2.3625000000000007,-19.5615,19.703646578742724,20,0.783,1.0,156.8070645686754,159.81972384378977,38.5686210899176,38.40066504056625,38.73271548904637,38.559012423732625,0.1215062749356635,0.33205044848011767,0.17370306531374524,0.4240746468456164,38.52702902672684,38.66062967727885,38.73271548904637,38.40066504056625,38.4740228850448
P_0037_0010,37,10,2.3625000000000007,-18.7785,18.926528168155933,20,0.783,1.0,163.46576731567242,166.281589588379,38.901732630915674,38.74405455313661,39.05588358429492,38.908858078535445,0.11355562771270357,0.31182903115831095,0.16480352539883825,0.3982490819390944,38.94332255150124,38.98528124509295,39.05588358429492,38.74405455313661,38.81574845865151
P_0037_0011,37,11,2.3625000000000007,-17.9955,18.14991533038102,25,0.783,1.0,170.39220950083913,173.73767445149673,39.248006869871176,39.06281046548981,39.428517635663695,39.24678731853116,0.13602768046319513,0.3657071701738843,0.1839768530413508,0.4670589657393158,39.25003864448888,39.3594953088936,39.428517635663695,39.06281046548981,39.13307453811984
P_0037_0012,37,12,2.3625000000000007,-17.2125,17.37387586291556,20,0.783,1.0,176.81286219360533,179.25592822022165,39.568783237882236,39.430469606876215,39.70411564415468,39.561167440636154,0.09759359497521403,0.2736460372784677,0.14294820351852877,0.34948408336969056,39.535864183970205,39.63618108193003,39.70411564415468,39.430469606876215,39.49920668624964
P_0037_0013,37,13,2.3625000000000007,-16.429499999999997,16.598490187363424,20,0.783,1.0,182.11271187877617,184.41351178516172,39.833389949476825,39.70243394727095,39.96154487719628,39.83904697142575,0.0919351702324899,0.2591109299253347,0.13661302415480492,0.3309207278739906,39.86656861092462,39.89456996857609,39.96154487719628,39.70243394727095,39.77011745316082
P_0037_0014,37,14,2.3625000000000007,-15.6465,15.823854413511267,25,0.783,1.0,187.6575810361034,190.39489578160092,40.11004813718082,39.95647968211097,40.259888312840985,40.10905365805614,0.11010161914734214,0.30340863073001856,0.15257397594517386,0.38749505840359966,40.111705168483184,40.19396288109448,40.259888312840985,39.95647968211097,40.0232322457511
P_0037_0015,37,15,2.3625000000000007,-14.8635,15.05008433531188,20,0.783,1.0,192.8167916553286,194.83530137102773,40.367292753774215,40.25088391035592,40.48121530275125,40.36113420701982,0.07997256557910862,0.2303313923953354,0.12008109573142889,0.2941652521013223,40.34092679917149,40.416028056488926,40.48121530275125,40.25088391035592,40.31661696633154
P_0037_0016,37,16,2.3625000000000007,-14.080499999999999,14.277320704529965,20,0.783,1.0,197.08372783944742,198.9901153555849,40.57990252504338,40.469252757839,40.68817606077289,40.58440035832869,0.07560083862925421,0.21892330293388795,0.11514760048969208,0.2795955337597547,40.60665510868438,40.62364995778455,40.68817606077289,40.469252757839,40.53426790656266
P_0037_0017,37,17,2.3625000000000007,-13.2975,13.505736281299143,25,0.783,1.0,201.54899084783148,203.80667340704665,40.80223880688433,40.67339936888124,40.92792322423742,40.80137899008476,0.08986780166275403,0.25452385535617594,0.12797962120351514,0.32506239509090157,40.80367156703932,40.86412973883574,40.92792322423742,40.67339936888124,40.73777105143006
P_0037_0018,37,18,2.3625000000000007,-12.5145,12.735545394681768,20,0.783,1.0,205.69835481520295,207.3752537021281,41.008694939925434,40.90979986012292,41.1054140221608,41.003695757634034,0.0660490075712451,0.1956141620378844,0.10171826452676669,0.24982651601262373,40.98766582819741,41.04214099644162,41.1054140221608,40.90979986012292,40.97345808124743
P_0037_0019,37,19,2.3625000000000007,-11.731499999999999,11.967017109539034,20,0.783,1.0,209.120531070376,210.7037411604497,41.17883800468381,41.08472925364907,41.27084319904151,41.182362819164304,0.06250109442553403,0.1861139453924352,0.09763356551523117,0.23769341684857623,41.200322078415184,41.20803913428273,41.27084319904151,41.08472925364907,41.14788043043302
P_0037_0020,37,20,2.3625000000000007,-10.9485,11.200493672155705,25,0.783,1.0,212.6860677502054,214.542343781877,41.35596382628806,41.24768449577749,41.461459458273055,41.355190460415905,0.07320900639751941,0.21377496249556316,0.10750596463841333,0.273020386328944,41.35725258600695,41.39917702483541,41.461459458273055,41.24768449577749,41.31037873718663
P_0037_0021,37,21,2.3625000000000007,-10.165499999999998,10.436416842000897,20,0.783,1.0,215.97941971871327,217.3664789720802,41.51942392314278,41.43531286871763,41.60156636546151,41.52234743548529,0.05477861116152673,0.16625349674387735,0.08703456676765597,0.21232885918758282,41.53770424602703,41.53965480207029,41.60156636546151,41.43531286871763,41.49749889514999
P_0037_0022,37,22,2.3625000000000007,-9.3825,9.675366272136678,25,0.783,1.0,218.99171912403324,220.6008376945441,41.66877853813764,41.573100353768325,41.761856881960455,41.66804725543469,0.06318217132115343,0.18875652819212974,0.09494690166636843,0.24106836295291154,41.66999719432869,41.7003566783747,41.761856881960455,41.573100353768325,41.63492516874129
P_0037_0023,37,23,2.3625000000000007,-8.599499999999999,8.918116757477442,20,0.783,1.0,221.75275358857084,222.9597778731676,41.80552727514483,41.73056535441577,41.87862524654264,41.80210933802067,0.047776830970989004,0.14805989212686654,0.07651590852196932,0.18909309339318842,41.7919503756026,41.81741593752923,41.87862524654264,41.73056535441577,41.79198977601311
P_0037_0024,37,24,2.3625000000000007,-7.816499999999998,8.165725840364711,20,0.783,1.0,223.99072361764306,225.1218343754083,41.916234382605296,41.84512264779221,41.98552097546451,41.91836032721818,0.04517144339491505,0.1403983276723011,0.07323767942597215,0.179308209032313,41.93032251046412,41.92457129683413,41.98552097546451,41.84512264779221,41.90626420553593
P_0037_0025,37,25,2.3625000000000007,-7.0335,7.419671724544153,25,0.783,1.0,226.27240233481893,227.55513167422112,42.028945547882465,41.94984348279661,42.10564204952584,42.02825737868009,0.05045218890667679,0.15579856672923142,0.0784138958834788,0.19897645814716655,42.03009238022372,42.04497609387556,42.10564204952584,41.94984348279661,42.0107328869787
P_0037_0026,37,26,2.3625000000000007,-6.250499999999999,6.682077259355805,20,0.783,1.0,228.32397020899808,229.29160598220653,42.130122715002415,42.06728709656983,42.19120633984903,42.12750654215681,0.03935765671737098,0.12391924327920378,0.06369979769222311,0.15826212423908528,42.12040097269306,42.13073683216948,42.19120633984903,42.06728709656983,42.12790146950266
P_0037_0027,37,27,2.3625000000000007,-5.467499999999998,5.956086172983058,20,0.783,1.0,229.9475898261938,230.84528130725715,42.210035953924645,42.150735223094046,42.26761172594905,42.21142092260036,0.03724425549072779,0.11687650285500695,0.060685699506315416,0.1492675643103537,42.22028489143031,42.20731310933087,42.26761172594905,42.150735223094046,42.21115966319752
P_0037_0028,37,28,2.3625000000000007,-4.6845,5.246517559295881,25,0.783,1.0,231.55376686578805,232.53506809284804,42.28889676557007,42.22504151517694,42.35047969735848,42.28823615067951,0.039709069380930676,0.12543818218154001,0.06319463550256899,0.1602020206660792,42.28999769259588,42.29036059298369,42.35047969735848,42.22504151517694,42.28530125528255
P_0037_0029,37,29,2.3625000000000007,-3.9014999999999986,4.561042479521539,20,0.783,1.0,232.94318981181604,233.68823784426056,42.35690056689705,42.30530191480938,42.4068245904989,42.355028634514056,0.03270502648770437,0.10152267568952311,0.051795955984843545,0.12965858964179197,42.35080414650719,42.346823016738654,42.4068245904989,42.30530191480938,42.36538950401615
P_0037_0030,37,30,2.3625000000000007,-3.1184999999999974,3.9123456519075597,20,0.783,1.0,233.98824604348653,234.66714301524712,42.407833797324706,42.35956791101739,42.45444323403143,42.408511600928236,0.031169400391489,0.0948753230140369,0.048943689910842636,0.12116899490937023,42.4144663754098,42.39453686715831,42.45444323403143,42.35956791101739,42.41954361702426
P_0037_0031,37,31,2.3625000000000007,-2.3354999999999997,3.3220425192944174,25,0.783,1.0,234.95275179790622,235.6482666521328,42.45455920615584,42.40510899664776,42.50182467932007,42.453913998547534,0.031448017012082836,0.09671568267231123,0.04880500189977255,0.12351939038609352,42.45563446296734,42.44200688337327,42.50182467932007,42.40510899664776,42.464994970429245
P_0037_0032,37,32,2.3625000000000007,-1.5524999999999984,2.8269528648352096,20,0.783,1.0,235.70790928681836,236.24068886139088,42.49080321316753,42.44988851083326,42.530093977848765,42.489640484705035,0.028263086082659438,0.08020546701550302,0.0404534931437297,0.10243354663538061,42.48820412237046,42.47032323572313,42.530093977848765,42.44988851083326,42.50969257674956
P_0037_0033,37,33,2.3625000000000007,-0.7695000000000007,2.484660238342459,20,0.783,1.0,236.19423553720134,236.6629421098041,42.51376234029751,42.47606683592795,42.5498448924759,42.51374856287477,0.027493946396363607,0.07377805654795111,0.03768172694681482,0.09422484872024407,42.51690163266119,42.4901003740685,42.5498448924759,42.47606683592795,42.53582907924027
P_0037_0034,37,34,2.3625000000000007,0.013500000000000512,2.3625385711137086,25,0.783,1.0,236.53413085675155,236.95211925594504,42.52921802737836,42.49371356484187,42.56258822019504,42.52857779656515,0.02704090205881857,0.06887465535317006,0.03486423172328301,0.08796252280098346,42.530284991641054,42.50284745015642,42.56258822019504,42.49371356484187,42.55345475599137
P_0037_0035,37,35,2.3625000000000007,0.7965000000000018,2.4931543273532037,20,0.783,1.0,236.66705319442062,236.99840241990623,42.534313166860514,42.50346862783704,42.56397113785073,42.53384271242005,0.026730723035224502,0.060076472171260775,0.03037408458301627,0.07672601809867276,42.53516900312684,42.50346862783704,42.563229617839454,42.50380121328863,42.5635451000083
P_0037_0036,37,36,2.3625000000000007,1.5794999999999995,2.841870246862091,20,0.783,0.9,212.92226949535865,236.97618299484307,42.13984827872589,38.64472589476043,42.56206134431619,41.74911964703216,1.546547332690512,3.905681297379708,3.092739600095676,4.988098719514314,42.52930614842586,42.49555863648385,38.65638004693648,42.50229205899842,42.56206134431619
P_0037_0037,37,37,2.3625000000000007,2.3625000000000007,3.341079541106438,25,0.783,0.04,9.445365979870441,236.13414949676104,37.734417202215035,35.98738244120295,42.49224419902316,38.356868401247695,2.379437273111829,6.504861757820208,4.135375797775467,8.307613994661823,38.62463233378463,35.98738244120295,36.02603226434593,42.49224419902316,38.65405076788181
P_0037_0038,37,38,2.3625000000000007,3.145500000000002,3.9339009265613205,20,0.783,0.2,47.17301874883923,236.09062838474068,35.49144885386236,34.23015441975343,38.14888433156017,35.139846773481835,1.134263418891636,2.736964557769454,1.8272722040410514,3.4954847481091367,34.250319564529434,34.23015441975343,36.96711897752289,35.98449719648221,34.26714370912123
P_0037_0039,37,39,2.3625000000000007,3.9284999999999997,4.584159519475735,20,0.783,0.95,223.44639514935844,235.78964965412405,37.22637844405433,34.22747344054886,38.77612814614042,36.76196653302999,1.4523911971016799,4.541915136260059,2.534493092481128,5.800657900715272,36.93657031318219,36.91371158154402,38.76938857680892,34.22747344054886,36.96268875306595
P_0037_0040,37,40,2.3625000000000007,4.711500000000001,5.2706392876007,25,0.783,1.0,234.2856022186105,235.05676226468415,39.149192116041206,38.18044222538094,39.96976986924619,39.19596128908297,0.6217316494898639,1.7013217660471653,0.9899855453526953,2.172824733138142,38.20597574373028,39.90729750977744,39.601528054194375,39.50273371402062,38.76227142369214
P_0037_0041,37,41,2.3625000000000007,5.494500000000002,5.980880913377228,20,0.783,1.0,233.15224283623547,233.89232843155912,40.21856558273633,39.53060502369516,40.75857887795678,40.506723020404834,0.31810679853698814,0.8616531197197332,0.6097972621677883,1.1004509830392506,40.71206515632667,40.674856584371526,40.49118872513213,39.896925758237046,40.75857887795678
P_0037_0042,37,42,2.3625000000000007,6.277500000000003,6.707340195636423,25,0.783,1.0,231.78126830530854,232.7589354684812,40.98395643215181,40.420320811642,41.472255653897776,41.03733022965813,0.3431713904038662,1.022215383993391,0.6036427105700355,1.3055113460962846,41.04944296350181,40.99315365123175,41.45590290308149,40.433687519088096,41.25446411138751
P_0037_0043,37,43,2.3625000000000007,7.060500000000005,7.445271418826856,20,0.783,1.0,230.1850144044426,231.08471521908203,41.446697952215054,40.87745830740312,41.71210192486336,41.34111205758984,0.25649502673869146,0.7818317689939818,0.4636537501867224,0.9985080063780098,41.39669017232393,41.33311407933661,41.6592900763971,40.87745830740312,41.43900765248844
P_0037_0044,37,44,2.3625000000000007,7.843499999999999,8.191574848586809,20,0.783,1.0,228.561294304096,229.53479917612148,41.76660539662851,41.608758621983725,41.909716279183726,41.76503858814865,0.10021384444525824,0.22674996164522554,0.12534234412830614,0.28959126646899813,41.86051763162652,41.808463407527256,41.86644620566557,41.65006945190356,41.63969624402034
P_0037_0045,37,45,2.3625000000000007,8.6265,8.944154990830604,25,0.783,1.0,226.49781519846383,227.7930250358535,41.98676009668458,41.858843101211335,42.08876958397019,41.980274538096545,0.07083098479490846,0.20650007541831883,0.10849504587364578,0.26372934280755916,42.01124349595625,41.92880028219025,41.990289819814166,41.88226950855187,42.08876958397019
P_0037_0046,37,46,2.3625000000000007,9.409500000000001,9.701551241940644,20,0.783,1.0,224.19057492601428,225.3382841248703,41.892925089811456,41.81983741407044,41.96409467225976,41.89513830353765,0.04651139246819322,0.14425725818932023,0.07530088946720781,0.18423660049721613,41.907581285194965,41.81983741407044,41.881650682413294,41.90252746374978,41.96409467225976
P_0037_0047,37,47,2.3625000000000007,10.192500000000003,10.462717739669749,20,0.783,1.0,221.91590808157753,223.1453614492047,41.77759062106058,41.70034779980614,41.85286568572343,41.77402585385734,0.04934733445021382,0.1525178859172911,0.078839831866091,0.19478657205273447,41.76342855169031,41.70034779980614,41.76252132589519,41.79096590617161,41.85286568572343
P_0037_0048,37,48,2.3625000000000007,10.975500000000004,11.226887658652334,25,0.783,1.0,219.0953737702889,220.7415086209741,41.634718865193335,41.53559851935563,41.731056844316186,41.63394575636912,0.06571609799098896,0.19545832496055482,0.0983472370134919,0.24962749037107895,41.63600720118285,41.53559851935563,41.598279065223096,41.668787151767845,41.731056844316186
P_0037_0049,37,49,2.3625000000000007,11.758499999999998,11.993486919991199,20,0.783,1.0,216.0026547476788,217.42825895201267,41.478187613168735,41.39095249281678,41.563320088066405,41.481254862797684,0.05702426959140994,0.17236759524962508,0.09030236998090402,0.22013741411190943,41.497382724717454,41.39095249281678,41.45408906330158,41.50052994508621,41.563320088066405
P_0037_0050,37,50,2.3625000000000007,12.5415,12.76207775011577,20,0.783,1.0,213.00076085447836,214.52005385566372,41.32635689509433,41.23433822028278,41.41620061478551,41.32181578935611,0.06049695123144784,0.18186239450272979,0.09438482542940108,0.2322635945117877,41.30761686663027,41.23433822028278,41.297980796740205,41.35294244834176,41.41620061478551
P_0037_0051,37,51,2.3625000000000007,13.3245,13.53232080982416,25,0.783,1.0,209.32421454432617,211.37175592255497,41.140509683567274,41.020840574620536,41.257025421952505,41.13965020415888,0.08214130040704619,0.23618484733196965,0.1188096295383474,0.30164092890417576,41.14194188544906,41.020840574620536,41.08519529299684,41.19324784577549,41.257025421952505
P_0037_0052,37,52,2.3625000000000007,14.107500000000002,14.303949192443326,20,0.783,1.0,205.33176919316142,207.0805508235591,40.938790553033016,40.83502407236693,41.04018190730005,40.94283034527905,0.06989677756664373,0.20515783493312512,0.10780627291212141,0.2620151148571202,40.96325145614344,40.83502407236693,40.90002128026117,40.975673010323646,41.04018190730005
P_0037_0053,37,53,2.3625000000000007,14.890500000000003,15.07675019690915,20,0.783,1.0,201.4851153710153,203.34601920097467,40.74451513311095,40.63499315214716,40.851552121984014,40.738815296082564,0.07421748717392448,0.21655896983685352,0.11273682590145029,0.27657595126034934,40.720441021251645,40.63499315214716,40.70070707434053,40.786383110689485,40.851552121984014
P_0037_0054,37,54,2.3625000000000007,15.673500000000004,15.850552308989116,25,0.783,1.0,196.7987224090094,199.32589597352057,40.507906608105074,40.363523120635136,40.648563870236615,40.506912571938145,0.10222169244470658,0.2850407496014782,0.1433894513030083,0.36403671724326714,40.50956291499665,40.363523120635136,40.43025507727504,40.58265787654727,40.648563870236615
P_0037_0055,37,55,2.3625000000000007,16.4565,16.62521574296105,20,0.783,1.0,191.72667090890144,193.86986492954725,40.251895403125864,40.12783522992123,40.373155970238486,40.257093769668984,0.08607404648825903,0.24532074031725415,0.12925853974775237,0.3133087360373616,40.28277878416276,40.12783522992123,40.19549692791048,40.30620193611196,40.373155970238486
P_0037_0056,37,56,2.3625000000000007,17.2395,17.40062546289644,20,0.783,1.0,186.84710358570322,189.13256372657975,40.00565223965899,39.87423910979163,40.134085824867554,39.99849600047312,0.09169553529870261,0.2598467150759234,0.13558982439443668,0.33186042793859943,39.97502871110146,39.87423910979163,39.9429529289792,40.06617342762576,40.134085824867554
P_0037_0057,37,57,2.3625000000000007,18.0225,18.176685960317407,25,0.783,1.0,180.89926855015628,184.03459231982757,39.705548253010825,39.52955618154181,39.87685726680616,39.70432928580571,0.1280373098716063,0.34730108526435544,0.17477310426390602,0.4435518330323824,39.70757907146884,39.52955618154181,39.599795335341526,39.80785857387025,39.87685726680616
P_0037_0058,37,58,2.3625000000000007,18.805500000000002,18.953317295397135,20,0.783,1.0,174.44564402220885,177.10386040917567,39.37996126099638,39.22919589938766,39.52720159969488,39.386627220266995,0.10757807162101506,0.29800570030721474,0.15743132087933276,0.3805947641216025,39.41925090765557,39.22919589938766,39.30086307173224,39.45662462286464,39.52720159969488
P_0037_0059,37,59,2.3625000000000007,19.588500000000003,19.730452060203795,20,0.783,1.0,168.2072236371846,171.06227702655923,39.06525326606476,38.90421620357216,39.22243069184617,39.05610531057944,0.11549969272656646,0.318214488274009,0.1663253812667307,0.4064041995836641,39.025961850521696,38.90421620357216,38.9775457222168,39.150372084740354,39.22243069184617
P_0037_0060,37,60,2.3625000000000007,20.371500000000005,20.508033023671484,25,0.783,1.0,160.5447616205474,164.52272813778492,38.678716285179,38.45836870352673,38.89255283205887,38.67706969289778,0.16417692949444507,0.43418412853213795,0.21870098937105098,0.5545135741151187,38.68145854211247,38.45836870352673,38.53420406959072,38.81876431720013,38.89255283205887
P_0037_0061,37,61,2.3625000000000007,21.1545,21.286011286758256,20,0.783,1.0,152.13942483628188,155.5450254645252,38.25469658445731,38.0647244915603,38.4396850697126,38.24357081394563,0.1387176445095386,0.37496057815230444,0.19611425576697172,0.47887685587778345,38.20714180215674,38.0647244915603,38.14302535761959,38.363277348678935,38.4396850697126
P_0037_0062,37,62,2.3625000000000007,21.9375,22.064344823719555,25,0.783,1.0,142.78111229343568,147.61128246210504,37.78256928347455,37.51660029536913,38.03945990091989,37.78032698063707,0.2010639969498004,0.5228596055507566,0.2637266852679403,0.6677645026191017,37.78630231890094,37.51660029536913,37.59881119515808,37.96046119283733,38.03945990091989
P_0037_0063,37,63,2.3625000000000007,22.7205,22.84299731865326,20,0.783,1.0,132.33648677134957,136.54928048933525,37.25557710587159,37.02256733440646,37.48137153833204,37.266347007427974,0.1736677141539565,0.4588042039255811,0.24377967302151404,0.5859568377082772,37.32067566768694,37.02256733440646,37.10888873926211,37.39823175745232,37.48137153833204
P_0037_0064,37,64,2.3625000000000007,23.503500000000003,23.621937230041066,20,0.783,1.0,121.83330633723192,126.55950039138828,36.725543316837296,36.46472335323836,36.97730250088927,36.70938757305436,0.1949943647936974,0.5125791476509107,0.2679149278349158,0.6546349267572296,36.65860471436571,36.46472335323836,36.5565446538921,36.88976264288635,36.97730250088927
P_0037_0065,37,65,2.3625000000000007,24.286500000000004,24.40113703293353,25,0.783,1.0,108.14979208389175,115.24916992972464,36.03485918677884,35.64253373295628,36.40649527869186,36.02995631263251,0.30116005495087883,0.763961545735576,0.38742257967622606,0.9756852435958824,36.04300110485104,35.64253373295628,35.744766111266586,36.312985335396775,36.40649527869186
P_0037_0066,37,66,2.3625000000000007,25.069500000000005,25.180572600717408,20,0.783,1.0,91.72500985507122,98.49259797323724,35.20556195785177,34.82980159712912,35.560592859709345,35.221664665019794,0.2855561429557534,0.730791262580226,0.39186306789067515,0.9333221744319616,35.31595992720878,34.82980159712912,34.94648925307894,35.4554796879728,35.560592859709345
P_0037_0067,37,67,2.3625000000000007,25.8525,25.96022269742692,20,0.783,1.0,72.92034052414019,81.7602991725179,34.25575106935876,33.75325486167901,34.71561505065233,34.21951316110308,0.3773772389849191,0.9623601889733209,0.4961018895492515,1.2290679297232705,34.133898077719664,33.75325486167901,33.901227820197164,34.59356999526722,34.71561505065233
P_0037_0068,37,68,2.3625000000000007,26.6355,26.74006855825168,20,0.783,1.0,43.21532164372448,59.043528036918914,32.755472276697844,31.62479715276686,33.567973932751954,32.64627705213884,0.7543572729063818,1.9431767799850945,1.0214798993719825,2.481707254131666,32.60065982829525,31.62479715276686,32.03352965356885,33.404424693311284,33.567973932751954
P_0038_0000,38,0,3.145500000000002,-26.6085,26.793776189630307,14,0.783,0.9285714285714286,25.114821065144014,40.163486728531694,31.920062708470905,30.70997141635536,32.68478476400611,31.80908933844203,0.7104186903349803,1.919422657444219,1.043727231880137,2.4513699328789516,31.63475290808049,32.51798312252538,32.68478476400611,31.442563791036264,30.76536210656189
P_0038_0001,38,1,3.145500000000002,-25.825499999999998,26.016352943869745,16,0.783,1.0,55.02091557122774,64.38475462522722,33.42417468634915,32.89587983035324,33.90642488316314,33.447972964121526,0.4047986234191188,1.0105450528099027,0.5520931337682882,1.2906067085694797,33.60538309353825,33.78858914509789,33.90642488316314,32.89587983035324,33.04358786845512
P_0038_0002,38,2,3.145500000000002,-25.0425,25.239274484422094,20,0.783,1.0,76.91701934855595,85.80173484967096,34.5275548040189,34.03713711242369,34.98495442248668,34.52341800443763,0.3805914539770113,0.9478173100629874,0.4862808920139372,1.2104946488671615,34.55721920803779,34.88874148126581,34.98495442248668,34.03713711242369,34.14903779797419
P_0038_0003,38,3,3.145500000000002,-24.2595,24.462573668770013,16,0.783,1.0,93.88991774152689,99.55484283547057,35.38172787573615,35.07533972082939,35.67669197197165,35.365306833513365,0.23343416993032262,0.6013522511422593,0.3113851384582844,0.7680105378572916,35.31592330641149,35.58974879659496,35.67669197197165,35.07533972082939,35.16883037175933
P_0038_0004,38,4,3.145500000000002,-23.4765,23.68628764707547,16,0.783,1.0,106.49205774127861,111.43835889917982,36.015252787649004,35.74842429720911,36.27384344137738,36.03092405205739,0.20477158591303474,0.5254191441682678,0.28249975484827416,0.6710333897423599,36.10559218957775,36.19317194028548,36.27384344137738,35.74842429720911,35.833588391837225
P_0038_0005,38,5,3.145500000000002,-22.6935,22.910458583363187,20,0.783,1.0,118.8116555386047,124.41730480495114,36.633996582458295,36.33225225241563,36.925437342205896,36.63411694586428,0.23345546959607305,0.5931850897902677,0.30186469344864975,0.7575799358751822,36.65092498435234,36.850319622794814,36.925437342205896,36.33225225241563,36.411650527552695
P_0038_0006,38,6,3.145500000000002,-21.9105,22.135134526358765,16,0.783,1.0,129.74275025566521,133.65380031030955,37.18253554907329,36.97136713485367,37.38874798921307,37.17238381715091,0.1583032955919575,0.41738085435940064,0.21636417206216407,0.5330534538434235,37.13926698701573,37.31695913973266,37.38874798921307,36.97136713485367,37.04557783493942
P_0038_0007,38,7,3.145500000000002,-21.127499999999998,21.360370467292928,16,0.783,1.0,138.48497711998985,142.07376753903762,37.62088485075719,37.426770725461154,37.81080123294822,37.632702859713746,0.14634107062640433,0.38403050748706846,0.20593213425259194,0.49046041824657527,37.68641618031103,37.74168820793767,37.81080123294822,37.426770725461154,37.49783795191064
P_0038_0008,38,8,3.145500000000002,-20.3445,20.58622963293667,20,0.783,1.0,147.4292311639347,151.64337502332026,38.069031038570714,37.84215241036924,38.290118265560295,38.06985673311855,0.1729362655111656,0.44796585519105747,0.22770432274931096,0.5721147575875574,38.08263529123354,38.2237021579395,38.290118265560295,37.84215241036924,37.91067554049016
P_0038_0009,38,9,3.145500000000002,-19.5615,19.812785076813405,16,0.783,1.0,155.61892895408698,158.647083886604,38.47907808769894,38.31436895303551,38.640659861085,38.471821140237225,0.12092030318122174,0.32629090804948646,0.16883872084777352,0.41671891194059574,38.44774334980127,38.57602028084136,38.640659861085,38.31436895303551,38.380313256422994
P_0038_0010,38,10,3.145500000000002,-18.7785,19.040121651397083,16,0.783,1.0,162.31816090940524,165.1464905834146,38.81426762492042,38.65996438743167,38.96575653655532,38.82377509128685,0.11396157963170833,0.30579214912364705,0.1638107038551766,0.3905391431975058,38.8663159469873,38.90263622254571,38.96575653655532,38.65996438743167,38.72420236291424
P_0038_0011,38,11,3.145500000000002,-17.9955,18.26833847124582,20,0.783,1.0,169.28342917392447,172.6425033103433,39.16253463185863,38.98061296588435,39.34044426073967,39.16359182429883,0.1361123730473813,0.3598312948553257,0.18297885841447936,0.4595546549876446,39.17457533480285,39.27893936084746,39.34044426073967,38.98061296588435,39.04338719921981
P_0038_0012,38,12,3.145500000000002,-17.2125,17.497552014496197,16,0.783,1.0,175.73750300761995,178.188208563924,39.48502810512666,39.350290467931984,39.61745587973195,39.47961166758697,0.0966243167015801,0.2671654117999651,0.13784421214497655,0.3412074224776055,39.4617464620984,39.55706150251996,39.61745587973195,39.350290467931984,39.41150402565256
P_0038_0013,38,13,3.145500000000002,-16.429499999999997,16.727900062470482,16,0.783,1.0,181.06315019721842,183.36998320403907,39.75096154328022,39.62364566755917,39.87613206867928,39.75883695865807,0.09192138211327132,0.252486401120116,0.1351912910989057,0.32246028240116986,39.79390679835996,39.81671633689615,39.87613206867928,39.62364566755917,39.68378392179579
P_0038_0014,38,14,3.145500000000002,-15.6465,15.959546751082877,20,0.783,1.0,186.63343721779694,189.37779079794564,40.02892815631812,39.87891919426568,40.175838994730725,40.030083489574544,0.1098130712968688,0.29691980046504796,0.15116429530886677,0.37920791885702165,40.04005858615483,40.11749234701307,40.175838994730725,39.87891919426568,39.93810832570841
P_0038_0015,38,15,3.145500000000002,-14.8635,15.192689113517725,16,0.783,1.0,191.8150327987894,193.83676091299145,40.287326115021415,40.174666754686086,40.39812492885813,40.283264557076976,0.0787167895180416,0.22345817417204472,0.11486037178115538,0.2853871956220239,40.2701840071129,40.34052953056624,40.39812492885813,40.174666754686086,40.23281756416151
P_0038_0016,38,16,3.145500000000002,-14.080499999999999,14.427565647052173,16,0.783,1.0,196.09956959052747,198.0081857857473,40.500843512598045,40.3939807418671,40.60594446878957,40.507451265531884,0.07525145370618082,0.21196372692247678,0.11347052366478749,0.2707071863633164,40.5369086305318,40.54902140302471,40.60594446878957,40.3939807418671,40.45140108344623
P_0038_0017,38,17,3.145500000000002,-13.2975,13.664467662517994,20,0.783,1.0,200.5824235848906,202.84313148202207,40.72408767170874,40.59897392882266,40.84664316527653,40.72529038000802,0.08927989751222117,0.2476692364538735,0.12631645118536028,0.31630809253368264,40.73463022626021,40.79046454915999,40.84664316527653,40.59897392882266,40.65574003052069
P_0038_0018,38,18,3.145500000000002,-12.5145,12.903754511769046,16,0.783,1.0,204.74745134628898,206.42476163010477,40.93135285913739,40.83631246213616,41.02480988512281,40.92837886947537,0.0645278849543965,0.18849742298664296,0.09643101564743972,0.24073744953594248,40.91925853527613,40.96915976995706,41.02480988512281,40.83631246213616,40.89235369488466
P_0038_0019,38,19,3.145500000000002,-11.731499999999999,12.145874299530684,16,0.783,1.0,208.1820428247988,209.76499788099025,41.10213767363322,41.01190810420712,41.19084806084175,41.10769679420922,0.06182961981322373,0.17893995663462903,0.09578869000209522,0.2285312345269847,41.13261938330015,41.13567389086734,41.19084806084175,41.01190810420712,41.06743453182975
P_0038_0020,38,20,3.145500000000002,-10.9485,11.391392474144677,20,0.783,1.0,211.76004918862958,213.6166572324948,41.27990852410711,41.17546346419255,41.38214167032254,41.281135810402915,0.0723311354828777,0.2066782061299861,0.10567234621036192,0.26395684052360935,41.29005109991152,41.32749660631907,41.38214167032254,41.17546346419255,41.23052621126891
P_0038_0021,38,21,3.145500000000002,-10.165499999999998,10.641031928342287,16,0.783,1.0,215.064528137367,216.45006759320523,41.443944593147954,41.36375897865759,41.52273013016503,41.448863272441564,0.053869372626774055,0.15897115150743701,0.08510429378397077,0.20302829055866795,41.47105990506384,41.46846105990159,41.52273013016503,41.36375897865759,41.418306288419785
P_0038_0022,38,22,3.145500000000002,-9.3825,9.895730215603091,20,0.783,1.0,218.0866547587462,219.69470582878137,41.593808262780236,41.50202042085982,41.68355474246363,41.595045535457,0.06208583214980472,0.1815343216038059,0.09302511459717522,0.2318445997494328,41.60374841986004,41.629702526731705,41.68355474246363,41.50202042085982,41.55620156736978
P_0038_0023,38,23,3.145500000000002,-8.599499999999999,9.156722694283145,16,0.783,1.0,220.85642255181284,222.06090954546136,41.731009678219365,41.66001058235918,41.800700775068094,41.729539434279374,0.045756728646103396,0.14069019270891658,0.07116134078871994,0.17968096131406971,41.726056570526566,41.747143217679366,41.800700775068094,41.66001058235918,41.71378602576368
P_0038_0024,38,24,3.145500000000002,-7.816499999999998,8.425665700702822,16,0.783,1.0,223.10126243358349,224.2294446194274,41.84207309416466,41.77493874877098,41.90793356753113,41.84615178173586,0.04387017600073541,0.13299481876015307,0.07121303296488435,0.16985289752254543,41.86481998689453,41.85463891244245,41.90793356753113,41.77493874877098,41.82842769304023
P_0038_0025,38,25,3.145500000000002,-7.0335,7.70482267803744,20,0.783,1.0,225.38974400725095,226.66981652480948,41.95513730457271,41.87999009492347,42.02842296726641,41.95638327637321,0.048981935371876624,0.14843287234293712,0.07639318144973828,0.18956944105100526,41.96486407825171,41.97541551341669,42.02842296726641,41.87999009492347,41.93322372800776
P_0038_0026,38,26,3.145500000000002,-6.250499999999999,6.997350963043085,16,0.783,1.0,227.44725143681273,228.41118566150945,42.05662289984076,41.99779409939276,42.11424227366149,42.05592681847471,0.03697972037171142,0.11644817426872578,0.058315455186779275,0.1487205290788324,42.05541475076495,42.061433619119896,42.11424227366149,41.99779409939276,42.05074934943445
P_0038_0027,38,27,3.145500000000002,-5.467499999999998,6.307751302960509,16,0.783,1.0,229.0754299682016,229.9691162006616,42.13677302201991,42.08149104509658,42.19086949338572,42.140081438396635,0.03546598933089937,0.10937844828914223,0.058590393300058,0.1396915048392621,42.155558821403815,42.13823373251898,42.19086949338572,42.08149104509658,42.13425409957807
P_0038_0028,38,28,3.145500000000002,-4.6845,5.642580127920207,20,0.783,1.0,230.68597115634446,231.663369158984,42.21586074667333,42.15601305254859,42.27397048063824,42.217111384472034,0.03775484384676159,0.11795742808965315,0.06109833192344638,0.1506480563086247,42.22544762356199,42.22151627681512,42.27397048063824,42.15601305254859,42.20860948879624
P_0038_0029,38,29,3.145500000000002,-3.9014999999999986,5.011573854588995,16,0.783,1.0,232.07902939776494,232.81946024264224,42.284053704100614,42.236498859807966,42.33046792643893,42.284084683016985,0.02993329040400606,0.0939690666309616,0.04758582320901894,0.1200115793498871,42.28640286954152,42.278132565360295,42.33046792643893,42.236498859807966,42.28892119393623
P_0038_0030,38,30,3.145500000000002,-3.1184999999999974,4.429358023461187,16,0.783,1.0,233.12669507024924,233.8007295394421,42.33512283709068,42.29091132026025,42.37821014935844,42.33770547802588,0.028826746838453394,0.08729882909818798,0.046794157765631894,0.11149275746895017,42.35021435878957,42.32597103347854,42.37821014935844,42.29091132026025,42.34322052824263
P_0038_0031,38,31,3.145500000000002,-2.3354999999999997,3.9177455889835433,20,0.783,1.0,234.09346108036192,234.7840486117753,42.38196610930807,42.336569846695454,42.425706546753645,42.38321902316708,0.02889236638355215,0.08913670005819085,0.04664917647162525,0.11383997453153365,42.39147343833827,42.37355693034277,42.425706546753645,42.336569846695454,42.38878835370525
P_0038_0032,38,32,3.145500000000002,-1.5524999999999984,3.507766597138414,16,0.783,1.0,234.85022072865985,235.3776335459277,42.418293835752536,42.38145651771458,42.45403690899764,42.41902599746064,0.025168853111737402,0.07258039128305427,0.03756947974606106,0.09269526345217659,42.424109475446926,42.40193482236742,42.45403690899764,42.38145651771458,42.43359226277664
P_0038_0033,38,33,3.145500000000002,-0.7695000000000007,3.238255780509009,16,0.783,1.0,235.33739700076546,235.80053031827927,42.44129758642683,42.40768953520512,42.47382185870538,42.443179332625746,0.02460564598971748,0.06613232350025555,0.03548979742062386,0.08446018326980274,42.4528560011899,42.42174622853304,42.47382185870538,42.40768953520512,42.45978303949528
P_0038_0034,38,34,3.145500000000002,0.013500000000000512,3.1455289698236784,20,0.783,1.0,235.67761031099272,236.08978778318675,42.456770341632726,42.42536375184568,42.48657003158377,42.45802392473688,0.023998157928870768,0.06120627973808723,0.03266017289119816,0.07816893963995815,42.46625170219812,42.43449810098457,42.48657003158377,42.42536375184568,42.477436037072266
P_0038_0035,38,35,3.145500000000002,0.7965000000000018,3.24477772736439,16,0.783,1.0,235.81021465798474,236.1357334267143,42.461849535340754,42.43509272997864,42.48794317469395,42.46327455475374,0.02362143526390373,0.05243013174884936,0.02818182477509623,0.06696057694616776,42.47112425068809,42.43509272997864,42.48718516713359,42.435447764240905,42.48752286172749
P_0038_0036,38,36,3.145500000000002,1.5794999999999995,3.519799781237565,16,0.783,1.0,235.7433207478518,236.11312767937983,42.457114522192576,42.427128991997165,42.48600612289266,42.458303370006135,0.023755441309201628,0.058877130895496066,0.03117437800896994,0.0751942923314126,42.465213494629495,42.427128991997165,42.47926295549382,42.433905285017545,42.48600612289266
P_0038_0037,38,37,3.145500000000002,2.3625000000000007,3.9339009265613205,20,0.783,0.45,105.96640914297086,235.93982510720025,40.30976837887998,38.53765769145917,42.475944484215006,40.1179029820391,1.9041676979982434,3.9382867927558394,2.358041502175908,5.0297404760610975,38.57292708784741,38.53765769145917,38.57918882035142,42.42379682632247,42.475944484215006
P_0038_0038,38,38,3.145500000000002,3.145500000000002,4.448408760444574,16,0.783,0.0,0.0,0.0,36.0598190828998,34.214190972968424,38.54770955719482,36.124461982300474,1.3790139622401931,4.311240417220006,2.4090335477142304,5.506054172694771,35.96056907127303,35.93176703664716,34.2222551127947,38.533495530014704,35.974223160772794
P_0038_0039,38,39,3.145500000000002,3.9284999999999997,5.03262183161024,16,0.783,0.5,117.13159162668512,234.7533854992397,35.94852362151243,34.18899350967075,38.080976063140895,36.62975278862772,1.4424050230437544,3.843979546858982,2.41018107720479,4.909296994711344,38.06355125828191,38.0332510172338,36.90450288374728,35.92788707245268,34.21957171142293
P_0038_0040,38,40,3.145500000000002,4.711500000000001,5.665015666350802,20,0.783,1.0,233.41780650916695,234.1850633308201,37.930428817729435,36.85734528572539,38.70558509741045,37.852928262832805,0.8122285103616508,1.8172114067796201,0.9834295201488459,2.3208319371387227,38.68671014946358,38.64662905824656,38.16291699789139,36.86949874268396,36.898886365878525
P_0038_0041,38,41,3.145500000000002,5.494500000000002,6.3311689678921095,16,0.783,1.0,232.28008297824334,233.0161633249636,39.60987955464722,38.13450532134527,40.66189446460192,39.63308434928748,0.6564070125192062,2.0243509306615195,1.0288101153144424,2.5853779446507272,39.50816661508617,39.4727594650725,40.66189446460192,38.6375435339404,39.88505766773642
P_0038_0042,38,42,3.145500000000002,6.277500000000003,7.021479651754326,20,0.783,1.0,230.9039181886082,231.87851514778407,40.583474757906586,39.461035812760656,41.13094683961549,40.51107083553977,0.5808478643727043,1.623552381151967,1.050035022779113,2.0735024024929336,40.38131681654329,41.08458819391262,40.97974627344127,39.461035812760656,40.64866708104103
P_0038_0043,38,43,3.145500000000002,7.060500000000005,7.729478022479919,16,0.783,1.0,229.30166036867269,230.1980722546177,41.10748201844419,40.788317458310985,41.35550175319116,41.06190037078727,0.19604015311004933,0.48466208891608176,0.2569350353867321,0.6189809564700917,40.83417331725792,41.27286540703324,41.318835406174,40.92018403270231,40.96344369076888
P_0038_0044,38,44,3.145500000000002,7.843499999999999,8.45071964391199,16,0.783,1.0,227.6718331200364,228.64240942014055,41.54618755507903,41.26950920481494,41.79258891659413,41.594879410163,0.14235768218425607,0.44220477197040964,0.24449526553928536,0.5647570523249165,41.57780366815035,41.6187219609231,41.79258891659413,41.35038414462372,41.63489836052372
P_0038_0045,38,45,3.145500000000002,8.6265,9.18208432220049,20,0.783,1.0,225.60054965057384,226.8941567081473,41.86703901247258,41.59629613410789,41.96268551743475,41.83556892964053,0.12376237421154311,0.34906440261415383,0.23927279553264214,0.44580383475626284,41.94536053672204,41.858158180418,41.912001212496136,41.59629613410789,41.86602858445861
P_0038_0046,38,46,3.145500000000002,9.409500000000001,9.921333604914212,16,0.783,1.0,223.28449536751006,224.4302066265944,41.817915725313114,41.74877057773534,41.88570521617447,41.82210907510968,0.045285713416171505,0.13693463843912923,0.07333849737433695,0.17488459570770015,41.84134433495581,41.74877057773534,41.80294177016839,41.83178347651437,41.88570521617447
P_0038_0047,38,47,3.145500000000002,10.192500000000003,10.666828324295844,16,0.783,1.0,221.00101650023123,222.2289500703297,41.702125926582774,41.62880800702851,41.77404443614688,41.70053484030247,0.047390425209425734,0.14523642911836987,0.07350959584441341,0.1854871380822093,41.69669164818748,41.62880800702851,41.68334460084952,41.719785509299925,41.77404443614688
P_0038_0048,38,48,3.145500000000002,10.975500000000004,11.417345159887219,20,0.783,1.0,218.16935520871306,219.81582207159195,41.55867946391959,41.46339298312813,41.65175523887757,41.5599066004561,0.06470636391070393,0.1883622557494391,0.0965136173279717,0.2405648221576489,41.568819765634885,41.46339298312813,41.518443920116624,41.59712109452329,41.65175523887757
P_0038_0049,38,49,3.145500000000002,11.758499999999998,12.171955163407395,16,0.783,1.0,215.06416650210159,216.48951567255324,41.40150450407381,41.31814799559919,41.48334261850101,41.40660559248077,0.056208923355881256,0.16519462290182219,0.08845759688158239,0.21097652988738466,41.429695105349424,41.31814799559919,41.37366175895755,41.4281804839967,41.48334261850101
P_0038_0050,38,50,3.145500000000002,12.5415,12.929941705205016,16,0.783,1.0,212.04985738556445,213.5695617836404,41.24903325199972,41.16086854647108,41.33561539405508,41.24651688357697,0.05886318637637945,0.17474684758400372,0.08909851047810946,0.22317605055428316,41.23922603018485,41.16086854647108,41.216896302715895,41.27997814445797,41.33561539405508
P_0038_0051,38,51,3.145500000000002,13.3245,13.690743971749674,20,0.783,1.0,208.35764728138528,210.40821399753045,41.06237836380389,40.94643440523913,41.1757655841555,41.0635809008442,0.0814636931505313,0.22933117891636812,0.11714649560506984,0.2928878402507894,41.07291805491548,40.94643440523913,41.00318580924113,41.11960065066978,41.1757655841555
P_0038_0052,38,52,3.145500000000002,14.107500000000002,14.453917340984072,16,0.783,1.0,204.34761094424147,206.09862125372152,40.85975282352989,40.75977264373836,40.95797216063835,40.86590195976753,0.06944605361930613,0.19819951689999016,0.10612931602916831,0.25312837407406147,40.89352361430582,40.75977264373836,40.8171773284418,40.90106405171332,40.95797216063835
P_0038_0053,38,53,3.145500000000002,14.890500000000003,15.21910511495338,16,0.783,1.0,200.48335651447607,202.34747874293836,40.66457114624653,40.558797754216926,40.768484982985456,40.66096773119523,0.07288090479853511,0.20968722876853008,0.10751725179022742,0.26779978131357607,40.64971844257934,40.558797754216926,40.61693201435975,40.71090546183467,40.768484982985456
P_0038_0054,38,54,3.145500000000002,15.673500000000004,15.986018031392312,20,0.783,1.0,195.77457859070287,198.30879098986523,40.42681085541243,40.28598626142434,40.56453926926429,40.42796600237474,0.10187173452425145,0.2785530078399461,0.14197974095039712,0.35575096786710864,40.437937700106886,40.28598626142434,40.34515733259377,40.50620944848441,40.56453926926429
P_0038_0055,38,55,3.145500000000002,16.4565,16.75441919315617,16,0.783,1.0,190.6771092273437,192.82633634842455,40.16949296803185,40.04907205133969,40.28776969670656,40.17690900117178,0.0859893406748106,0.23869764536686944,0.12783694983208704,0.3048501217967681,40.21013972557176,40.04907205133969,40.10919120877992,40.228372323460974,40.28776969670656
P_0038_0056,38,56,3.145500000000002,17.2395,17.524112830611426,16,0.783,1.0,185.77174439971787,188.0648440702821,39.92192468802258,39.79408664191163,40.04745430741741,39.91696713002938,0.09066924804440399,0.2533676655057775,0.13048717738803361,0.3235857797008652,39.900935572401465,39.79408664191163,39.85527984934333,39.98707927907304,40.04745430741741
P_0038_0057,38,57,3.145500000000002,18.0225,18.294935815684077,20,0.783,1.0,179.7904882232416,182.93942117867408,39.62010560197479,39.44738772494418,39.788813928186926,39.6211626220972,0.1280802372604145,0.3414262032427473,0.17377489715302374,0.43604879085919196,39.63214183234743,39.44738772494418,39.5101398563761,39.72732976863136,39.788813928186926
P_0038_0058,38,58,3.145500000000002,18.805500000000002,19.06675117842576,16,0.783,1.0,173.29803761594167,175.96876140421128,39.29252805963216,39.14513662792865,39.43710694381031,39.30157517333343,0.10793524932103883,0.2919703158816631,0.1564385454047823,0.3728867380353296,39.342272261312985,39.14513662792865,39.20935101305543,39.37400902055981,39.43710694381031
P_0038_0059,38,59,3.145500000000002,19.588500000000003,19.839443099542894,16,0.783,1.0,167.01908802259618,169.88963706937344,38.97574428547012,38.81795353905704,39.13040966730125,38.96894723546927,0.11487465757702653,0.3124561282442144,0.1614624318319784,0.39904997221483324,38.94670640512061,38.81795353905704,38.88387236859751,39.06579419726995,39.13040966730125
P_0038_0060,38,60,3.145500000000002,20.371500000000005,20.612913003745984,20,0.783,1.0,159.30220788966315,163.3062105680623,38.586423192351255,38.36877628952351,38.79828256932274,38.587248818138825,0.1648293847003278,0.4295062797992273,0.2184725286153153,0.5485393100884128,38.600021682067336,38.36877628952351,38.4372712726971,38.73189227708343,38.79828256932274
P_0038_0061,38,61,3.145500000000002,21.1545,21.387076483240993,16,0.783,1.0,150.83077150293758,154.26195603624555,38.159025575293605,37.971848048547145,38.34200766982809,38.15040601762765,0.13852920482831457,0.3701596212809477,0.1916016522004398,0.47274536562062286,38.12236580011205,37.971848048547145,38.04288502625661,38.27292354339437,38.34200766982809
P_0038_0062,38,62,3.145500000000002,21.9375,22.161860853727966,20,0.783,1.0,141.38870413025978,146.26227116949016,37.682623565128644,37.41849852079582,37.93841131806636,37.68306456181881,0.20250151281645462,0.5199127972705355,0.264566041022988,0.6640010182254604,37.69817775440725,37.41849852079582,37.49358157947387,37.86665363635075,37.93841131806636
P_0038_0063,38,63,3.145500000000002,22.7205,22.93720319698982,16,0.783,1.0,130.8361342636913,135.094677375168,37.15012906623892,36.91894698901177,37.37493222532777,37.16388019672716,0.17568750433983846,0.4559852363159962,0.24493320771539118,0.5823566236475047,37.22833200677866,36.91894698901177,36.998305255318144,37.29888450719949,37.37493222532777
P_0038_0064,38,64,3.145500000000002,23.503500000000003,23.713048781209054,16,0.783,1.0,120.20376980063753,124.99246507279898,36.61351917266738,36.35367566479323,36.865131801159976,36.60023449760272,0.19630280022066157,0.5114561363667463,0.26489730355725527,0.6532006850150016,36.559071731538495,36.35367566479323,36.43879228479284,36.784501005729055,36.865131801159976
P_0038_0065,38,65,3.145500000000002,24.286500000000004,24.4893497769949,20,0.783,1.0,106.30872697323726,113.5292313710624,35.91208360821376,35.51727636628016,36.28654145761635,35.91039622059138,0.306103170028687,0.7692650913361945,0.3931198543112231,0.9824586096247694,35.93509110313028,35.51727636628016,35.613425480986734,36.1996466949434,36.28654145761635
P_0038_0066,38,66,3.145500000000002,25.069500000000005,25.266064206757655,16,0.783,1.0,89.53829273019561,96.4744503118037,35.065248887526124,34.684431464569,35.425486368691566,35.08549307493378,0.29328655005753856,0.7410549041225636,0.4010616103647777,0.9464302734643213,35.1950592256365,34.684431464569,34.79623624689191,35.32625206887991,35.425486368691566
P_0038_0067,38,67,3.145500000000002,25.8525,26.043155079598172,16,0.783,1.0,70.09854530699798,79.30477847525769,34.08329522005374,33.56232312745027,34.55833293507396,34.04995885009826,0.39233280745536925,0.9960098076236932,0.5083740849757064,1.2720431770417537,33.97872599732625,33.56232312745027,33.709799893501724,34.44061229713907,34.55833293507396
P_0038_0068,38,68,3.145500000000002,26.6355,26.82058967472565,14,0.783,1.0,40.35382531738042,55.50379294053476,32.583513300703714,31.185723460029635,33.35589651962528,32.488929266202355,0.7029235893642867,1.8999771620668824,1.0330099086439546,2.4265353283101945,32.31712394983305,32.12626201811901,31.4559193575584,33.18944448587604,33.35589651962528
P_0039_0000,39,0,3.9284999999999997,-26.6085,26.89694005830403,12,0.783,1.0,22.71351755873098,36.1415663514907,31.766476273199036,30.84270902566652,32.454660550671974,31.579873211010614,0.6478971369289084,1.6119515250054555,0.8747873396613599,2.058686494259841,31.0371357374961,32.23716480049734,32.454660550671974,30.84270902566652,31.327695940721128
P_0039_0001,39,1,3.9284999999999997,-25.825499999999998,26.12258720915675,16,0.783,1.0,51.671844521522935,61.720166376083725,33.22820478761813,32.65326736753025,33.74512104471523,33.24263646051086,0.42595506803182315,1.0918536771849858,0.5893690929806112,1.3944491407215656,33.37308671039614,33.60123212522865,33.74512104471523,32.65326736753025,32.84047505468402
P_0039_0002,39,2,3.9284999999999997,-25.0425,25.34876562083448,20,0.783,1.0,74.44022497109547,83.72807712352957,34.37583466518519,33.860255786918856,34.853649655625304,34.363525982102644,0.3923121860847083,0.9933938687064483,0.5032701951837879,1.2687022588843528,34.36880567476277,34.73893169260333,34.853649655625304,33.860255786918856,33.995987100602974
P_0039_0003,39,3,3.9284999999999997,-24.2595,24.575525477596607,16,0.783,1.0,91.81857273045115,97.73317961047792,35.2505991522368,34.93014732332836,35.55819577990496,35.227080080284324,0.24101768427942688,0.6280484565766002,0.33111569962063925,0.802105308526948,35.15019006583151,35.45557720246029,35.55819577990496,34.93014732332836,35.04129002989652
P_0039_0004,39,4,3.9284999999999997,-23.4765,23.80292344440069,16,0.783,1.0,104.63812014798117,109.78672244184963,35.89517750107612,35.617227892949245,36.16399844930959,35.905056203496954,0.20726128031483063,0.5467705563603431,0.2878283105477095,0.698302115402737,35.95705283767495,36.06945442029456,36.16399844930959,35.617227892949245,35.71754741725641
P_0039_0005,39,5,3.9284999999999997,-22.6935,23.031023739729854,20,0.783,1.0,117.1267123129436,122.91589144408762,36.52252199662955,36.21064578809114,36.82324442888205,36.51699363500861,0.23710310807798288,0.6125986407909068,0.3063478469174683,0.7823737430279779,36.51173283811033,36.7357846119113,36.82324442888205,36.21064578809114,36.30356050804824
P_0039_0006,39,6,3.9284999999999997,-21.9105,22.25989942699652,16,0.783,1.0,128.1826750008002,132.24225787388423,37.077422209162904,36.85832560002734,37.2911379834332,37.061832832354675,0.16251435435608658,0.43281238340586015,0.22930515107852756,0.5527616646307282,37.00716934220264,37.20789734518888,37.2911379834332,36.85832560002734,36.944633890921295
P_0039_0007,39,7,3.9284999999999997,-21.127499999999998,21.489633977804274,16,0.783,1.0,137.01072064495293,140.73436136068716,37.52014767030425,37.31889254958736,37.7168732194192,37.527028679769295,0.14727466790986724,0.39798066983183844,0.20813613018193422,0.5082767175374693,37.56114611249564,37.63701044316088,37.7168732194192,37.31889254958736,37.40122107418341
P_0039_0008,39,8,3.9284999999999997,-20.3445,20.720323175568474,20,0.783,1.0,146.03243632195563,150.37656897868573,37.97224747933226,37.73843934292739,38.1998996762394,37.968206994637775,0.17510331169741744,0.4614603333120044,0.23169268160162204,0.5893490846896609,37.96170714301672,38.123429790206046,38.1998996762394,37.73843934292739,37.81755902079931
P_0039_0009,39,9,3.9284999999999997,-19.5615,19.952077448225786,16,0.783,1.0,154.28574610477935,157.42803751390042,38.38554416547993,38.214865963538784,38.55288392443112,38.37351538860763,0.1241782123454412,0.33801796089233704,0.17936853582349244,0.4316959909225249,38.33044066550991,38.47864294708552,38.55288392443112,38.214865963538784,38.29074344247283
P_0039_0010,39,10,3.9284999999999997,-18.7785,19.18502474587927,16,0.783,1.0,161.03225979340917,163.96824325005394,38.72315120026529,38.56324077207472,38.88006901788265,38.72816128042602,0.11447859569102868,0.3168282458079261,0.164920508351301,0.40463377497819425,38.7527875912217,38.80773049434976,38.88006901788265,38.56324077207472,38.6369785266013
P_0039_0011,39,11,3.9284999999999997,-17.9955,18.41931411589476,20,0.783,1.0,168.04275128716793,171.5075876618673,39.07373236123125,38.8862697271216,39.25697682327575,39.070335416208664,0.1377470923216419,0.370707096154149,0.18664140706708565,0.4734445672466781,39.06359764782792,39.18665753653187,39.25697682327575,38.8862697271216,38.95817534628617
P_0039_0012,39,12,3.9284999999999997,-17.2125,17.655120178010684,16,0.783,1.0,174.5357017201553,177.08304926568357,39.398216811064614,39.25848142529952,39.53551435061905,39.38840063098471,0.09948189168716973,0.2770329253195314,0.1471137196343406,0.35380961088062757,39.35298936266565,39.46658108778189,39.53551435061905,39.25848142529952,39.32843692855744
P_0039_0013,39,13,3.9284999999999997,-16.429499999999997,16.892648770989112,16,0.783,1.0,179.8913242406736,182.29102302530697,39.66568655624332,39.53358044358146,39.79553504658668,39.669336101893236,0.0923212672094085,0.261954603005222,0.13575565831177983,0.33455249425954275,39.687548916830224,39.72782181890233,39.79553504658668,39.53358044358146,39.602194283565495
P_0039_0014,39,14,3.9284999999999997,-15.6465,16.132144138334496,20,0.783,1.0,185.49111833076185,188.3274236091239,39.945166588613716,39.790391672483565,40.09671052101601,39.94212500506484,0.11122235914580687,0.30631884853244173,0.15458551595116887,0.3912118116633994,39.93537163586171,40.03032860456858,40.09671052101601,39.790391672483565,39.85782259139432
P_0039_0015,39,15,3.9284999999999997,-14.8635,15.373898155640292,16,0.783,1.0,190.69867959413187,192.80646784374952,40.20489727414004,40.08781987340848,40.32002828138872,40.19667407133129,0.08139399747859102,0.2322084079802451,0.12335421005743541,0.2965624622991636,40.16698314518385,40.2545809761088,40.32002828138872,40.08781987340848,40.15395808056661
P_0039_0016,39,16,3.9284999999999997,-14.080499999999999,14.618262294130584,16,0.783,1.0,195.00361840359295,196.99584439786716,40.41946255228781,40.30831522975899,40.52877116761539,40.4220270730472,0.07566732194346519,0.22045593785639994,0.1137118432882076,0.28155292191111103,40.435344442935104,40.464159667134425,40.52877116761539,40.30831522975899,40.37354485779207
P_0039_0017,39,17,3.9284999999999997,-13.2975,13.865663291022178,20,0.783,1.0,199.5068513272457,201.85065124048057,40.64375408543221,40.51436582675467,40.77049215447664,40.640933819839304,0.09061095988954032,0.2561263277219723,0.12955833463733768,0.32710897537927497,40.6342234103671,40.70680542410122,40.77049215447664,40.51436582675467,40.57878228349688
P_0039_0018,39,18,3.9284999999999997,-12.5145,13.116623898701983,16,0.783,1.0,203.6900160710838,205.44637030737823,40.85195200461078,40.75287518142631,40.949384558202894,40.844979338746136,0.06714483376656087,0.1965093767765822,0.1044052194567584,0.25096982985514965,40.81989171745016,40.88635390669839,40.949384558202894,40.75287518142631,40.81639132995292
P_0039_0019,39,19,3.9284999999999997,-11.731499999999999,12.371790674756827,16,0.783,1.0,207.13897653614868,208.79928615863903,41.023476218337066,40.92930187427146,41.11607620936991,41.025120143352446,0.06235170832053912,0.18677433509844832,0.09581826908098634,0.2385368264347999,41.034407514622615,41.05363608586089,41.11607620936991,40.92930187427146,40.99217903263735
P_0039_0020,39,20,3.9284999999999997,-10.9485,11.631971651444134,20,0.783,1.0,210.7314092708119,212.6650315703367,41.20198984406365,41.09360542006772,41.30809623511402,41.1993163097995,0.0736819172333995,0.21449081504630385,0.10877992531452207,0.2739346296887661,41.19266029964666,41.24631225615588,41.30809623511402,41.09360542006772,41.15590733801321
P_0039_0021,39,21,3.9284999999999997,-10.165499999999998,10.898188037467511,16,0.783,1.0,214.04875673834786,215.50844509843864,41.366688842644876,41.282732262186926,41.44920086988338,41.36775849024648,0.054515530472132236,0.16646860769645144,0.0850262280595544,0.21260358581922278,41.3745813220753,41.38788294153238,41.44920086988338,41.282732262186926,41.3443950555544
P_0039_0022,39,22,3.9284999999999997,-9.3825,10.17174608904489,20,0.783,1.0,217.08224497111445,218.76416660040843,41.517138144888385,41.42158403579384,41.610597721052045,41.51453764601249,0.06350218148426656,0.18901368525820317,0.09606007503955283,0.24139678832465283,41.507917188584486,41.54979627711526,41.610597721052045,41.42158403579384,41.48279300751682
P_0039_0023,39,23,3.9284999999999997,-8.599499999999999,9.454338289906913,16,0.783,1.0,219.86210701584469,221.13819986514196,41.654860131417095,41.58022804297645,41.72814822737996,41.64956568415422,0.048453333013516904,0.1479201844035103,0.07858254322574254,0.18891466718200547,41.63080603031676,41.66771172976934,41.72814822737996,41.58022804297645,41.6409343903286
P_0039_0024,39,24,3.9284999999999997,-7.816499999999998,8.748187497990653,16,0.783,1.0,222.1148854272051,223.3137170223252,41.76633314940297,41.695617793491294,41.83574188841931,41.76663384310099,0.04478094291954134,0.14012409492801225,0.0710160496096961,0.17895797564241667,41.770209292677976,41.775630913594114,41.83574188841931,41.695617793491294,41.75596932732225
P_0039_0025,39,25,3.9284999999999997,-7.0335,8.05625437160471,20,0.783,1.0,224.4112265274917,225.7617119504269,41.879803085286234,41.80108037751472,41.956625496655136,41.87727867300199,0.050577495477898526,0.15554511914041314,0.07934682365314671,0.19865277029426964,41.870701654645245,41.89687002835211,41.956625496655136,41.80108037751472,41.86111580784274
P_0039_0026,39,26,3.9284999999999997,-6.250499999999999,7.382537673456193,16,0.783,1.0,226.4755948769139,227.50835449827284,41.981643031697075,41.91933267055407,42.042717661262486,41.9771860017925,0.0398057303704105,0.12338499070841635,0.06553165946998973,0.15757980933386506,41.96164794661132,41.98320819777683,42.042717661262486,41.91933267055407,41.979023532757765
P_0039_0027,39,27,3.9284999999999997,-5.467499999999998,6.732508336422612,16,0.783,1.0,228.10903870890104,229.07086879708032,42.06206523290312,42.003339030588165,42.11958217394636,42.06164338844078,0.036768982566654444,0.11624314335819719,0.05830435785261301,0.14845867606410879,42.06221704646168,42.06028661835535,42.11958217394636,42.003339030588165,42.062792072852346
P_0039_0028,39,28,3.9284999999999997,-4.6845,6.113726564052403,20,0.783,1.0,229.72461960658944,230.7699321982724,42.14141352179446,42.07812923455094,42.20293234399776,42.138938479143654,0.03965474463936682,0.12480310944681605,0.06399386485410474,0.15939094437652113,42.13239331257466,42.14386136343717,42.20293234399776,42.07812923455094,42.13737614115775
P_0039_0029,39,29,3.9284999999999997,-3.9014999999999986,5.53667901363263,16,0.783,1.0,231.12187542370845,231.92916949141176,42.2098236375603,42.15889522663508,42.25959288740302,42.2061350629955,0.03291080511968388,0.10069766076793485,0.05345782440751634,0.12860493073810325,42.1935915321838,42.20066887361975,42.25959288740302,42.15889522663508,42.21792679513584
P_0039_0030,39,30,3.9284999999999997,-3.1184999999999974,5.015790515960568,16,0.783,1.0,232.1725538749875,232.9129847198648,42.26104875488754,42.2134897065082,42.30746719381432,42.25992943399285,0.030671483462954948,0.09397748730611966,0.04753775982146635,0.12002233372429075,42.2576466964307,42.24866219265408,42.30746719381432,42.2134897065082,42.272381380556965
P_0039_0031,39,31,3.9284999999999997,-2.3354999999999997,4.57030332691387,20,0.783,1.0,233.141929325914,233.89866791801137,42.30802727698276,42.2592941621329,42.355086420165264,42.30558011939375,0.031229344972350904,0.09579225803236113,0.049506300771511746,0.12234004857261958,42.29905428276652,42.29639204967003,42.355086420165264,42.2592941621329,42.31807368223406
P_0039_0032,39,32,3.9284999999999997,-1.5524999999999984,4.224141155311928,16,0.783,1.0,233.90053855419043,234.4935048616157,42.344451038976985,42.30431393959259,42.38348200080344,42.34148642063506,0.02820858452963384,0.07916806121085074,0.041995580168382673,0.1011086350074722,42.33179863088435,42.32484636143721,42.38348200080344,42.30431393959259,42.36299117045769
P_0039_0033,39,33,3.9284999999999997,-0.7695000000000007,4.003154068981107,16,0.783,1.0,234.3886960817906,234.91709455699583,42.36750594336168,42.33061487075776,42.40330325120783,42.36569667951013,0.02707707608221127,0.07268838045006731,0.037606571697700986,0.09283318065142696,42.3606250677696,42.3447003010283,42.40330325120783,42.33061487075776,42.38923990678717
P_0039_0034,39,34,3.9284999999999997,0.013500000000000512,3.9285231958078084,20,0.783,1.0,234.72927647092743,235.2064385053871,42.382998214157496,42.348323198576736,42.41605650129043,42.380560120882116,0.02672215632039016,0.06773330271369105,0.03549638040831127,0.0865048565947523,42.3740408223469,42.357458063043225,42.41605650129043,42.348323198576736,42.406922019153285
P_0039_0035,39,35,3.9284999999999997,0.7965000000000018,4.0084316758552845,16,0.783,1.0,234.86151373900987,235.25202072149776,42.38805901994242,42.35801961949079,42.417419152972,42.3857930519752,0.02643907060346576,0.05898536187191894,0.03121192938750994,0.07533251835494117,42.37889457187845,42.35801961949079,42.41664347810109,42.35840260904297,42.41700498136271
P_0039_0036,39,36,3.9284999999999997,1.5794999999999995,4.23413893253398,16,0.783,1.0,234.7936385733824,235.22899899506788,42.38327385050341,42.34998902458841,42.415452900728326,42.38076605859975,0.026698241348040046,0.06546387613991556,0.03468684212857909,0.08360648293731233,42.37290546064872,42.34998902458841,42.408664264376,42.35681864265729,42.415452900728326
P_0039_0037,39,37,3.9284999999999997,2.3625000000000007,4.584159519475735,20,0.783,0.9,211.0495180178761,235.05444441343624,41.98125898741224,38.508138343569954,42.40532699663197,41.59225671617484,1.5348005642954132,3.8822451184998386,3.0691748380427057,4.95816745657706,42.35843168707339,42.32780820254311,38.52308187813213,42.34663481649358,42.40532699663197
P_0039_0038,39,38,3.9284999999999997,3.145500000000002,5.03262183161024,16,0.783,0.0,0.0,0.0,37.84356601368343,35.89721654972783,38.51891454149393,37.97093640349503,1.0254145941397452,2.5984161461366284,2.050438008137732,3.318539139382667,38.4841034240975,38.45820643594027,35.9204983953573,38.472959220586176,38.51891454149393
P_0039_0039,39,39,3.9284999999999997,3.9284999999999997,5.555737979782704,16,0.783,0.0625,14.593307590337318,233.4929214453971,35.27087597582219,34.15049974515006,38.02073318909402,35.62638578073639,1.4284605357107116,3.8702334439439596,2.394347408357625,4.942826876045925,34.162779462432695,34.15049974515006,38.02073318909402,35.88130255090016,35.91661395610504
P_0039_0040,39,40,3.9284999999999997,4.711500000000001,6.134439216423943,20,0.783,0.9,209.1922036941309,233.2916263701085,37.03730147591834,34.14712537680413,38.64321682646119,36.65332507053669,1.4352513176904274,4.487383076554977,2.5061996937325617,5.731012869163444,36.82527943603503,36.80059385808181,38.6345084533591,34.14712537680413,36.85911822840336
P_0039_0041,39,41,3.9284999999999997,5.494500000000002,6.754453530819501,16,0.783,1.0,231.31369171894275,232.1179159213823,38.8721065450613,38.05064574325121,39.811039451439626,38.62685511056149,0.6349492316686861,1.7486225225151841,1.1724131552049002,2.2332343837997244,38.07221954771813,38.05064574325121,39.79926826576639,38.58672899358811,38.62541300248364
P_0039_0042,39,42,3.9284999999999997,6.277500000000003,7.405411433539668,20,0.783,1.0,229.9315323868174,230.97568398454743,40.01137289130674,39.38273214545336,40.578228362570144,39.8328884233134,0.3902231862315756,0.9140139679711865,0.4778849951995525,1.1673230753144144,39.396759450541765,40.2651911783197,40.31077341851295,39.74339986219775,39.44831820699483
P_0039_0043,39,43,3.9284999999999997,7.060500000000005,8.079837405542271,16,0.783,1.0,228.32233921131325,229.28853704662043,40.78131499062525,40.23379584382661,41.35306453715748,40.8332052780208,0.35134337375973296,1.1033216720261976,0.5834624128895172,1.4090953665724106,40.85546731778476,40.80299041179802,41.35306453715748,40.24974286513128,40.90476125823244
P_0039_0044,39,44,3.9284999999999997,7.843499999999999,8.772320360087175,16,0.783,1.0,226.68545611365806,227.7266818230384,41.32764139965278,40.78442383172029,41.622799965088575,41.238982861440284,0.2635854745171114,0.8165233316987042,0.45455902971999507,1.042813961301027,41.25779178379844,41.21813281487897,41.600947163418994,40.78442383172029,41.33361871338474
P_0039_0045,39,45,3.9284999999999997,8.6265,9.47890365495926,20,0.783,1.0,224.6051540642844,225.97144702782785,41.727072853019465,41.521760804662506,41.88994826160774,41.670765799310274,0.11982101865206589,0.3172957994744934,0.1682908048267251,0.4052309060976927,41.636249425718745,41.7782653491924,41.839056604137,41.521760804662506,41.57849681284074
P_0039_0046,39,46,3.9284999999999997,9.409500000000001,10.196656437283744,16,0.783,1.0,222.27891207986417,223.4975698829962,41.74119870540496,41.66834882177449,41.81265255371778,41.741568345791315,0.046213039642999325,0.14430373194329604,0.07321952401682807,0.18429595395056966,41.74552991628349,41.66834882177449,41.72954665864529,41.75176377853552,41.81265255371778
P_0039_0047,39,47,3.9284999999999997,10.192500000000003,10.923377156355999,16,0.783,1.0,219.9852451012121,221.28732757556307,41.62488492468676,41.54779715171821,41.70052888039601,41.61941099950553,0.050149607423398954,0.15273172867780005,0.08111788089047423,0.19505967902656454,41.60005874730348,41.54779715171821,41.6094478921637,41.63922232594626,41.70052888039601
P_0039_0048,39,48,3.9284999999999997,10.975500000000004,11.65738875134565,20,0.783,1.0,217.14071529089537,218.86419640943384,41.480776859459496,41.38155225121904,41.57772461593424,41.478103971760746,0.06617746845010093,0.1961723647151956,0.09962064417349126,0.25053941853792544,41.471449060554505,41.38155225121904,41.44384102518711,41.51595290590882,41.57772461593424
P_0039_0049,39,49,3.9284999999999997,11.758499999999998,12.397396279057952,16,0.783,1.0,214.02110021345143,215.52380395020205,41.32286044641437,41.235560397120025,41.40858704052016,41.32404717769094,0.05688248233132399,0.17302664340013507,0.08848678057091774,0.2209791103450001,41.331504779172064,41.235560397120025,41.29842337370207,41.3461602979404,41.40858704052016
P_0039_0050,39,50,3.9284999999999997,12.5415,13.142386940734927,16,0.783,1.0,210.99242211035926,212.59117046091387,41.169651039145535,41.07745127737672,41.26020745374018,41.1631369805408,0.06157488984285172,0.18275617636346198,0.09707047319938056,0.23340507836968322,41.139882721762376,41.07745127737672,41.14095219549705,41.19719125432766,41.26020745374018
P_0039_0051,39,51,3.9284999999999997,13.3245,13.891559037775421,20,0.783,1.0,207.2820750237404,209.41573375598887,40.9820649044007,40.86184791828907,41.09963315467428,40.97924546348132,0.08288049176050374,0.2377852363852071,0.12038769119295978,0.3036848485123973,40.97253639612177,40.86184791828907,40.92624796019305,41.03596188812844,41.09963315467428
P_0039_0052,39,52,3.9284999999999997,14.107500000000002,14.644270842209934,16,0.783,1.0,203.25165975730692,205.08627986584133,40.77839346918057,40.67413027036014,40.88081909254686,40.78050041951889,0.06997221599321937,0.20668882218672024,0.10637014915874943,0.26397039870590067,40.79198619303145,40.67413027036014,40.7393422674744,40.81622427418159,40.88081909254686
P_0039_0053,39,53,3.9284999999999997,14.890500000000003,15.400003327921722,16,0.783,1.0,199.36700330981853,201.31718567369643,40.58216534809675,40.47197563577004,40.69040979896431,40.57440150435566,0.07563235782230271,0.21843416319426723,0.11600829460864759,0.27897083422000923,40.54654662231991,40.47197563577004,40.53809501823332,40.62498044649072,40.69040979896431
P_0039_0054,39,54,3.9284999999999997,15.673500000000004,16.158332664603737,20,0.783,1.0,194.6322597036678,197.25842380104356,40.34307405568871,40.19748536259272,40.485433665615176,40.340033524953036,0.10334341280870839,0.28794830302245344,0.14540014066214013,0.3677500677170542,40.33328172445357,40.19748536259272,40.2648960368179,40.41907083528582,40.485433665615176
P_0039_0055,39,55,3.9284999999999997,16.4565,16.918909672316357,16,0.783,1.0,189.50528327079888,191.74737616969247,40.08424451660037,39.95903539539671,40.20719749753022,40.0874359825141,0.08647084361513016,0.24816210213350587,0.12840058711739033,0.3169375506175043,40.10381471729153,39.95903539539671,40.02762739634346,40.1395049060086,40.20719749753022
P_0039_0056,39,56,3.9284999999999997,17.2395,17.681444299038468,16,0.783,1.0,184.56994311225318,186.9596847720417,39.835141758137766,39.70230798923973,39.96553900894645,39.825785908714465,0.0935847192579146,0.2632310197067227,0.13975310023198517,0.33618265607499703,39.79221420840008,39.70230798923973,39.77224040307294,39.89662793391312,39.96553900894645
P_0039_0057,39,57,3.9284999999999997,18.0225,18.44569376575465,20,0.783,1.0,178.54981033648508,181.80450553019816,39.531333808454846,39.35307767001183,39.70537462764628,39.527938211482386,0.1297607820202746,0.3522969576344508,0.17743641616389283,0.44993225751526283,39.521202117909866,39.35307767001183,39.42495790177918,39.63507874006479,39.70537462764628
P_0039_0058,39,58,3.9284999999999997,18.805500000000002,19.2114534197702,16,0.783,1.0,172.01213649994563,174.79051407085066,39.20144461340645,39.04844853231168,39.35144971663129,39.205995880376136,0.10851316190337047,0.3030011843196121,0.1575473480644547,0.38697469261763995,39.22878474122683,39.04844853231168,39.12215929344285,39.27913711826801,39.35144971663129
P_0039_0059,39,59,3.9284999999999997,19.588500000000003,19.97854960951871,16,0.783,1.0,165.68590517328852,168.6705906966698,38.88224575142529,38.71848900304264,39.042666480575576,38.87067872553318,0.11817723033101961,0.3241774775329347,0.1719877550423945,0.41401976696415665,38.829448255895045,38.71848900304264,38.79433702364122,38.96845286451145,39.042666480575576
P_0039_0060,39,60,3.9284999999999997,20.371500000000005,20.746834083782524,20,0.783,1.0,157.90541304768414,162.03940452342778,38.489678377015615,38.26510560959889,38.70809891467218,38.48563973957137,0.16702962633412669,0.44299330507328705,0.22245917510080915,0.5657641188675441,38.479141945803065,38.26510560959889,38.34419299843353,38.63165922934917,38.70809891467218
P_0039_0061,39,61,3.9284999999999997,21.1545,21.516179551676917,16,0.783,1.0,149.35651502790063,152.9225498578951,38.05833110485264,37.86401712632141,38.24811879693834,38.04453209133247,0.14237928184275844,0.38410167061693556,0.203586705605872,0.49055130346990494,37.99592555541608,37.86401712632141,37.94630964266025,38.16828933532628,38.24811879693834
P_0039_0062,39,62,3.9284999999999997,21.9375,22.286476134642733,20,0.783,1.0,139.8159423778666,144.85072873306484,37.576911709606954,37.30401797207651,37.84084401069566,37.57201550350711,0.20551954573835599,0.5368260386191537,0.26882850718855167,0.6856015818890852,37.56613979537701,37.30401797207651,37.39143581254473,37.75763992684165,37.84084401069566
P_0039_0063,39,63,3.9284999999999997,22.7205,23.057628509888,16,0.783,1.0,129.13583216724135,133.5671744459066,37.03792758719238,36.79740326947524,37.27145857315293,37.04623057924031,0.17746472654990073,0.47405530367768733,0.24882730976506906,0.6054346151694602,37.089207566832044,36.79740326947524,36.89026939810873,37.1828140886326,37.27145857315293
P_0039_0064,39,64,3.9284999999999997,23.503500000000003,23.82955359422413,16,0.783,1.0,118.34983220734009,123.3408286154688,36.49350891018019,36.22255497424175,36.75534277891501,36.47386879191045,0.20225353330861548,0.532787804673255,0.28147398700455994,0.680444194985,36.40778156441286,36.22255497424175,36.32281557629534,36.66084906568727,36.75534277891501
P_0039_0065,39,65,3.9284999999999997,24.286500000000004,24.602178653525794,20,0.783,1.0,104.20048093015654,111.70756814606976,35.779164530956294,35.36757384237933,36.168112631881,35.77058267165531,0.3132461199489341,0.8005387895016725,0.4030088292759828,1.022399475736491,35.76946255546483,35.36757384237933,35.48220902135671,36.0655553071947,36.168112631881
P_0039_0066,39,66,3.9284999999999997,25.069500000000005,25.375439749884144,16,0.783,1.0,87.00626230114511,94.31655636461409,34.91085309488772,34.50772663946475,35.289998544081584,34.92382567653793,0.30133873990177285,0.7822719046168345,0.41609903707318097,0.999070120838869,35.006792377368015,34.50772663946475,34.64332161266452,35.1712892091108,35.289998544081584
P_0039_0067,39,67,3.9284999999999997,25.8525,26.149280458551818,16,0.783,1.0,66.7494742572932,76.64019022611426,33.887603967219775,33.32021620693615,34.397185799053204,33.84111212582659,0.4183463048677741,1.0769695921170523,0.5560736732266136,1.375440092103515,33.72767163580863,33.32021620693615,33.5070234560647,34.253463531270256,34.397185799053204
P_0039_0068,39,68,3.9284999999999997,26.6355,26.92365080185078,12,0.783,1.0,38.15889436122722,51.481872563493766,32.44536415724557,31.530431184335328,33.12627637316024,32.26092464417237,0.6404475096370322,1.59584518882491,0.8653517289878678,2.0381164608236397,31.726028181012225,31.530431184335328,32.01245670198858,32.90943078036548,33.12627637316024
P_0040_0001,40,1,4.711500000000001,-25.825499999999998,26.25175579842232,20,0.783,1.0,46.75496299808836,58.35694810143912,32.94961836413434,32.25405732571318,33.54850710635532,32.96730331812722,0.47792861023038447,1.2944497806421467,0.7132459924140448,1.653192567869919,33.13981293467788,33.31106323805949,33.54850710635532,32.25405732571318,32.58307598583025
P_0040_0002,40,2,4.711500000000001,-25.0425,25.481857045749237,25,0.783,1.0,70.94239726886175,81.1611377199185,34.16920703105959,33.58888206083611,34.697438892314494,34.159335302588524,0.4154789549957168,1.1085568314783814,0.5704532417524106,1.4157813939698356,34.18546402534912,34.514183862816935,34.697438892314494,33.58888206083611,33.81070767162595
P_0040_0003,40,3,4.711500000000001,-24.2595,24.71278156137022,20,0.783,1.0,88.93289255069827,95.49436122359664,35.075042226967376,34.71311324555376,35.418650887231024,35.05396003941058,0.25341308028796883,0.7055376416772674,0.3646908478204409,0.9010697850284385,34.991310994825824,35.256716261848226,35.418650887231024,34.71311324555376,34.890008807594086
P_0040_0004,40,4,4.711500000000001,-23.4765,23.944608672935125,20,0.783,1.0,102.07175850346118,107.76620732431029,35.73584277920494,35.42321959699024,36.03555101632338,35.74874774843295,0.21914948569927145,0.6123314193331382,0.325528151442704,0.7820324640269963,35.816251305735705,35.88755266288098,36.03555101632338,35.42321959699024,35.58116416023444
P_0040_0005,40,5,4.711500000000001,-22.6935,23.17742812522563,25,0.783,1.0,114.80517803050473,121.08644919187908,36.37563547130389,36.03213878085228,36.70451909138024,36.37264110410653,0.24604052505478058,0.6723803105279629,0.340502323254249,0.8587232573792629,36.38061569222396,36.568581754658965,36.70451909138024,36.03213878085228,36.1773502014172
P_0040_0006,40,6,4.711500000000001,-21.9105,22.41134182729807,20,0.783,1.0,126.04044852699626,130.5263975026691,36.93965997347041,36.69349750007433,37.178197122423,36.92638044582704,0.16994485275934706,0.48469962234867126,0.25181667659595774,0.619028891888469,36.883342899266665,37.04937700764128,37.178197122423,36.69349750007433,36.82748769972994
P_0040_0007,40,7,4.711500000000001,-21.127499999999998,21.646465958673254,20,0.783,1.0,134.99097093980973,139.10930782293775,37.388622768260504,37.16224266446835,37.6085605212578,37.39800612781211,0.15586252492255073,0.4463178567894488,0.23576346334375842,0.5700100342138554,37.44429140576671,37.48540586095794,37.6085605212578,37.16224266446835,37.28953018660974
P_0040_0008,40,8,4.711500000000001,-20.3445,20.88293352237659,25,0.783,1.0,144.1227563345867,148.8426027795212,37.846332285773336,37.58835213939636,38.09623330741744,37.84457127644047,0.18168337670060808,0.5078811680210791,0.2562191370441056,0.6486349527727702,37.84926476463284,37.978742022896256,38.09623330741744,37.58835213939636,37.71026414785945
P_0040_0009,40,9,4.711500000000001,-19.5615,20.120897457618533,20,0.783,1.0,152.46615280229616,155.95383621363806,38.26422361754665,38.07138297012722,38.45226863318237,38.25433880131468,0.13054679961285937,0.38088566305515315,0.19792983186768964,0.48644401411896954,38.22167057082373,38.33848373746815,38.45226863318237,38.07138297012722,38.187888094971925
P_0040_0010,40,10,4.711500000000001,-18.7785,19.36053445801536,20,0.783,1.0,159.27944806074527,162.54500310665946,38.60523911393513,38.424102358242806,38.78205717318747,38.61249367235915,0.12219355559011486,0.3579548149446623,0.1883913141163447,0.45715812892038604,38.647829500002274,38.67142738395125,38.78205717318747,38.424102358242806,38.53705194641197
P_0040_0011,40,11,4.711500000000001,-17.9955,18.60204968545133,25,0.783,1.0,166.35367971744,170.1383819047795,38.95907571671621,38.75084292506466,39.16172750031063,38.95779481934583,0.14365640835349722,0.4108845752459729,0.20695189428116834,0.5247568010804251,38.96120952949366,39.054438319731446,39.16172750031063,38.75084292506466,38.86075582212874
P_0040_0012,40,12,4.711500000000001,-17.2125,17.845682629140303,20,0.783,1.0,172.9013297563327,175.7508977470574,39.28635571598536,39.126997007711566,39.44216082182271,39.27856754449158,0.1056844922393958,0.3151638141111448,0.16359327733113105,0.40250806399890776,39.25283472148567,39.33715995196167,39.44216082182271,39.126997007711566,39.233685219476286
P_0040_0013,40,13,4.711500000000001,-16.429499999999997,17.091714440043745,20,0.783,1.0,178.2990661385812,180.99146238811832,39.55597916174604,39.40480357262817,39.70384999241082,39.561718980616774,0.0998944903942156,0.29904641978264834,0.15691540798860615,0.3819239077683887,39.5898034280894,39.600860299170336,39.70384999241082,39.40480357262817,39.50927761078515
P_0040_0014,40,14,4.711500000000001,-15.6465,16.34047718091488,25,0.783,1.0,183.94026600178412,187.06339682764244,39.83757796780668,39.6639988512257,40.006845824007314,39.836543474083996,0.1170604484756884,0.342846972781615,0.17254462285829675,0.4378633113430588,39.8393016012792,39.90604751869171,40.006845824007314,39.6639988512257,39.76652357521607
P_0040_0015,40,15,4.711500000000001,-14.8635,15.592365583836214,20,0.783,1.0,189.1842256582524,191.5673669352689,40.099172286544345,39.96402907556865,40.23144133657098,40.09289561264296,0.08783531564382284,0.2674122610023346,0.13854572392801856,0.341522683272458,40.07240159926795,40.13217946723404,40.23144133657098,39.96402907556865,40.0644265845732
P_0040_0016,40,16,4.711500000000001,-14.080499999999999,14.84785211739395,20,0.783,1.0,193.51773799919266,195.77901951797529,40.31520138540971,40.18635123600018,40.44132676771807,40.31975430373291,0.0834747338739167,0.2549755317178892,0.13340306773272914,0.32563924868185085,40.34240047425419,40.34343755173961,40.44132676771807,40.18635123600018,40.28525548895249
P_0040_0017,40,17,4.711500000000001,-13.2975,14.107506459328665,25,0.783,1.0,198.04949018374293,200.6584562987071,40.540954743565806,40.394035416823385,40.6843117798785,40.5400655825945,0.09672416363494409,0.2902763630551135,0.1460301657711156,0.3707233244637465,40.542436364433456,40.58793986024574,40.6843117798785,40.394035416823385,40.49160449159143
P_0040_0018,40,18,4.711500000000001,-12.5145,13.372020883172446,20,0.783,1.0,202.2580195984686,204.27163744046095,40.75045346444102,40.63435189261065,40.86410086205592,40.74536896554723,0.07410437721920507,0.2297489694452679,0.11873189650869165,0.29342141691605095,40.72914350561132,40.76880446708964,40.86410086205592,40.63435189261065,40.73044410036863
P_0040_0019,40,19,4.711500000000001,-11.731499999999999,12.642243649764072,20,0.783,1.0,205.727063257937,207.64026188485775,40.92300813851135,40.812060229170015,41.03159954167961,40.92656951330688,0.07066802859059067,0.21953931250959613,0.11450928413686512,0.28038226374150205,40.94481212232444,40.93727056433465,41.03159954167961,40.812060229170015,40.90710510902568
P_0040_0020,40,20,4.711500000000001,-10.9485,11.919223317817314,25,0.783,1.0,209.33964905850854,211.5234509654681,41.10255629944403,40.9775168831888,41.22451620251758,41.10175959499568,0.08036010190013877,0.24699931932877917,0.12424271180687896,0.3154525151069976,41.10388392931361,41.131261423077206,41.22451620251758,40.9775168831888,41.0716195368812
P_0040_0021,40,21,4.711500000000001,-10.165499999999998,11.204268048382275,20,0.783,1.0,212.67496518695947,214.37924741652435,41.26817812111367,41.167924153948206,41.36625766278502,41.27112844616613,0.06333016202700889,0.19833350883681078,0.10320429221792438,0.25329950043015426,41.28671437859043,41.27376541755524,41.36625766278502,41.167924153948206,41.26098061795176
P_0040_0022,40,22,4.711500000000001,-9.3825,10.499025597644765,25,0.783,1.0,215.72431116868287,217.64868446309484,41.41944222301805,41.30768464945953,41.52836021273407,41.418690283102634,0.07075018567704928,0.22067556327453985,0.1110056336431029,0.28183341414372903,41.42069528709544,41.4367125892673,41.52836021273407,41.30768464945953,41.39999867695684
P_0040_0023,40,23,4.711500000000001,-8.599499999999999,9.805591899523455,20,0.783,1.0,218.51825718792765,220.03240402063216,41.55788818090461,41.46733465329464,41.64640933829577,41.55441831369736,0.056870751993079054,0.179074685001126,0.09199102459840702,0.22870330140629117,41.54416251959208,41.55535824472042,41.64640933829577,41.46733465329464,41.5588268125839
P_0040_0024,40,24,4.711500000000001,-7.816499999999998,9.126658999875035,20,0.783,1.0,220.78210841960168,222.21655711664303,41.669930626686515,41.58343427304448,41.75444773775792,41.67207198157727,0.05451798893488228,0.1710134647134396,0.08863770853278652,0.21840800091116166,41.68420284106173,41.66392853482881,41.75444773775792,41.58343427304448,41.6743465211934
P_0040_0025,40,25,4.711500000000001,-7.0335,8.465716419772162,25,0.783,1.0,223.089409257696,224.67397870008705,41.78396440766987,41.68952907113936,41.87581702474222,41.78325816136902,0.05894711012403821,0.18628795360285721,0.09372909022965814,0.23791564955665032,41.78514135376304,41.78587849251261,41.87581702474222,41.68952907113936,41.77992486468787
P_0040_0026,40,26,4.711500000000001,-6.250499999999999,7.827322818179917,20,0.783,1.0,225.1633426292032,226.42714112845357,41.88629665127965,41.80847029270996,41.962245265369006,41.883641716813244,0.04942677878086116,0.15377497265904339,0.0786035485557619,0.19639204681870162,41.87648128463837,41.87270841921293,41.962245265369006,41.80847029270996,41.89830332213597
P_0040_0027,40,27,4.711500000000001,-5.467499999999998,7.21746413222816,20,0.783,1.0,226.80412550966207,227.9953218285116,41.967096748106925,41.89295201666096,42.03940198915774,41.96848764901421,0.04762896656826527,0.14644997249677516,0.0755356323532439,0.18703700191159023,41.977473160175805,41.95021432649446,42.03940198915774,41.89295201666096,41.98239675258208
P_0040_0028,40,28,4.711500000000001,-4.6845,6.644002746838686,25,0.783,1.0,228.4267298377987,229.70033104403564,42.046806850821525,41.9681541526985,42.1230589387564,42.04612971823394,0.04953162371787348,0.15490478605789804,0.07797556553543927,0.1978349758082989,42.04793529688175,42.0342377902287,42.1230589387564,41.9681541526985,42.05726241260436
P_0040_0029,40,29,4.711500000000001,-3.9014999999999986,6.117183543102168,20,0.783,1.0,229.82983464346484,230.86345667549492,42.11551844405259,42.04935039237501,42.17992024119496,42.1136183684997,0.04390989934022228,0.13056984881994538,0.06630187269525578,0.16675587333326355,42.10937509520562,42.091338882926095,42.17992024119496,42.04935039237501,42.138107230796834
P_0040_0030,40,30,4.711500000000001,-3.1184999999999974,5.650068539407287,20,0.783,1.0,230.88471067044242,231.8504181134291,42.16696006745932,42.10422430915378,42.227957110195234,42.167635338947015,0.04269586208445007,0.12373280104145579,0.06341102979323665,0.15802401154719767,42.173672471691305,42.13956989515077,42.227957110195234,42.10422430915378,42.19275290854398
P_0040_0031,40,31,4.711500000000001,-2.3354999999999997,5.258592254586773,25,0.783,1.0,231.85772141676142,232.8390226438214,42.21412627414609,42.15025275247877,42.27572745505535,42.213465390361534,0.042849279314967015,0.12547470257658233,0.06321263788276354,0.16024866229448573,42.215227650657766,42.18752068992575,42.27572745505535,42.15025275247877,42.23859840369005
P_0040_0032,40,32,4.711500000000001,-1.5524999999999984,4.960694356640006,20,0.783,1.0,232.61890717999057,233.4354066060895,42.25068327552721,42.19547680521384,42.30420325853606,42.24950150929654,0.040486181119489296,0.10872645332221964,0.05470174923951987,0.13885881650347334,42.248079619176565,42.21609224207356,42.30420325853606,42.19547680521384,42.28365562148269
P_0040_0033,40,33,4.711500000000001,-0.7695000000000007,4.77392527172347,20,0.783,1.0,233.10843157074765,233.8598524732395,42.27380911900208,42.22188191139617,42.32406914813584,42.27378470229526,0.03992311757704722,0.10218723673967389,0.05190279089909211,0.13050732661516462,42.2769854089197,42.23601139791327,42.32406914813584,42.22188191139617,42.30997564511131
P_0040_0034,40,34,4.711500000000001,0.013500000000000512,4.711519340934515,25,0.783,1.0,233.4495232803734,234.1493032789477,42.28932839779373,42.23964252610767,42.33682855191256,42.288672757571476,0.039598498396303874,0.09718602580488778,0.04903023146380292,0.12412008404200227,42.29042103742216,42.248778118539065,42.33682855191256,42.23964252610767,42.32769355387592
P_0040_0035,40,35,4.711500000000001,0.7965000000000018,4.778351650935709,20,0.783,1.0,233.5812492279669,234.1944364494132,42.29436360974954,42.2492888343142,42.33817826213419,42.29388243100432,0.03939449071359507,0.08848282920564543,0.04459359669012031,0.11300489042866593,42.29525604589497,42.2492888343142,42.33738081335866,42.24971479793391,42.337771663519845
P_0040_0036,40,36,4.711500000000001,1.5794999999999995,4.969210450363318,20,0.783,1.0,233.51200719918262,234.1709007395417,42.289508757781284,42.24115552107594,42.33617602615288,42.28878379417148,0.03953884346266664,0.09502050507693838,0.04762827309554041,0.12135441261422525,42.289188967792825,42.24115552107594,42.32933139616557,42.24806705967018,42.33617602615288
P_0040_0037,40,37,4.711500000000001,2.3625000000000007,5.2706392876007,25,0.783,1.0,233.22363909317258,233.99479913924625,42.273507406397805,42.21877225899948,42.32597098363067,42.27284657371581,0.04038342474788166,0.10719872463118918,0.05407431471633117,0.1369076942927065,42.27460869243072,42.21877225899948,42.307113479484485,42.2377674540337,42.32597098363067
P_0040_0038,40,38,4.711500000000001,3.145500000000002,5.665015666350802,20,0.783,0.55,127.97896096478807,233.53154756131983,40.52270896377453,38.37405124573405,42.301040231302295,40.71624015672943,1.8849293331917936,3.9269889855682436,2.3421889109953753,5.015311603535432,42.25132618729998,38.37405124573405,38.44212537150946,42.21265774780136,42.301040231302295
P_0040_0039,40,39,4.711500000000001,3.9284999999999997,6.134439216423943,20,0.783,0.0,0.0,0.0,36.517829201042524,34.14125321656826,38.42000066117384,36.003586703064286,1.3525282820057265,4.2271007569212316,2.3647672704252045,5.398596113564791,35.83515544443901,35.8041387334045,34.14125321656826,38.36835397348949,35.86903214742017
P_0040_0040,40,40,4.711500000000001,4.711500000000001,6.663067199120839,25,0.783,0.44,101.64275706298292,231.78387675376112,35.73769507757269,34.0879489686921,37.9316817457688,35.74166201714877,1.4739161672433891,3.7590767528233755,2.128991684404241,4.800864307564975,34.111576948729635,37.87065370155301,36.788999243583646,35.799205835503926,34.13787435637363
P_0040_0041,40,41,4.711500000000001,5.494500000000002,7.237939105850507,20,0.783,1.0,230.0087785197038,231.0423689528136,37.79082348638224,36.71709136598815,38.57306622648935,38.070691268993755,0.696015625841838,1.8406507994930692,1.338275841997472,2.3507673045888495,38.52507204985011,38.48459392223185,38.03830871940119,36.73241542699628,38.57306622648935
P_0040_0042,40,42,4.711500000000001,6.277500000000003,7.848900464396275,25,0.783,1.0,228.61826355124063,229.89447061472825,39.27404859909716,37.96484711334693,40.46926064374708,39.52400615670474,0.6510192655789152,1.995441739651426,1.050187252609092,2.548456883335154,39.66972553724651,39.27926357006504,40.46926064374708,38.47381890409565,39.72796212836943
P_0040_0043,40,43,4.711500000000001,7.060500000000005,8.48816190349831,20,0.783,1.0,226.99940142082897,228.1990348316267,40.28257068716475,39.265163911210266,40.80352469678388,40.116478841136995,0.48796286258704796,1.5203103741156951,0.8513149299267297,1.9416479873763666,40.18378879597043,40.11439109053265,40.78547428532596,39.265163911210266,40.23357612264567
P_0040_0044,40,44,4.711500000000001,7.843499999999999,9.149793686198613,20,0.783,1.0,225.35267910605458,226.6295219173563,41.0057644935192,40.72966704572485,41.322498193893296,41.0759480983991,0.22955068625335176,0.5556148621826082,0.3090647666884152,0.7095975251374307,41.322498193893296,41.25790725900077,41.1991424727446,40.83330923464615,40.76688333171069
P_0040_0045,40,45,4.711500000000001,8.6265,9.829279449685007,25,0.783,1.0,223.25979745733858,224.86565118331808,41.56098715625812,41.21269310389118,41.78603158604835,41.58457175062921,0.19841029100748778,0.5278964963285944,0.34897234525817566,0.6741973133187668,41.76349590169963,41.66520056311919,41.75683290164608,41.23559940537103,41.50172998131012
P_0040_0046,40,46,4.711500000000001,9.409500000000001,10.523161240805923,20,0.783,1.0,220.91934075758982,222.37949242478567,41.643435822896265,41.55446995899058,41.73029559485372,41.64567198265265,0.056020715394165935,0.17582563586314137,0.09120202366207053,0.22455381336288807,41.65832324189955,41.55446995899058,41.64676737456568,41.63850374295373,41.73029559485372
P_0040_0047,40,47,4.711500000000001,10.192500000000003,11.228770569390047,20,0.783,1.0,218.61145354982372,220.1581298936488,41.52639283877372,41.43301130833908,41.61760103332989,41.52276479879591,0.05861922660661181,0.18458972499080772,0.09483623453397882,0.23574677521175955,41.51203617460044,41.43301130833908,41.52604971923108,41.52512575847908,41.61760103332989
P_0040_0048,40,48,4.711500000000001,10.975500000000004,11.944029156863278,25,0.783,1.0,215.74895507859208,217.7226158045652,41.38136363168585,41.26548820837854,41.49416113996699,41.38056719635468,0.0734935881883972,0.2286729315884486,0.11507898797614047,0.29204716677962783,41.38269082659792,41.26548820837854,41.35957102836522,41.40092477846474,41.49416113996699
P_0040_0049,40,49,4.711500000000001,11.758499999999998,12.667302573949987,20,0.783,1.0,212.60918693523973,214.3647796764208,41.22241443710196,41.11834498066099,41.3241285190494,41.22551815947064,0.06579592957055097,0.20578353838840968,0.10717317880964572,0.2628142252725539,41.24192895413216,41.11834498066099,41.21336863447061,41.22981970904005,41.3241285190494
P_0040_0050,40,50,4.711500000000001,12.5415,13.39729280489159,20,0.783,1.0,209.56042563774403,211.41643759399665,41.06817615446613,40.9589561864272,41.17494329239378,41.06354985348916,0.06912018519838568,0.2159871059665761,0.11139343890462072,0.2758456014898801,41.04915573562789,40.9589561864272,41.05502552265148,41.07966853034543,41.17494329239378
P_0040_0051,40,51,4.711500000000001,13.3245,14.132959085060708,25,0.783,1.0,205.82471388023757,208.22353881421552,40.8792911036228,40.74154825497209,41.01347365260801,40.87840230001397,0.08946913667156617,0.2719253976359255,0.13685404504187915,0.3472865870190619,40.88077214839512,40.74154825497209,40.839092420387146,40.917125023707456,41.01347365260801
P_0040_0052,40,52,4.711500000000001,14.107500000000002,14.873459197510178,20,0.783,1.0,201.76577935290663,203.86945498594952,40.67415985278499,40.55219902152106,40.793397341566674,40.67825464156952,0.07825368324648371,0.24119832004561204,0.1260556200484544,0.30804383147587744,40.69906668296403,40.55219902152106,40.651076758524425,40.69553340327138,40.793397341566674
P_0040_0053,40,53,4.711500000000001,14.890500000000003,15.618105598951496,20,0.783,1.0,197.85254937393904,200.07808476521583,40.47646975020254,40.34821993138564,40.60184712493958,40.470651932921285,0.08253269272816574,0.2536271935539389,0.13119519201829632,0.323917233146793,40.45199141023494,40.34821993138564,40.44858893731225,40.502612260734,40.60184712493958
P_0040_0054,40,54,4.711500000000001,15.673500000000004,16.3663323472304,25,0.783,1.0,193.08140737469006,195.99439701956203,40.235517093951266,40.07113063455478,40.39559473780287,40.23448306658899,0.10953862516669291,0.32446410324808994,0.16335243203421612,0.4143858279030523,40.237239981651896,40.07113063455478,40.17362453329798,40.29482544563746,40.39559473780287
P_0040_0055,40,55,4.711500000000001,16.4565,17.11766994949955,20,0.783,1.0,187.91302516870644,190.44781553250385,39.9745712170185,39.83029927378488,40.11554044606595,39.979852282713125,0.09441676336100414,0.2852411722810686,0.14955300892824397,0.3642926849055793,40.00609945734101,39.83029927378488,39.934740232714205,40.01258200365959,40.11554044606595
P_0040_0056,40,56,4.711500000000001,17.2395,17.871726063813757,20,0.783,1.0,182.9355711484306,185.62753325341552,39.72331709514589,39.570867331403406,39.87221544207279,39.71598866748235,0.10014532817369934,0.3013481106693874,0.15622677459044354,0.38486348744493915,39.69209236691876,39.570867331403406,39.6775199132702,39.7672482837466,39.87221544207279
P_0040_0057,40,57,4.711500000000001,18.0225,18.628170562349915,25,0.783,1.0,176.86073876675718,180.4352997731103,39.41671660931707,39.217698634548526,39.61015713293199,39.415436389225384,0.13594017184366997,0.39245849838346203,0.19773775467685795,0.5012241358664904,39.41884937655578,39.217698634548526,39.32757273767311,39.50290406441752,39.61015713293199
P_0040_0058,40,58,4.711500000000001,18.805500000000002,19.386723872279198,20,0.783,1.0,170.25932476728173,173.36727392745618,39.08357529032554,38.90936182164967,39.25347289123732,39.090370213481286,0.11651925331284567,0.3441110695876546,0.1810083918316181,0.439477738936979,39.1238643541061,38.90936182164967,39.022269269318144,39.1428827310952,39.25347289123732
P_0040_0059,40,59,4.711500000000001,19.588500000000003,20.147147800619326,20,0.783,1.0,163.86631187080536,167.19638939640743,38.760971494686636,38.575062034389305,38.94208856482618,38.75154772205207,0.12482349804001686,0.36702653043687405,0.1905408427741122,0.4687439724608864,38.72072000994473,38.575062034389305,38.69152160974255,38.82834639135757,38.94208856482618
P_0040_0060,40,60,4.711500000000001,20.371500000000005,20.909238257287143,25,0.783,1.0,155.99573306031516,160.50543832426328,38.363814123774326,38.11508103940395,38.60447336858806,38.36205412005578,0.17381393909078463,0.48939232918411335,0.2469730806518342,0.6250221317804768,38.366745055525314,38.11508103940395,38.23694233943292,38.48702879732866,38.60447336858806
P_0040_0061,40,61,4.711500000000001,21.1545,21.672819440488123,20,0.783,1.0,147.33676532275751,151.2974963201457,37.9268630173035,37.70743732659696,38.13985151030852,37.915316068756795,0.14954895746559943,0.4324141837115576,0.22453544155172267,0.5522531081884515,37.877874929667485,37.70743732659696,37.834667412957856,38.01674916425316,38.13985151030852
P_0040_0062,40,62,4.711500000000001,21.9375,22.437739157499802,25,0.783,1.0,137.65554275295688,143.13486836184975,37.438289167488676,37.13689747303755,37.72795293125256,37.43583609535043,0.21354894807732455,0.5910554582150098,0.2989386223128818,0.7548600998914556,37.44237119292848,37.13689747303755,37.2727671978833,37.59919168165027,37.72795293125256
P_0040_0063,40,63,4.711500000000001,22.7205,23.20386503365334,20,0.783,1.0,126.79218737152605,131.70466072968708,36.88999221288812,36.6189934838722,37.15110768402121,36.90110890110334,0.18796983043077822,0.5321142001490102,0.28211541723113953,0.6795839082362838,36.95815716433009,36.6189934838722,36.76412503923251,37.01316113406068,37.15110768402121
P_0040_0064,40,64,4.711500000000001,23.503500000000003,23.971081421162463,20,0.783,1.0,115.78347056282011,121.32031349792943,36.33426583176556,36.02866765000715,36.62696334359066,36.31706025350313,0.21227207974969595,0.5982956935835091,0.3099030900875306,0.7641068883569719,36.26410895244328,36.02866765000715,36.18651231570294,36.47904900577163,36.62696334359066
P_0040_0065,40,65,4.711500000000001,24.286500000000004,24.739286863206065,25,0.783,1.0,101.25984962846184,109.4687497591885,35.60094243455583,35.14301209212448,36.028651487751176,35.59505853984602,0.32826221324428434,0.885639395626697,0.4520464477215427,1.131084796458106,35.61069313376737,35.14301209212448,35.32611345315428,35.86682253243282,36.028651487751176
P_0040_0066,40,66,4.711500000000001,25.069500000000005,25.508392001457096,20,0.783,1.0,83.42408662071851,91.63856820951084,34.70015336690045,34.23669319956093,35.128276996983175,34.716936729232785,0.32463813506027117,0.8915837974222427,0.4802435296718528,1.1386766250603355,34.82361722055299,34.23669319956093,34.45823501725391,34.9378612118129,35.128276996983175
P_0040_0067,40,67,4.711500000000001,25.8525,26.278317839998817,20,0.783,1.0,61.832592733858654,73.27697195146955,33.60957530063352,32.9223335934509,34.20080710622085,33.561767795104245,0.46561746614688404,1.2784735127699491,0.6394342016533443,1.63278864977005,33.47178206610192,32.9223335934509,33.25018855397951,33.963727655768025,34.20080710622085
P_0041_0001,41,1,5.494500000000002,-25.825499999999998,26.403522123004723,16,0.783,1.0,40.32873546708291,52.999347743975605,32.5946564957887,31.816375413798426,33.24440645152856,32.60303680805748,0.5357873396482709,1.4280310377301362,0.7866613942590561,1.8237944287741201,32.77318807677858,33.024132564943045,33.24440645152856,31.816375413798426,32.157081533238795
P_0041_0002,41,2,5.494500000000002,-25.0425,25.63818122449407,20,0.783,1.0,66.63914035011852,77.1931860400954,33.921868292783174,33.32401072975824,34.463821088057216,33.90511685471863,0.4357721447552355,1.1398103582989734,0.5811061249603853,1.4556964984661218,33.909797578578264,34.30093553247855,34.463821088057216,33.32401072975824,33.527019344720884
P_0041_0003,41,3,5.494500000000002,-24.2595,24.873939585437608,16,0.783,1.0,85.44486092866399,92.06822409503596,34.86906488745012,34.50805190126806,35.21253741157511,34.84249688195704,0.26070372081621196,0.7044855103070518,0.3700405296180733,0.8997260668033866,34.7566733274092,35.07061532163857,35.21253741157511,34.50805190126806,34.66460644789424
P_0041_0004,41,4,5.494500000000002,-23.4765,24.11090173552205,16,0.783,1.0,98.99340533815442,104.69290734562296,35.550666932590275,35.24210985644811,35.84736145958243,35.55985881255956,0.22079856467908096,0.6052516031343202,0.31774895611145126,0.7729905531728227,35.61086060606067,35.7187756090421,35.84736145958243,35.24210985644811,35.38018653166449
P_0041_0005,41,5,5.494500000000002,-22.6935,23.349185692439043,20,0.783,1.0,112.03539526781273,118.31768076184296,36.20613841146887,35.86679096821314,36.53181137271582,36.199299008657746,0.24908208103201618,0.665020404502684,0.3325123640580756,0.8493236328259054,36.19058386835877,36.41456844381037,36.53181137271582,35.86679096821314,35.99274039019065
P_0041_0006,41,6,5.494500000000002,-21.9105,22.588925173633207,16,0.783,1.0,123.49412955417964,127.93696461998351,36.78152520478001,36.54184962064664,37.01461341160291,36.7644953529423,0.1712620718405202,0.47276379095627163,0.2501180586606111,0.6037851736350851,36.704749551434645,36.903987210961134,37.01461341160291,36.54184962064664,36.65727697006616
P_0041_0007,41,7,5.494500000000002,-21.127499999999998,21.830272249791115,16,0.783,1.0,132.59611060775848,136.66242434374675,37.23819431313526,37.018701855639904,37.45223393159978,37.24444584009977,0.15442234283605896,0.4335320759598744,0.22574398445986787,0.5536808122092904,37.276545557691065,37.34683772679728,37.45223393159978,37.018701855639904,37.12791012877085
P_0041_0008,41,8,5.494500000000002,-20.3445,21.073400544288052,20,0.783,1.0,141.86327501074857,146.53802323416255,37.702796417087114,37.45127544882877,37.94715638341006,37.69785201790258,0.1819513993175675,0.4958809345812938,0.24930436550748425,0.6333089841395834,37.688341867129054,37.846957717955206,37.94715638341006,37.45127544882877,37.55552867218978
P_0041_0009,41,9,5.494500000000002,-19.5615,20.318509111152814,16,0.783,1.0,150.3170117663604,153.7422755489453,38.126309044386076,37.94077649048632,38.30793378845732,38.11326145574844,0.13021302335169593,0.36715729797099783,0.19467233270887618,0.46891098080587207,38.06640282849838,38.211121089328174,38.30793378845732,37.94077649048632,38.040073081972025
P_0041_0010,41,10,5.494500000000002,-18.7785,19.56582716115013,16,0.783,1.0,157.21183372359872,160.41255118057447,38.47148045301191,38.297734329930506,38.64175761874401,38.47590125233576,0.1197275858151117,0.34402328881350286,0.17816692240525356,0.439365630668586,38.49841069518686,38.54781805344214,38.64175761874401,38.297734329930506,38.393785564375264
P_0041_0011,41,11,5.494500000000002,-17.9955,18.815619854259385,20,0.783,1.0,164.36367849702273,168.08960973686968,38.82927575756481,38.62808508440463,39.0256990810293,38.8251344128317,0.14278276982751845,0.39761399662467056,0.20056466819760033,0.5078084248080084,38.81572220019359,38.93479272822185,39.0256990810293,38.62808508440463,38.72137297030912
P_0041_0012,41,12,5.494500000000002,-17.2125,18.068195441161244,16,0.783,1.0,170.97779141895137,173.75939517642382,39.15994763811868,39.00806339852221,39.30905731492152,39.14930521743933,0.10447410219969575,0.3009939163993067,0.15975209748219044,0.3844111320553087,39.110756706134,39.2202236481802,39.30905731492152,39.00806339852221,39.09842501943871
P_0041_0013,41,13,5.494500000000002,-16.429499999999997,17.323914121814386,16,0.783,1.0,176.42660687469953,179.05025707947098,39.432179283375724,39.28849036282952,39.57331663983024,39.43527023610039,0.0968282643482323,0.28482627700071816,0.14677987327087294,0.36376280587575754,39.45139541821135,39.48630135167497,39.57331663983024,39.28849036282952,39.37684740795589
P_0041_0014,41,14,5.494500000000002,-15.6465,16.58319910330935,20,0.783,1.0,182.11795271339096,185.17695426160836,39.716339967723364,39.54998903338179,39.87911237793202,39.712640446213854,0.11547218080524323,0.32912334455022574,0.16647193171816355,0.4203363276503521,39.70344146680321,39.79407499828113,39.87911237793202,39.54998903338179,39.63658435467113
P_0041_0015,41,15,5.494500000000002,-14.8635,15.846550492141816,16,0.783,1.0,187.4059380188242,189.71929249260268,39.980184612193625,39.852529165304304,40.10567064154685,39.97124499372578,0.08596842604016898,0.253141476242547,0.13442564782106814,0.3232969045243257,39.93880203672029,40.02201795510626,40.10567064154685,39.852529165304304,39.9372051699512
P_0041_0016,41,16,5.494500000000002,-14.080499999999999,15.114562861690708,16,0.783,1.0,191.7739735144392,193.96520291829356,40.197979179454606,40.07661096995832,40.317309369164775,40.20000780514556,0.07991975695040347,0.2406983992064582,0.12339683518724343,0.30740536297121096,40.21128472865183,40.23489235846239,40.317309369164775,40.07661096995832,40.15994159949048
P_0041_0017,41,17,5.494500000000002,-13.2975,14.387947612498456,20,0.783,1.0,196.34015107716726,198.88248385694052,40.425493813810746,40.28586697505477,40.562232185594496,40.422069621431646,0.09454689607931589,0.27636521053972274,0.1401625641628499,0.35295684615545686,40.413073427089785,40.48117953899328,40.562232185594496,40.28586697505477,40.36799598042592
P_0041_0018,41,18,5.494500000000002,-12.5145,13.667561615006534,16,0.783,1.0,200.57927292583054,202.52247465930597,40.63655840240405,40.52792041064197,40.74339471267808,40.628939633037405,0.07163215848828465,0.21547430203611384,0.11445507964067758,0.27519067948418113,40.60135309731879,40.66330823422589,40.74339471267808,40.52792041064197,40.6087217103223
P_0041_0019,41,19,5.494500000000002,-11.731499999999999,12.954444121613246,16,0.783,1.0,204.0725215764413,205.91520202722492,40.810352533743725,40.70685947684905,40.912128676875454,40.811476831895675,0.06663483601876691,0.20526920002640736,0.10461735504662784,0.26215734358417286,40.81876529298404,40.83291058657073,40.912128676875454,40.70685947684905,40.7867201261991
P_0041_0020,41,20,5.494500000000002,-10.9485,12.249864591088345,20,0.783,1.0,207.7093814823129,209.82514036276157,40.99114419744201,40.87342262336648,41.10641685058943,40.98790285613486,0.07759874434030509,0.23299422722295304,0.11851399445457389,0.2975660628645633,40.97907488287399,41.02816227626954,41.10641685058943,40.87342262336648,40.95243764757487
P_0041_0021,41,21,5.494500000000002,-10.165499999999998,11.555384913537065,16,0.783,1.0,211.06632873869762,212.69991557539888,41.15787456845176,41.06505768193728,41.24913182658207,41.15843271256698,0.05894928787643745,0.18407414464478933,0.09337503062969432,0.23508830733689567,41.163278841955446,41.17156075494597,41.24913182658207,41.06505768193728,41.143134457414135
P_0041_0022,41,22,5.494500000000002,-9.3825,10.872940563619395,20,0.783,1.0,214.13475480167625,215.99036427212224,41.31011688751554,41.2056889783949,41.41231261469858,41.306966703435386,0.0675497699493851,0.20662363630367508,0.1053459112631927,0.26388714725884427,41.29823338370278,41.33549818126448,41.41231261469858,41.2056889783949,41.28310035911619
P_0041_0023,41,23,5.494500000000002,-8.599499999999999,10.204946374185413,16,0.783,1.0,216.94563958382992,218.38891685236015,41.44943160185784,41.366302456473534,41.53112322413898,41.44356389786312,0.053299405661162244,0.1648207676654465,0.0875593262758585,0.21049906470682822,41.42257323922661,41.454842898852405,41.53112322413898,41.366302456473534,41.44297767062409
P_0041_0024,41,24,5.494500000000002,-7.816499999999998,9.554433656685257,16,0.783,1.0,219.22280313870476,220.5862903937544,41.56215706011821,41.48308159911005,41.63984055964761,41.56195406423444,0.04960143437614396,0.15675896053755878,0.07887246512439106,0.20020301473506869,41.563574247400254,41.56403627318741,41.63984055964761,41.48308159911005,41.55923764182688
P_0041_0025,41,25,5.494500000000002,-7.0335,8.92522562740013,20,0.783,1.0,221.5432761480462,223.05813850514068,41.676866906807234,41.5897813477514,41.76195101145953,41.6738118145531,0.05502506527600061,0.17216966370813225,0.08813919690643246,0.21988462797973465,41.66518528699771,41.68666621789953,41.76195101145953,41.5897813477514,41.66547520865731
P_0041_0026,41,26,5.494500000000002,-6.250499999999999,8.322156000700781,16,0.783,1.0,223.6287022197891,224.82127628017037,41.779789234682056,41.70938153940995,41.84889194985419,41.77478604714704,0.04511766097559762,0.13951041044424528,0.0741059027071529,0.17817421512675002,41.7571183917936,41.77396638312945,41.84889194985419,41.70938153940995,41.78457197154802
P_0041_0027,41,27,5.494500000000002,-5.467499999999998,7.751328047502569,16,0.783,1.0,225.27830108090285,226.398124759414,41.86104215562457,41.79431779114475,41.92649433521154,41.86012024859989,0.04215919619393489,0.13217654406678747,0.06637408661164557,0.1688078468285919,41.85874715304095,41.85188096524104,41.92649433521154,41.79431779114475,41.86916099836117
P_0041_0028,41,28,5.494500000000002,-4.6845,7.22039268322714,20,0.783,1.0,226.9093405465375,228.11222742503983,41.94118570460368,41.86991370962272,42.01061905405669,41.93819239289335,0.044773735018586024,0.1407053444339681,0.07242666116334107,0.17970031217620447,41.9296398122375,41.93633329042234,42.01061905405669,41.86991370962272,41.94445609812749
P_0041_0029,41,29,5.494500000000002,-3.9014999999999986,6.738785684379643,16,0.783,1.0,228.31946878265177,229.28129887083108,42.01025838086711,41.95152113466975,42.06778639087787,42.00604303897751,0.03882874030094896,0.11626525620812345,0.061743351900361176,0.14848691725175409,41.99144334728567,41.99371489576328,42.06778639087787,41.95152113466975,42.025749426290986
P_0041_0030,41,30,5.494500000000002,-3.1184999999999974,6.317798073696247,16,0.783,1.0,229.3793845191749,230.27307075163492,42.061959260684795,42.00666202909372,42.11607102052761,42.0603395542549,0.036740221808089155,0.10940899143389515,0.05573146627271086,0.13973051268696698,42.05610535012579,42.04217298311005,42.11607102052761,42.00666202909372,42.08068638841735
P_0041_0031,41,31,5.494500000000002,-2.3354999999999997,5.9702672050754995,20,0.783,1.0,230.35675941404247,231.26614145475867,42.10935017126734,42.05290445102321,42.16407164491318,42.106391783139394,0.03723754893732393,0.11116719388996898,0.057679861773785035,0.14197598197952616,42.09788265234749,42.0903348116301,42.16407164491318,42.05290445102321,42.12676535578299
P_0041_0032,41,32,5.494500000000002,-1.5524999999999984,5.70962227297043,16,0.783,1.0,231.1210380384707,231.86489034891605,42.14606665983089,42.0983236133564,42.19266965264615,42.1425887250161,0.034718531131799214,0.09434603928975349,0.05008092763005578,0.12049302591283971,42.13089655650072,42.11901831746178,42.19266965264615,42.0983236133564,42.17203548511543
P_0041_0033,41,33,5.494500000000002,-0.7695000000000007,5.548122249914832,16,0.783,1.0,231.612203114544,232.2906449973948,42.169277387196296,42.12482818088506,42.21260350562699,42.166963442600625,0.03371125264982763,0.0877753247419264,0.04564006302636159,0.11210130873809246,42.159921727484914,42.13899970725453,42.21260350562699,42.12482818088506,42.198464091751646
P_0041_0034,41,34,5.494500000000002,0.013500000000000512,5.494516584741557,20,0.783,1.0,231.95390856126215,232.58025914729123,42.18482893975158,42.14263868809303,42.225372228309936,42.18188190625617,0.033437300347435715,0.08273354021690693,0.043490322053763464,0.10566224804202673,42.17338719113207,42.151774936960976,42.225372228309936,42.14263868809303,42.21623648678485
P_0041_0035,41,35,5.494500000000002,0.7965000000000018,5.5519314206859605,16,0.783,1.0,232.08502077176325,232.6247058939869,42.18983344348375,42.15223705727652,42.22670215804209,42.1870627366857,0.033221202857037696,0.07407007202493787,0.03924439261576396,0.09459779313529741,42.1781939201237,42.15223705727652,42.225871484739685,42.15270409198712,42.22630712930146
P_0041_0036,41,36,5.494500000000002,1.5794999999999995,5.717022870340823,16,0.783,1.0,232.01413805766265,232.60038448236827,42.18489510225803,42.14400553347167,42.22464502036792,42.18187407182413,0.03346268111403738,0.08063948689625278,0.042770948543790155,0.102987850442213,42.17200941600612,42.14400553347167,42.21771498724155,42.1509954020334,42.22464502036792
P_0041_0037,41,37,5.494500000000002,2.3625000000000007,5.980880913377228,20,0.783,1.0,231.72267709045371,232.42191795018357,42.16873583302345,42.121428802153616,42.21431927704981,42.16577759320711,0.03435380722075418,0.09289047489619406,0.04854168384269997,0.1186340675558034,42.15726876051889,42.121428802153616,42.19528603035821,42.14058509595503,42.21431927704981
P_0041_0038,41,38,5.494500000000002,3.145500000000002,6.3311689678921095,16,0.783,1.0,231.21811985280544,231.95420019952567,42.14190332141132,42.093461558948434,42.18916011642944,42.139826920702525,0.03460707186750056,0.09569855748100764,0.0493331957269163,0.12222037992465853,42.13376570608432,42.093461558948434,42.16748120877412,42.11526601327631,42.18916011642944
P_0041_0039,41,39,5.494500000000002,3.9284999999999997,6.754453530819501,16,0.783,0.125,28.810569683554306,230.67101892441195,38.62841789237052,35.79057984024138,42.11034371229778,38.56029145486578,2.0143716954257362,6.294503582188554,3.5247919675641555,8.038957320802751,38.30071181154364,38.27470113422277,35.79057984024138,42.08508342242993,38.35038106589116
P_0041_0040,41,40,5.494500000000002,4.711500000000001,7.237939105850507,20,0.783,0.0,0.0,0.0,35.205239957453635,34.042298083944786,38.2674580325463,35.58323648247964,1.5444046693553686,4.225159948601515,2.6842215500666597,5.396117431164131,35.74705109328596,34.042298083944786,34.073736396847494,38.2674580325463,35.78563880577366
P_0041_0041,41,41,5.494500000000002,5.494500000000002,7.770396418458974,16,0.783,0.875,199.91566779338856,229.44517188371597,36.60795155747466,34.038014642190376,38.46893765810489,36.5115084955459,1.4170844603187174,4.430923015914516,2.473493853355521,5.658905512023647,36.67676138244048,36.65452541901243,38.46893765810489,34.038014642190376,36.719303375981326
P_0041_0042,41,42,5.494500000000002,6.277500000000003,8.342453865620119,20,0.783,1.0,227.08240177993815,228.28860576644504,38.51823236142054,36.64603851977324,39.60412481368576,38.19377767931901,0.955162740334006,2.943851912834816,1.5477391595457703,3.759708700938462,38.40274308843516,37.87207101822133,39.58989043260806,36.64603851977324,38.458145337557255
P_0041_0043,41,43,5.494500000000002,7.060500000000005,8.94651834514411,16,0.783,1.0,225.4519218384807,226.58048776567327,39.73945320208033,39.16593660268563,40.34493669001057,39.662251500678224,0.4332090005994976,1.0498369674202763,0.5866951765062822,1.3407879532826006,39.19910970976423,40.248946677184506,40.09572703226462,39.51900898782151,39.248465096356256
P_0041_0044,41,44,5.494500000000002,7.843499999999999,9.576534994453892,16,0.783,1.0,223.79337382515774,224.9992551944676,40.48944696583078,40.00084143215514,40.89594197034228,40.49499116086796,0.36939587530861917,0.8768769355495962,0.4759261260752794,1.1198939151335838,40.729688855573045,40.89594197034228,40.752146816678646,40.01906503479268,40.07811312695316
P_0041_0045,41,45,5.494500000000002,8.6265,10.227709054328834,20,0.783,1.0,221.68536788361968,223.22216401504608,41.34064954917715,40.68755520952215,41.6668959154249,41.32404376126851,0.2730184500696381,0.7667453913371105,0.449984536021816,0.979240601963104,41.328100477960845,41.56400303839376,41.64080461658381,40.8740592252467,41.21325144815745
P_0041_0046,41,46,5.494500000000002,9.409500000000001,10.896248001032284,16,0.783,1.0,219.32781466188248,220.71719707356584,41.5340286418757,41.4524926513497,41.61406371694756,41.533889664201794,0.051154180161486845,0.16157106559786172,0.08139701285209355,0.2063487427814326,41.5358825728236,41.4524926513497,41.52989012151125,41.53711925837689,41.61406371694756
P_0041_0047,41,47,5.494500000000002,10.192500000000003,11.579144463214892,16,0.783,1.0,217.00281710156182,218.47879805252333,41.41611007950664,41.33016465111456,41.50049670517643,41.410038301535245,0.055139881998753144,0.17033205406187335,0.09045840364118618,0.21753774465117923,41.38836393331752,41.33016465111456,41.40822640816617,41.42293980990155,41.50049670517643
P_0041_0048,41,48,5.494500000000002,10.975500000000004,12.274002220139938,20,0.783,1.0,214.11868750239637,216.02430520185865,41.26997420181186,41.16141588484294,41.37608508841981,41.26673363761127,0.07041045247744016,0.21466920357687513,0.10935145080854625,0.27416245667544714,41.257907144720434,41.16141588484294,41.2404142046438,41.29784586542934,41.37608508841981
P_0041_0049,41,49,5.494500000000002,11.758499999999998,12.978900280840437,16,0.783,1.0,210.95464525374405,212.639719818788,41.10978350461986,41.01316786165688,41.20468314218567,41.110450643462435,0.06148756332255103,0.1915152805287903,0.0972827818055535,0.24459167372770152,41.11590950900137,41.01316786165688,41.09301060590735,41.125482098560894,41.20468314218567
P_0041_0050,41,50,5.494500000000002,12.5415,13.692288066645398,16,0.783,1.0,207.88167896510595,209.66727481284155,40.95430759726812,40.85254988628242,41.05426459550574,40.94714764206621,0.06634524692674568,0.20171470922332446,0.10711695343952954,0.2576177640144629,40.92139531678424,40.85254988628242,40.93333210191838,40.974196309840295,41.05426459550574
P_0041_0051,41,51,5.494500000000002,13.3245,14.41290499864618,20,0.783,1.0,204.11537477366198,206.4475663724489,40.763858802598584,40.63340749016231,40.89142354103677,40.760435607473845,0.08704962291668746,0.2580160508744598,0.1309879335629276,0.3295224149099103,40.75144123615678,40.63340749016231,40.71551539542753,40.81039037458584,40.89142354103677
P_0041_0052,41,52,5.494500000000002,14.107500000000002,15.139718838208326,16,0.783,1.0,200.02201486815324,202.05563838626784,40.55696860943722,40.4424884016978,40.66941189940008,40.5585397203785,0.07447523568059083,0.22692349770228049,0.11605131868069662,0.28981289617149486,40.56798533422972,40.4424884016978,40.52579656676971,40.587016399795175,40.66941189940008
P_0041_0053,41,53,5.494500000000002,14.890500000000003,15.87187829149405,16,0.783,1.0,196.07426173451086,198.2300103225496,40.35751519521508,40.23675159163952,40.47611071946318,40.349035215073755,0.08042828161315015,0.2393591278236613,0.12707550438942405,0.30569492697785605,40.31842931735844,40.23675159163952,40.321403624924415,40.39248082198321,40.47611071946318
P_0041_0054,41,54,5.494500000000002,15.673500000000004,16.60867642228002,20,0.783,1.0,191.2590940862969,194.107954453528,40.114314815869925,39.95715553283355,40.26789801135902,40.11061658311953,0.10776792223702515,0.3107424785254693,0.15728142823949298,0.39686140296994804,40.10141986099234,39.95715553283355,40.04372440073661,40.182885109676135,40.26789801135902
P_0041_0055,41,55,5.494500000000002,16.4565,17.349522255670326,16,0.783,1.0,186.0405659048248,188.50661022385648,39.85081000004388,39.71402293200748,39.98504689602851,39.853442944154075,0.09117303215022934,0.27102396402102613,0.13942001214659427,0.3461353308059082,39.86773443362085,39.71402293200748,39.80235203343256,39.89805842568097,39.98504689602851
P_0041_0056,41,56,5.494500000000002,17.2395,18.093918605432048,16,0.783,1.0,181.0120328110493,183.636030682782,39.59695042101089,39.45197370253078,39.73915469284316,39.58676876200168,0.09875038501051972,0.287180990312379,0.15238593084147567,0.3667701025700881,39.55006111463928,39.45197370253078,39.54230476674121,39.65034953325397,39.73915469284316
P_0041_0057,41,57,5.494500000000002,18.0225,18.841444650026176,20,0.783,1.0,174.87073754633997,178.3865276052005,39.28696170702689,39.09498443067207,39.47417437949866,39.28282198824737,0.13492872680826648,0.3791899488265926,0.19135239125129289,0.4842783509918169,39.27341260476408,39.09498443067207,39.18823923813102,39.38329928817103,39.47417437949866
P_0041_0058,41,58,5.494500000000002,18.805500000000002,19.591742150712378,16,0.783,1.0,168.19171043013517,171.2348220013712,38.949865725835764,38.78304166866377,39.11322366865994,38.95382786814357,0.11391403161228712,0.3301819999961708,0.17078619947979945,0.4216883780283152,38.97449988675123,38.78304166866377,38.87905618334156,39.01931793330135,39.11322366865994
P_0041_0059,41,59,5.494500000000002,19.588500000000003,20.344504479097058,16,0.783,1.0,161.7171708348696,164.9848287317147,38.6231104285373,38.44450722984533,38.79780791889425,38.61052512136629,0.1243474741924441,0.35330068904892187,0.1872827975279634,0.45121416225915945,38.565513035253446,38.44450722984533,38.54376464450951,38.70103277832891,38.79780791889425
P_0041_0060,41,60,5.494500000000002,20.371500000000005,21.099467825042417,20,0.783,1.0,153.73625173647702,158.20085877890463,38.220337672604494,37.97806411361114,38.45545583377253,38.215395688038356,0.17397701602553264,0.47739172016139264,0.24006014573417644,0.6096956834755972,38.20588878387019,37.97806411361114,38.08227202245183,38.3552976864861,38.45545583377253
P_0041_0061,41,61,5.494500000000002,21.1545,21.85640410726339,16,0.783,1.0,144.9419049907062,148.85061284095474,37.77650155324365,37.56396357592308,37.9835919076981,37.76143770614707,0.15007888780449408,0.4196283317750158,0.22215420155102805,0.5359237953703905,37.70827119990679,37.56396357592308,37.67312014753446,37.87824169967291,37.9835919076981
P_0041_0062,41,62,5.494500000000002,21.9375,22.615115221904134,20,0.783,1.0,135.08664520780735,140.54543547916415,37.27908369835618,36.98296480287587,37.56444399101781,37.273058084276514,0.21528430149052413,0.581479188141941,0.29138590674129716,0.7426298699130791,37.26386485292949,36.98296480287587,37.10014534918264,37.45387142537675,37.56444399101781
P_0041_0063,41,63,5.494500000000002,22.7205,23.37542834901641,16,0.783,1.0,123.99476187678125,128.88344698939764,36.71918316244803,36.45374335270077,36.97582200273291,36.72682221189372,0.18805595645325435,0.5220786500321424,0.2730788591929496,0.6667671137064398,36.76822765444405,36.45374335270077,36.57961707750604,36.85670097208481,36.97582200273291
P_0041_0064,41,64,5.494500000000002,23.503500000000003,24.137192100573756,16,0.783,1.0,112.70511739751336,118.24701351924216,36.14920607256134,35.8476848801846,36.43888061252153,36.12734578316567,0.21642530815612177,0.5911957323369279,0.31153482935585686,0.7550392494724494,36.05412577766333,35.8476848801846,35.985661991707445,36.31037565375146,36.43888061252153
P_0041_0065,41,65,5.494500000000002,24.286500000000004,24.90027334187318,20,0.783,1.0,97.70002508103502,106.04261263062784,35.39148987876981,34.929975645328284,35.82267658217728,35.38048966297221,0.3380999836450965,0.8927009368489962,0.4505140176439255,1.140103367623239,35.376243465499385,34.929975645328284,35.09269403586177,35.680858585994315,35.82267658217728
P_0041_0066,41,66,5.494500000000002,25.069500000000005,25.664554554871984,16,0.783,1.0,79.00676453453866,87.48369173492328,34.447343037994045,33.97226334770437,34.88540282999594,34.45923403517545,0.33855651649495244,0.9131394822915695,0.48697068747107863,1.166206235365989,34.54827045162051,33.97226334770437,34.17491665803874,34.71531688851769,34.88540282999594
P_0041_0067,41,67,5.494500000000002,25.8525,26.42993164009321,16,0.783,1.0,55.40636520285318,67.91937159400611,33.25577408813139,32.48744314712599,33.89718700015135,33.1895217957142,0.5255151844476742,1.4097438530253612,0.7076652044371485,1.800439148180538,33.059760767161094,32.48744314712599,32.82582798464637,33.6773900794862,33.89718700015135
P_0042_0001,42,1,6.277500000000003,-25.825499999999998,26.577499064057925,20,0.783,1.0,31.234616623492872,47.5674955639384,32.10633822527309,30.92824609796696,32.94315822080057,32.104499843218676,0.717175072555711,2.0149121228336107,1.1762537452517172,2.573323273095288,32.397847960170736,32.57257618392532,32.94315822080057,30.92824609796696,31.680670753229776
P_0042_0002,42,2,6.277500000000003,-25.0425,25.81731613665526,25,0.783,1.0,61.303530599441494,73.33736771514586,33.62232052004149,32.916076101717465,34.24248656457263,33.6079853517542,0.4803366616227378,1.326410462855165,0.691909250036737,1.6940108082441443,33.6456377758318,33.98574459029396,34.24248656457263,32.916076101717465,33.249981726355145
P_0042_0003,42,3,6.277500000000003,-24.2595,25.05853839512592,20,0.783,1.0,81.2335917254248,88.78096253106098,34.62654325676217,34.206637100695445,35.02005324893514,34.60317118482554,0.281836369218208,0.8134161482396962,0.4168820641096005,1.0388456554785392,34.536826904875056,34.800337883248574,35.02005324893514,34.206637100695445,34.4520007863735
P_0042_0004,42,4,6.277500000000003,-23.4765,24.301297465361802,20,0.783,1.0,95.31579332123465,101.7656930928302,35.33523029954062,34.97986770372182,35.67315837783002,35.348651142952484,0.23960080545831225,0.6932906741081979,0.36878343923066126,0.8854287025647483,35.421120454268475,35.47613024525265,35.67315837783002,34.97986770372182,35.19297893368946
P_0042_0005,42,5,6.277500000000003,-22.6935,23.545741621363298,25,0.783,1.0,108.74964733748708,115.6957470148235,36.010602396975855,35.6295337350125,36.37311879779179,36.00720029164133,0.2630987360963385,0.7435850627792888,0.37766655662883153,0.9496616382877251,36.016256073472334,36.19494748845983,36.37311879779179,35.6295337350125,35.82214536347021
P_0042_0006,42,6,6.277500000000003,-21.9105,22.79203844547477,20,0.783,1.0,120.48775651034948,125.4927112151049,36.60018557452371,36.32587761695527,36.86495419092233,36.586252491867015,0.18281697190157487,0.5390765739670655,0.2787016990553184,0.6884758288212842,36.54174672447573,36.69761983910081,36.86495419092233,36.32587761695527,36.50106408788093
P_0042_0007,42,7,6.277500000000003,-21.127499999999998,22.04037800265685,20,0.783,1.0,129.77709176044524,134.35839975946445,37.06638061219604,36.8151590556854,37.30970795711221,37.07601778891844,0.167190304602804,0.4945489014268105,0.260858733233043,0.6316077923714055,37.12417364045746,37.15086287432314,37.30970795711221,36.8151590556854,36.98018541701401
P_0042_0008,42,8,6.277500000000003,-20.3445,21.290976645048485,25,0.783,1.0,139.21049553005324,144.37316335992904,37.53943974359417,37.25756258169184,37.81171375701183,37.537537477371394,0.19183883749020147,0.554151175319987,0.27997489567955114,0.7077281932566883,37.54260671216764,37.661243483414296,37.81171375701183,37.25756258169184,37.41456085257136
P_0042_0009,42,9,6.277500000000003,-19.5615,20.54408159300386,20,0.783,1.0,147.79896963417946,151.66796619335847,37.96981050524205,37.75683658398998,38.17710280224821,37.959599451605165,0.13976987772726246,0.4202662182582273,0.21750335064304238,0.5367384652084639,37.92614123644279,38.032057353580285,38.17710280224821,37.75683658398998,37.90585928176455
P_0042_0010,42,10,6.277500000000003,-18.7785,19.799976477258756,20,0.783,1.0,154.79290807964907,158.41500643477343,38.320029594996356,38.120162702284006,38.5148381270771,38.32743112163452,0.13086773520575648,0.3946754247930926,0.20726841935051254,0.5040554595058654,38.36378564165261,38.37437775131099,38.5148381270771,38.120162702284006,38.26399138584787
P_0042_0011,42,11,6.277500000000003,-17.9955,19.058988076495563,25,0.783,1.0,162.03878868742677,166.1730314830526,38.68261623022387,38.45591783798841,38.90290741594458,38.6812617091954,0.15145934336886377,0.4469895779561739,0.22534387120698796,0.5708679156528402,38.684872468462,38.76727035364354,38.90290741594458,38.45591783798841,38.59534046993844
P_0042_0012,42,12,6.277500000000003,-17.2125,18.321494548753385,20,0.783,1.0,168.73320093947748,171.8980967902344,39.01738152045529,38.84160183813742,39.18908540824509,39.009393752984806,0.11354487058036265,0.34748357010766995,0.1796916552602852,0.4437848915806768,38.98317252072161,39.05673449972761,39.18908540824509,38.84160183813742,38.9763744980923
P_0042_0013,42,13,6.277500000000003,-16.429499999999997,17.58793553831717,20,0.783,1.0,174.24358390410447,177.23742273335594,39.29275316141952,39.125927478757546,39.455817933011474,39.298586204558205,0.10753136500533347,0.3298904542539276,0.17265872580065889,0.4213160335299203,39.32731810812231,39.32634368987544,39.455817933011474,39.125927478757546,39.25752381302425
P_0042_0014,42,14,6.277500000000003,-15.6465,16.85882464764374,25,0.783,1.0,179.99525509910768,183.41679843606065,39.57999186625346,39.39084609815728,39.76430324150584,39.57891030198304,0.12389015508968271,0.37345714334855984,0.1880642038257605,0.4769567603429883,39.58179383425818,39.63795156256333,39.76430324150584,39.39084609815728,39.5196567734306
P_0042_0015,42,15,6.277500000000003,-14.8635,16.13476490377223,20,0.783,1.0,185.33611488311752,187.99599132136825,39.8465355274609,39.69710548391674,39.99274405039228,39.84012364274908,0.09517044102678428,0.29563856647554587,0.15262040764320517,0.3775716046941837,39.81930680584355,39.86857450754809,39.99274405039228,39.69710548391674,39.82288736604471
P_0042_0016,42,16,6.277500000000003,-14.080499999999999,15.416468029350952,20,0.783,1.0,189.74555285631615,192.2747721834789,40.066444398857925,39.92379034873972,40.20606247793086,40.07105883864034,0.09073894188021972,0.282272129191135,0.14726848990061825,0.3605008035646679,40.09415096812057,40.083837583609466,40.20606247793086,39.92379034873972,40.04745281480109
P_0042_0017,42,17,6.277500000000003,-13.2975,14.704778560046392,25,0.783,1.0,194.3529652161112,197.22832599673157,40.29606561173535,40.135368553294256,40.452839656242816,40.29514236709944,0.10320980783896651,0.3174711029485593,0.15977381380518096,0.40545479303775134,40.2976039803421,40.33275909352,40.452839656242816,40.135368553294256,40.25714055209801
P_0042_0018,42,18,6.277500000000003,-12.5145,14.000704143006525,20,0.783,1.0,198.6286916084515,200.8939893084017,40.50900095151551,40.37998491890892,40.63531517333627,40.50381949984993,0.08133999255620114,0.25533025442734925,0.1314956734863344,0.32609227896213183,40.48737529736195,40.51675134337478,40.63531517333627,40.37998491890892,40.49967076626774
P_0042_0019,42,19,6.277500000000003,-11.731499999999999,13.305453712669856,20,0.783,1.0,202.15087491361078,204.30978058397267,40.684274400842696,40.5607379387904,40.80522913298324,40.68787632400684,0.07792329564983494,0.2444911941928396,0.1271383852164334,0.31224929015688324,40.706439779159325,40.68802730791248,40.80522913298324,40.5607379387904,40.67894746118873
P_0042_0020,42,20,6.277500000000003,-10.9485,12.620485668150812,25,0.783,1.0,205.81672861014192,208.2452969207041,40.86654893513511,40.72893052514576,41.00082643384189,40.86572535299431,0.08688282194860707,0.27189590869612346,0.13679482784854713,0.34724892553783326,40.8679213250764,40.885134458764696,41.00082643384189,40.72893052514576,40.8458140221428
P_0042_0021,42,21,6.277500000000003,-10.165499999999998,11.947568643870602,20,0.783,1.0,209.19949433363928,211.13820847915645,41.03460023112795,40.92237208634896,41.14447000644111,41.03758014213562,0.07072370979300016,0.22209792009215334,0.11520805578665971,0.28364996180351637,41.05342476539494,41.029848251962335,41.14447000644111,40.92237208634896,41.03778560053075
P_0042_0022,42,22,6.277500000000003,-9.3825,11.28885789174441,25,0.783,1.0,212.29067867118567,214.44872530337432,41.188007328844776,41.06428367076597,41.30867866868471,41.187231700183666,0.07746942494868085,0.24439499791874653,0.12294802941769944,0.3121264341235588,41.18929984637953,41.19524083178288,41.30867866868471,41.06428367076597,41.17865548330525
P_0042_0023,42,23,6.277500000000003,-8.599499999999999,10.646990490274707,20,0.783,1.0,215.12175660516203,216.86143804120388,41.328355872670116,41.22631274927687,41.42821480456075,41.32482737710691,0.06450217941857657,0.20190205528388105,0.10338742745384621,0.2578570310138966,41.314464306561774,41.3156121838054,41.42821480456075,41.22631274927687,41.33953284132974
P_0042_0024,42,24,6.277500000000003,-7.816499999999998,10.025202167537572,20,0.783,1.0,217.41478250745007,219.07142763031905,41.44189369889688,41.34408971472254,41.53757875458712,41.444051876099934,0.0622614974771733,0.19348903986458055,0.09996216137739111,0.2471124391629381,41.45637267218717,41.42572019516143,41.53757875458712,41.34408971472254,41.45649804384141
P_0042_0025,42,25,6.277500000000003,-7.0335,9.427466706385129,25,0.783,1.0,219.7509443779596,221.55703774779712,41.55740728499268,41.451677379903856,41.660394799855226,41.55668040213162,0.06615813858958787,0.20871741995136972,0.1050030222277627,0.26656120044874804,41.55861860670876,41.54934783349052,41.660394799855226,41.451677379903856,41.56336339069975
P_0042_0026,42,26,6.277500000000003,-6.250499999999999,8.858654327831063,20,0.783,1.0,221.85005400925516,223.3296883646473,41.66103084984361,41.57224433702123,41.74782364493677,41.65833221577293,0.0574949894969151,0.175579307915541,0.0894914291638429,0.2242392182829387,41.65111150310628,41.63733767190331,41.74782364493677,41.57224433702123,41.683143921897056
P_0042_0027,42,27,6.277500000000003,-5.467499999999998,8.324695940393259,20,0.783,1.0,223.51014614955247,224.91480075739287,41.74282170553755,41.65784717146329,41.82585003298863,41.74421886030418,0.05583360252646113,0.16800286152534483,0.08637168884089164,0.21456304153939312,41.75334109935568,41.71585144565279,41.82585003298863,41.65784717146329,41.76820455206053
P_0042_0028,42,28,6.277500000000003,-4.6845,7.832722802448714,25,0.783,1.0,225.15122295773043,226.63757120220436,41.82348001070552,41.73402039894546,41.91041966363531,41.82278407846953,0.05742152208318332,0.17639926468984868,0.08876367952407094,0.22528641722841464,41.82463977285465,41.8009323620937,41.91041966363531,41.73402039894546,41.84390819481854
P_0042_0029,42,29,6.277500000000003,-3.9014999999999986,7.391123629056683,20,0.783,1.0,226.56970683018258,227.81230904924612,41.89298138996833,41.816230469587424,41.967878000578594,41.89104957123176,0.05245804259734856,0.1516475309911698,0.07682842934683265,0.19367500765155782,41.88678627333962,41.858725026172976,41.967878000578594,41.816230469587424,41.925628086480174
P_0042_0030,42,30,6.277500000000003,-3.1184999999999974,7.009425689740924,20,0.783,1.0,227.6356171091959,228.8086646897053,41.94499001064972,41.87176257445879,42.01639818787714,41.94566211393669,0.05137134876775775,0.14463561341834463,0.07389953947789962,0.18471981279482072,41.95179200361912,41.907515787594434,42.01639818787714,41.87176257445879,41.98084201613398
P_0042_0031,42,31,6.277500000000003,-2.3354999999999997,6.697877760903079,25,0.783,1.0,228.6181822627716,229.8059906069306,41.99264758954237,41.91831846240814,42.06461771278112,41.99196889426837,0.05145375182505592,0.14629925037298364,0.07365043186023001,0.18684450877775688,41.99377862886149,41.95598672049573,42.06461771278112,41.91831846240814,42.02714294679538
P_0042_0032,42,32,6.277500000000003,-1.5524999999999984,6.466626825478647,20,0.783,1.0,229.38613882215768,230.40699253214584,42.02955330573517,41.96402339114917,42.09333182418004,42.02834999582873,0.04942788727453697,0.12930843303087158,0.06498182835131416,0.16514486977122808,42.02694513220087,41.9848341818697,42.09333182418004,41.96402339114917,42.07261544974386
P_0042_0033,42,33,6.277500000000003,-0.7695000000000007,6.3244870542993485,20,0.783,1.0,229.8792548101325,230.83399397713728,42.05286472425179,41.99067362180239,42.11333024877405,42.05282810915045,0.04894119982625174,0.12265662697166135,0.06215448734806017,0.15664958744784335,42.05608277583178,42.00490668101082,42.11333024877405,41.99067362180239,42.0991472183332
P_0042_0034,42,34,6.277500000000003,0.013500000000000512,6.2775145161122525,25,0.783,1.0,230.2216900174284,231.1237637322484,42.06845452029949,42.00855714873256,42.12610778315036,42.06778138251427,0.04866430308935685,0.11755063441780322,0.0592242337817126,0.15012852416066821,42.06957631184935,42.01769429628854,42.12610778315036,42.00855714873256,42.11697137255055
P_0042_0035,42,35,6.277500000000003,0.7965000000000018,6.3278288930722555,20,0.783,1.0,230.3520724673518,231.16755657248655,42.073422514247156,42.01808516982777,42.12741890044623,42.07292907480725,0.048504720244888826,0.10894970629198042,0.054843904979478,0.13914394162449606,42.07435631754322,42.01808516982777,42.12655659668559,42.0186124138599,42.12703487611975
P_0042_0036,42,36,6.277500000000003,1.5794999999999995,6.473162017128881,20,0.783,1.0,230.2792388413497,231.142486665598,42.068385032283665,42.00970976870696,42.12530950175233,42.06763859745691,0.048644342008639985,0.11559973304536442,0.05792882874995087,0.14763695152664677,42.068061101735225,42.00970976870696,42.11829823099868,42.01681438409139,42.12530950175233
P_0042_0037,42,37,6.277500000000003,2.3625000000000007,6.707340195636423,25,0.783,1.0,229.98409993918284,230.96176710235557,42.05203828555825,41.98684949135264,42.11486895464691,42.05135963982923,0.049390604805506264,0.12801946329426528,0.06451014847658598,0.16349867598245885,42.05316925902332,41.98684949135264,42.095668584565885,42.00624190955739,42.11486895464691
P_0042_0038,42,38,6.277500000000003,3.145500000000002,7.021479651754326,20,0.783,1.0,229.47435244282642,230.48979413759605,42.02494085890559,41.95857060864017,42.08949258631304,42.02515610517079,0.04976001286723576,0.13092197767286962,0.06658549653061385,0.16720559089766235,42.02945821920986,41.95857060864017,42.06764315979007,41.9806159519008,42.08949258631304
P_0042_0039,42,39,6.277500000000003,3.9284999999999997,7.405411433539668,20,0.783,0.8,183.00620265539732,229.9137208591096,41.23692914222977,38.21489282507457,42.05924822950391,41.234624341793825,1.490450631623931,3.804093013418594,2.979469125708512,4.858356338976493,41.98729885387161,41.92131689643537,38.25515521608531,41.95010251307292,42.05924822950391
P_0042_0040,42,40,6.277500000000003,4.711500000000001,7.848900464396275,25,0.783,0.0,0.0,0.0,36.72249476635478,34.031466983748544,38.2478982199288,36.35564264793146,1.625390938944218,4.216431236180256,2.324175664182917,5.384969650294068,35.6880265783941,35.64508264601011,34.031466983748544,38.16573881157575,38.2478982199288
P_0042_0041,42,41,6.277500000000003,5.494500000000002,8.342453865620119,20,0.783,0.3,68.01856191680949,227.40265100011692,35.144220670467426,33.96799894628174,37.74368908040981,34.853981421401215,1.0964733655308259,2.6721417239002108,1.7861592487807343,3.4126969653897965,33.99582163080788,33.96799894628174,36.64014067018195,35.638770193062044,34.02717566667246
P_0042_0042,42,42,6.277500000000003,6.277500000000003,8.87772563779711,25,0.783,1.0,225.30229953783183,226.79701785092192,37.38812743777822,35.81652815378823,38.380199668877935,37.255660995169634,0.8857414978445118,2.4191245671529487,1.4043538343958488,3.0895588341672395,35.851307160773786,38.270431727926734,37.85631916707831,37.66860879765335,36.63163812241601
P_0042_0043,42,43,6.277500000000003,7.060500000000005,9.44762755933997,20,0.783,1.0,223.65798671797148,225.07680521675,38.89425245971871,37.76482797472824,39.49935261066247,39.140037900446906,0.45875066600231196,1.2419288161913187,0.8826141059757546,1.5861159849186701,39.44328548621513,39.36833393888435,39.13179367200144,38.25742379447115,39.49935261066247
P_0042_0044,42,44,6.277500000000003,7.843499999999999,10.046267889121811,20,0.783,1.0,221.98535319390308,223.4843924310322,39.980202403663796,39.02008393840555,40.8721159812178,40.018699998207275,0.5841656656063675,1.8353566809275321,0.981940697917004,2.344005978196082,40.12652521906893,40.05971517611181,40.8721159812178,39.03675930029027,39.99838431434756
P_0042_0045,42,45,6.277500000000003,8.6265,10.668810078916957,25,0.783,1.0,219.85932516353157,221.69468520388975,41.029829038273036,40.03921656612096,41.563468005740845,40.92106827866587,0.5371376394850226,1.4979714129589112,0.8818517125449077,1.913118024213169,40.75497549728578,41.42376905770794,41.537187979079874,40.03921656612096,40.8501922931348
P_0042_0046,42,46,6.277500000000003,9.409500000000001,11.311308346075625,20,0.783,1.0,217.48138992021146,219.17176231706068,41.41182022231269,41.31111285863199,41.510252983029886,41.41408165218903,0.06395677701653715,0.19914012439789985,0.10296879355704647,0.2543296607891441,41.4269678526627,41.31111285863199,41.42546397355847,41.39661059306212,41.510252983029886
P_0042_0047,42,47,6.277500000000003,10.192500000000003,11.970549799403539,20,0.783,1.0,215.13598269650342,216.91709095628084,41.29285899128176,41.18750673362052,41.39585397220242,41.289159334922545,0.0664627825045926,0.20834723858189363,0.1066946372798725,0.2660884273076547,41.27828469816882,41.18750673362052,41.30289790344341,41.28125336717756,41.39585397220242
P_0042_0048,42,48,6.277500000000003,10.975500000000004,12.643915789817653,25,0.783,1.0,212.2260346302254,214.44446175980127,41.14540435213823,41.01695426353308,41.270515451209405,41.14458106255141,0.08046640499313337,0.2535611876763255,0.12762679901832996,0.323832934452523,41.14677628030916,41.01695426353308,41.13381309573487,41.15484622197056,41.270515451209405
P_0042_0049,42,49,6.277500000000003,11.758499999999998,13.32926586500547,20,0.783,1.0,209.03299859091356,211.03429837553568,40.98373301532418,40.86707925833628,41.097806556361945,40.986877220783335,0.07345534283635154,0.23072729802566272,0.11979796244705199,0.29467087870455005,41.00360832789681,40.86707925833628,40.98526205650239,40.98062990481924,41.097806556361945
P_0042_0050,42,50,6.277500000000003,12.5415,14.024843261156255,20,0.783,1.0,205.9310976477269,208.0387894619373,40.82677992205006,40.704649845056,40.9462095599477,40.82205676463707,0.07674428843427826,0.24155971489170014,0.1241527953106285,0.30850538300344843,40.80744437356253,40.704649845056,40.82430706617407,40.82767297844504,40.9462095599477
P_0042_0051,42,51,6.277500000000003,13.3245,14.729199112646961,25,0.783,1.0,202.12818891260588,204.79340851223995,40.634462880012435,40.4829477575812,40.78205742021271,40.63354003100128,0.0963163795481346,0.2991096626315084,0.15059227342008086,0.38200467769030444,40.63600062880431,40.4829477575812,40.60468842156848,40.6620059268397,40.78205742021271
P_0042_0052,42,52,6.277500000000003,14.107500000000002,15.441132163801983,20,0.783,1.0,197.99359421003015,200.3652076514531,40.425468727821894,40.28970942847764,40.55819398269119,40.429624962761146,0.08586517666524304,0.26848455421355055,0.139915534283503,0.34289215097516035,40.45088231647384,40.28970942847764,40.41333804397755,40.43600104218552,40.55819398269119
P_0042_0053,42,53,6.277500000000003,14.890500000000003,16.159640976828666,20,0.783,1.0,194.00443859880426,196.5067091513152,40.22390360552575,40.0813724651826,40.363214832905896,40.21795067686829,0.09019911897246287,0.28184236772329285,0.14526415603760512,0.35995193834392447,40.19896794170745,40.0813724651826,40.20711836209148,40.23907978245404,40.363214832905896
P_0042_0054,42,54,6.277500000000003,15.673500000000004,16.88388606038314,25,0.783,1.0,189.13639647201364,192.34779862798024,39.9780073010509,39.79806152960617,40.15312204240343,39.97692626268798,0.11665618294520676,0.3550605127972588,0.1788647330818094,0.45346170216763576,39.97980832368006,39.79806152960617,39.926832457581554,40.0268069601687,40.15312204240343
P_0042_0055,42,55,6.277500000000003,16.4565,17.613159810210092,20,0.783,1.0,183.8575429342297,186.69377587774147,39.711427888300015,39.55151283553949,39.86758431988591,39.716802054376,0.10234545034201074,0.3160714843464163,0.16528921883650582,0.40366728524446527,39.74369602529959,39.55151283553949,39.68306645235504,39.73815063879994,39.86758431988591
P_0042_0056,42,56,6.277500000000003,17.2395,18.346862579198657,20,0.783,1.0,178.76744233157538,181.77473229659253,39.45443177539748,39.28556903462493,39.61922160036221,39.44690397656116,0.1082827133121286,0.33365256573728175,0.17231762380104954,0.42612077361083234,39.42251971544488,39.28556903462493,39.420295535516,39.486913996857766,39.61922160036221
P_0042_0057,42,57,6.277500000000003,18.0225,19.08448355340013,25,0.783,1.0,172.54584773674395,176.46994935138343,39.14035399979458,38.92288041768046,39.35142485665091,39.139000236645735,0.14397147106039399,0.428544438970448,0.2161198189652751,0.5473109054539566,39.14260905200439,38.92288041768046,39.06225182804906,39.215835028843856,39.35142485665091
P_0042_0058,42,58,6.277500000000003,18.805500000000002,19.82558540119308,20,0.783,1.0,165.77278478618555,169.23727725557015,38.79847188176443,38.60553915165019,38.9863503601166,38.80541369188131,0.1254344069539194,0.3808112084664117,0.1998745402311215,0.4863489252444594,38.839925435086,38.60553915165019,38.74931159642267,38.845941916131096,38.9863503601166
P_0042_0059,42,59,6.277500000000003,19.588500000000003,20.56979189248156,20,0.783,1.0,159.19912870268865,162.9105193761279,38.46667437438468,38.26064359151332,38.66702754467661,38.456924740703315,0.1342745443241059,0.4063839531632851,0.2101028039732924,0.5190088801574523,38.42530803247104,38.26064359151332,38.409604653198016,38.52203988165758,38.66702754467661
P_0042_0060,42,60,6.277500000000003,20.371500000000005,21.316777863926816,25,0.783,1.0,151.0834722557817,156.03599890467112,38.05705127589343,37.78443926623533,38.320068590733285,38.05515003923326,0.18414758881823098,0.535629324497954,0.2707107729979299,0.6840732113639258,38.06021554064535,37.78443926623533,37.94136527746457,38.16966152108779,38.320068590733285
P_0042_0061,42,61,6.277500000000003,21.1545,22.06626104486213,20,0.783,1.0,142.122886143393,146.5465882566724,37.60476840974998,37.360521720552185,37.84112883922808,37.592711564232175,0.1610427083569952,0.48060711867589134,0.2484172749959015,0.613802194988367,37.55408423687413,37.360521720552185,37.52546549431708,37.68235753018939,37.84112883922808
P_0042_0062,42,62,6.277500000000003,21.9375,22.81799536550045,25,0.783,1.0,132.05216458781052,138.1011820742855,37.096410851047324,36.76346888750322,37.41485705671335,37.09368392196741,0.22763493668997625,0.6513881692101293,0.33021503446418876,0.8319133706387347,37.1009473577887,36.76346888750322,36.94153748556749,37.24760882226428,37.41485705671335
P_0042_0063,42,63,6.277500000000003,22.7205,23.57176545148878,20,0.783,1.0,120.6743046950401,126.2092695946609,36.52200201811883,36.21664314964573,36.81456229493591,36.53352558407382,0.2041973732228917,0.5979191452901773,0.31688243442808783,0.7636259837677871,36.59400266748997,36.21664314964573,36.40912534568543,36.63329446261207,36.81456229493591
P_0042_0064,42,64,6.277500000000003,23.503500000000003,24.327382072471345,20,0.783,1.0,109.02750538059358,115.31979926644932,35.93392324905693,35.58565541138512,36.264786562699896,35.915331911943795,0.2327236434021437,0.6791311513147775,0.34945465075610116,0.867345020836242,35.85973129332672,35.58565541138512,35.79858938715722,36.06789690515001,36.264786562699896
P_0042_0065,42,65,6.277500000000003,24.286500000000004,25.08467836150187,25,0.783,1.0,93.39271644598776,102.75535106665284,35.14433874094207,34.61518299246973,35.630339111789965,35.136907853691696,0.3637257351105956,1.0151561193202383,0.5217248612219691,1.296495682401326,35.15660810660199,34.61518299246973,34.871588327667496,35.4108207299293,35.630339111789965
P_0042_0066,42,66,6.277500000000003,25.069500000000005,25.84350666028123,20,0.783,1.0,73.51011893676231,83.42664546352228,34.14016699324124,33.56538837917782,34.65413247411226,34.15734305385856,0.3826049284392693,1.088744094934441,0.5919546746807427,1.3904777713083536,34.28451285913462,33.56538837917782,33.89840221998128,34.384279336886834,34.65413247411226
P_0042_0067,42,67,6.277500000000003,25.8525,26.60373587487291,20,0.783,1.0,46.3122463592632,62.48751941396895,32.76978522619504,31.58992251957397,33.596641215031525,32.67727177373324,0.6983677894829019,2.006718695457554,1.0873492541592675,2.5628591257440023,32.61921422669212,31.58992251957397,32.35319655415117,33.22738435321742,33.596641215031525
P_0043_0001,43,1,7.060500000000005,-25.825499999999998,26.77325364052714,13,0.783,1.0,23.06971507121522,38.78611401140811,31.684453914008543,30.710873965943332,32.46578648088274,31.605522316015414,0.700224408676163,1.7549125149394094,0.8946483500720817,2.241267579743818,31.90660636756138,32.098632674259704,32.46578648088274,30.845712091429903,30.710873965943332
P_0043_0002,43,2,7.060500000000005,-25.0425,26.018790642533716,20,0.783,1.0,54.75837816147915,67.51889185865846,33.26157039776481,32.50441348962761,33.91531735927447,33.252434038885625,0.5253673989195866,1.4109038696468588,0.7480205492580154,1.8019206508899857,33.333830591059495,33.68701275803886,33.91531735927447,32.50441348962761,32.821595996427675
P_0043_0003,43,3,7.060500000000005,-24.2595,25.266064206757648,16,0.783,1.0,76.25276894904046,83.90660626857587,34.34511665976788,33.92308081787559,34.740777098328124,34.32754148039511,0.29017901979679067,0.8176962804525374,0.41323561793301167,1.044311980143726,34.284299345420834,34.54996198341115,34.740777098328124,33.92308081787559,34.13958815693985
P_0043_0004,43,4,7.060500000000005,-23.4765,24.515234294209797,16,0.783,1.0,91.02188040340826,97.46628064846452,35.08865625263897,34.73782944287052,35.42306345672387,35.10874256202576,0.24570513036372874,0.6852340138533464,0.37091311915524017,0.8751392258663427,35.20652482184971,35.254086100421034,35.42306345672387,34.73782944287052,34.92220898826366
P_0043_0005,43,5,7.060500000000005,-22.6935,23.766480650277188,20,0.783,1.0,104.94454242002523,111.8723618502051,35.78884300373519,35.41290840775008,36.14719849257728,35.790835213567526,0.2676382247120198,0.7342900848272009,0.3779268058174452,0.9377906575060037,35.820506857065084,35.99584378010695,36.14719849257728,35.41290840775008,35.577718530338245
P_0043_0006,43,6,7.060500000000005,-21.9105,23.020005875325054,16,0.783,1.0,117.02468435057772,121.94217255797862,36.395798901811,36.13036046652672,36.652898070406536,36.386668684860105,0.18137357402826304,0.5225376038798188,0.2662293855464313,0.6673532616600496,36.35963627398439,36.51148420884533,36.652898070406536,36.13036046652672,36.27896440453753
P_0043_0007,43,7,7.060500000000005,-21.127499999999998,22.276039066674308,16,0.783,1.0,126.54056123761531,131.02123263145432,36.87350653719887,36.63176676617343,37.10849917510836,36.8881709620224,0.16728986537714127,0.47673240893493585,0.25640419584897245,0.6088536512579001,36.9547217827672,36.97478758699168,37.10849917510836,36.63176676617343,36.77107949907133
P_0043_0008,43,8,7.060500000000005,-20.3445,21.534840154967487,20,0.783,1.0,136.17328259723837,141.2461711277149,37.356699736475335,37.08366515478895,37.62119540655044,37.35931574756678,0.19187021191227357,0.5375302517614884,0.2756505927778292,0.686500960104072,37.3809927193384,37.49501505076552,37.62119540655044,37.08366515478895,37.2157104063906
P_0043_0009,43,9,7.060500000000005,-19.5615,20.79670508758539,16,0.783,1.0,144.9222756522087,148.67694154116165,37.79523580129578,37.59230276968288,37.99350393448964,37.789223974599054,0.13631655999506131,0.40120116480675705,0.20427995989058445,0.5123897379396641,37.77095662320215,37.87216880391213,37.99350393448964,37.59230276968288,37.71718774170847
P_0043_0010,43,10,7.060500000000005,-18.7785,20.061972049128176,16,0.783,1.0,152.03370950556146,155.5387909988031,38.151434453011134,37.96169220623938,38.33708454449709,38.16314741955233,0.12911487095927843,0.37539233825771134,0.20145521331295413,0.4794282736369238,38.21519089860254,38.21982546689458,38.33708454449709,37.96169220623938,38.08194398152807
P_0043_0011,43,11,7.060500000000005,-17.9955,19.33102895605922,20,0.783,1.0,159.39063328993865,163.41747647837923,38.519674789022794,38.30257059284367,38.73129993432099,38.522353122380764,0.14980471450405192,0.42872934147731456,0.21978252953709188,0.5475470516951655,38.540674907000266,38.618310699542405,38.73129993432099,38.30257059284367,38.4189094781965
P_0043_0012,43,12,7.060500000000005,-17.2125,18.60432252193022,16,0.783,1.0,166.17956807953183,169.2246782860071,38.8592547138915,38.69364227098316,39.02166366460932,38.855103114506235,0.10915781626214803,0.3280213936261589,0.16656055010308535,0.4189289829197431,38.84276807981314,38.91157338184041,39.02166366460932,38.69364227098316,38.80586817528513
P_0043_0013,43,13,7.060500000000005,-16.429499999999997,17.88236926416631,16,0.783,1.0,171.76223301246054,174.63585670946702,39.1383096744766,38.98163728506012,39.29205928905401,39.14804733781332,0.10473845189217361,0.3104220039938923,0.16641005275319998,0.3964521123804499,39.19097684631549,39.18450024265417,39.29205928905401,38.98163728506012,39.091063025982805
P_0043_0014,43,14,7.060500000000005,-15.6465,17.165768916655033,20,0.783,1.0,177.5845745178722,180.89317261119135,39.429151004054766,39.24976697268261,39.60451974211685,39.43179860376981,0.12122979388402831,0.35475276943424205,0.18203163108720588,0.45306867105267185,39.4482616513954,39.49970168285694,39.60451974211685,39.24976697268261,39.35674296979727
P_0043_0015,43,15,7.060500000000005,-14.8635,16.455220828053328,16,0.783,1.0,182.98726142147174,185.526797115758,39.698847695812105,39.55951050375029,39.835737845732126,39.696033579591116,0.09011933565413954,0.27622734198183707,0.13970426614100973,0.35278076881460674,39.68825913137124,39.732831295667154,39.835737845732126,39.55951050375029,39.66382912143479
P_0043_0016,43,16,7.060500000000005,-14.080499999999999,15.751544067170052,16,0.783,1.0,187.44503493390343,189.8540600373801,39.921222480512554,39.788629095541296,40.05153086893324,39.92948038287544,0.08713725866798584,0.2629017733919454,0.14085128733414365,0.3357621626972483,39.96582491964068,39.95032511748588,40.05153086893324,39.788629095541296,39.89109191277612
P_0043_0017,43,17,7.060500000000005,-13.2975,15.055702125772815,20,0.783,1.0,192.10052199924755,194.86104474259184,40.153297173624836,40.00237519766506,40.301036276466846,40.155898655385066,0.09974474330952761,0.2986610788017856,0.15352345772000575,0.38143177369321274,40.17119349731672,40.201703104204285,40.301036276466846,40.00237519766506,40.10318520127242
P_0043_0018,43,18,7.060500000000005,-12.5145,14.36883330336879,16,0.783,1.0,196.41887440770773,198.5644811925438,40.36840867101998,40.24938072625309,40.48544123500068,40.36666043180456,0.07569044687488645,0.23606050874759177,0.11878080319611684,0.30148213122297796,40.36267987004692,40.387430799480455,40.48544123500068,40.24938072625309,40.34836952824168
P_0043_0019,43,19,7.060500000000005,-11.731499999999999,13.6922880666454,16,0.783,1.0,199.97471725236076,202.01417757576692,40.54540109106135,40.43182255086464,40.65708760691308,40.55246805517032,0.0735657621241011,0.2252650560484426,0.12064550430568488,0.28769483531091006,40.58364217276335,40.56026373857537,40.65708760691308,40.43182255086464,40.529524206735175
P_0043_0020,43,20,7.060500000000005,-10.9485,13.02767486929268,20,0.783,1.0,203.67426919558167,205.98726238924348,40.729397119042325,40.60153065849335,40.85460514774559,40.73195542117842,0.08264200296111446,0.25307448925223497,0.13042476268506675,0.32321135281256064,40.74646862173654,40.75909531057499,40.85460514774559,40.60153065849335,40.698077367341625
P_0043_0021,43,21,7.060500000000005,-10.165499999999998,12.376916033487504,16,0.783,1.0,207.08701900945852,208.90679190775217,40.898980642293125,40.79665079512085,40.999609702759415,40.905334306349154,0.0658349595910427,0.2029589076385676,0.10868351122830688,0.2592067785933175,40.93346215325914,40.90503043925133,40.999609702759415,40.79665079512085,40.89191844135502
P_0043_0022,43,22,7.060500000000005,-9.3825,11.742315210383346,20,0.783,1.0,210.2046139514366,212.2467425131493,41.05373779279051,40.93975097571183,41.16532379251527,41.05627060421574,0.07266378220094571,0.22557281680343522,0.11651962850390873,0.2880878886378483,41.070392073900166,41.07177317045023,41.16532379251527,40.93975097571183,41.03411300850121
P_0043_0023,43,23,7.060500000000005,-8.599499999999999,11.126637430059453,16,0.783,1.0,213.05911167358332,214.68021176726495,41.19528385719375,41.1030933003301,41.28592188931248,41.195013476378065,0.05783013643633542,0.18282858898238175,0.09192017604796376,0.2334975593644722,41.19650093587149,41.19309642971638,41.28592188931248,41.1030933003301,41.196454826659874
P_0043_0024,43,24,7.060500000000005,-7.816499999999998,10.533201436410492,16,0.783,1.0,215.37052483297464,216.90868613122345,41.30976214889911,41.22179532275442,41.396231828426096,41.31519585657575,0.056574533434392824,0.1744365056716788,0.09340053382133107,0.22277970073011338,41.33944793113909,41.30405204661093,41.396231828426096,41.22179532275442,41.3144521539482
P_0043_0025,43,25,7.060500000000005,-7.0335,9.965981261270766,20,0.783,1.0,217.7248646084548,219.4144512055046,41.42620576357045,41.33020573917128,41.52007965876567,41.42870905917158,0.060467183810165,0.18987391959439037,0.09850332000030448,0.24249542732361476,41.44242027079736,41.42860379462224,41.52007965876567,41.33020573917128,41.42223583250137
P_0043_0026,43,26,7.060500000000005,-6.250499999999999,9.429708929760242,16,0.783,1.0,219.83982241290232,221.2010283745377,41.530640406539554,41.45166806397634,41.60822168295931,41.53113829067786,0.050222154028915965,0.1565536189829686,0.07947022670151682,0.19994076498463423,41.5355534169737,41.51723214809982,41.60822168295931,41.45166806397634,41.54301614138012
P_0043_0027,43,27,7.060500000000005,-5.467499999999998,8.92996173004118,16,0.783,1.0,221.5120635877512,222.79823540068352,41.613053221773725,41.53788796868389,41.686867627810784,41.61765841515245,0.04932727823804629,0.14897965912689415,0.07977044646855802,0.19026776389130798,41.63846996454282,41.59630045765755,41.686867627810784,41.53788796868389,41.6287660570672
P_0043_0028,43,28,7.060500000000005,-4.6845,8.473204854126923,20,0.783,1.0,223.16475820697488,224.5336880631652,41.6943065013714,41.61459544847145,41.77208716991947,41.69678897851078,0.05078318294283924,0.15749172144802515,0.0821935300393335,0.20113885242404234,41.71023270404339,41.68196294759605,41.77208716991947,41.61459544847145,41.70506662252353
P_0043_0029,43,29,7.060500000000005,-3.9014999999999986,8.066744231720754,16,0.783,1.0,224.5929110343345,225.71671475538145,41.76430325983371,41.69736305019717,41.82997048444645,41.76553000910879,0.04466614780690037,0.13260743424928023,0.06816695891161828,0.16935815357507053,41.77277110495351,41.74013581515163,41.82997048444645,41.69736305019717,41.78740959079517
P_0043_0030,43,30,7.060500000000005,-3.1184999999999974,7.7185298146732615,16,0.783,1.0,225.66575666891646,226.7197744406013,41.816667397690445,41.75325698025023,41.87883459680546,41.82050465361276,0.04409494787182334,0.12557761655523336,0.06724767336253024,0.1603800977716901,41.83816953187221,41.78923418318766,41.87883459680546,41.75325698025023,41.843027975948246
P_0043_0031,43,31,7.060500000000005,-2.3354999999999997,7.436747978787507,20,0.783,1.0,226.65432574156185,227.7233230015938,41.86463297893765,41.80010268951162,41.92737365859176,41.867103098819925,0.04394153900259742,0.12727096908014346,0.06700040930830653,0.1625427446745127,41.88039528203939,41.83799089657072,41.92737365859176,41.80010268951162,41.88965296738616
P_0043_0032,43,32,7.060500000000005,-1.5524999999999984,7.22917121805813,16,0.783,1.0,227.42653632210025,228.3276193206189,41.901757217614914,41.846071820085285,41.956257248586496,41.90369517639738,0.04132272278202016,0.11018542850121094,0.057623356312092255,0.14072213090831537,41.91373601510844,41.86698991984946,41.956257248586496,41.846071820085285,41.935420878357206
P_0043_0033,43,33,7.060500000000005,-0.7695000000000007,7.102308814744687,16,0.783,1.0,227.92190862152114,228.7564437361998,41.92518488855461,41.8728566973831,41.97634986141253,41.92829169722436,0.04107348544769711,0.10349316402943032,0.055434999841260435,0.13217517755993655,41.94300208662605,41.88714663583801,41.97634986141253,41.8728566973831,41.9621032048621
P_0043_0034,43,34,7.060500000000005,0.013500000000000512,7.06051290629796,20,0.783,1.0,228.26518779702718,229.0464410002796,41.94081880241698,41.89080769827029,41.98914018169677,41.943284799975274,0.040640961478716375,0.09833248342648204,0.052477101704987206,0.12558427002104985,41.95652767386366,41.89994558973956,41.98914018169677,41.89080769827029,41.9800028563061
P_0043_0035,43,35,7.060500000000005,0.7965000000000018,7.105284828914325,16,0.783,1.0,228.39472627874042,229.08927776224292,41.945744577661,41.9002705777595,41.99042380796095,41.94839448057611,0.0404193334053367,0.08978528327247659,0.04812390281661294,0.11466830558426129,41.96127713654806,41.9002705777595,41.98951532870683,41.90085349883418,41.990055861031976
P_0043_0036,43,36,7.060500000000005,1.5794999999999995,7.235017657200296,16,0.783,1.0,228.31963634129224,229.0631134540712,41.94059254673063,41.89176213718633,41.98823811601744,41.942987331852876,0.040504266423666634,0.09647597883110848,0.05122519466654296,0.12321325521214364,41.95485536165859,41.89176213718633,41.981108188623296,41.89897285577871,41.98823811601744
P_0043_0037,43,37,7.060500000000005,2.3625000000000007,7.445271418826856,20,0.783,1.0,228.02024341797306,228.87909949701867,41.924029208348216,41.86863963809344,41.97762988272598,41.92649923663809,0.041486692984598686,0.10899024463253681,0.05785959854464551,0.13919571472865494,41.93979079483967,41.86863963809344,41.958185439713134,41.88825042781821,41.97762988272598
P_0043_0038,43,38,7.060500000000005,3.145500000000002,7.729478022479919,16,0.783,1.0,227.504492002547,228.400903888492,41.89662570240239,41.84007244344656,41.95193629432805,41.900005875036605,0.042067060461074446,0.11186385088149109,0.05993343159004638,0.14286570993804737,41.91584218070426,41.84007244344656,41.92983781639316,41.86234064031101,41.95193629432805
P_0043_0039,43,39,7.060500000000005,3.9284999999999997,8.079837405542271,16,0.783,1.0,226.8519287299377,227.81812656524485,41.86254038731267,41.80245856562146,41.92134987756276,41.86422396029273,0.04249581447515637,0.11889131194130442,0.0617653946712764,0.1518407559914488,41.87329200150032,41.80245856562146,41.89249821210848,41.83152114467066,41.92134987756276
P_0043_0040,43,40,7.060500000000005,4.711500000000001,8.48816190349831,20,0.783,0.35,79.09886007977725,227.05538223500128,39.27258970384712,35.62910419719606,41.88174573902893,39.090537820690066,2.413811293213588,6.2526415418328725,3.4614336234940097,7.985493667730361,38.106422401576026,38.04378802871236,35.62910419719606,41.79162873693696,41.88174573902893
P_0043_0041,43,41,7.060500000000005,5.494500000000002,8.94651834514411,16,0.783,0.0,0.0,0.0,35.330943800058684,33.93214901670024,38.03445796120718,35.7517954498216,1.3050803669249202,4.07822521380632,2.282662511385581,5.208461320314584,35.59304300246822,35.552465496634284,33.95623274740086,38.03445796120718,35.62277804139745
P_0043_0042,43,42,7.060500000000005,6.277500000000003,9.44762755933997,20,0.783,0.7,156.1811403576121,224.3446858012384,35.89250674095382,33.909488877084755,38.251019869627896,35.820927880569755,1.6698402156861218,4.3362703231628075,2.430091989058141,5.538020846951222,36.520439666620064,36.4672428166096,38.251019869627896,33.91474954646509,33.951187503526114
P_0043_0043,43,43,7.060500000000005,7.060500000000005,9.985054857135244,16,0.783,1.0,221.63004970999293,222.9304382467007,38.06016859123861,35.742519967685894,39.34620334965439,37.83928829866039,1.182371755361691,3.6036833819684944,2.0967683309744984,4.602405340955931,38.20464084736494,37.665093503160165,39.34620334965439,35.742519967685894,38.23798382543657
P_0043_0044,43,44,7.060500000000005,7.843499999999999,10.553253171415914,16,0.783,1.0,219.94109551942762,221.3216509319367,39.41833162858068,38.96051909910869,40.31959719321253,39.29550098024565,0.38658774917102573,1.0749310358387518,0.7399491547017902,1.372836571952429,38.96051909910869,39.2058074840798,40.03545013494744,39.25986639931017,39.01586178378216
P_0043_0045,43,45,7.060500000000005,8.6265,11.147518221559455,20,0.783,1.0,217.79417584200314,219.5134589299509,40.734744546463176,40.01490663246051,41.39385703688532,40.78155769794186,0.5568233890052022,1.3789504044248133,0.7666510654813479,1.7611116276178969,40.95437429180112,41.30032197130981,41.39385703688532,40.24432855725252,40.01490663246051
P_0043_0046,43,46,7.060500000000005,9.409500000000001,11.763900309846225,16,0.783,1.0,215.39260074085686,216.96421381904912,41.27743499030262,41.186602739970624,41.36663787706635,41.28303554397987,0.05834862753895423,0.18003513709572871,0.09643280400924681,0.22992993243388085,41.30808077599971,41.186602739970624,41.28094761927463,41.27290870758805,41.36663787706635
P_0043_0047,43,47,7.060500000000005,10.192500000000003,12.399101439217283,16,0.783,1.0,213.02350737232274,214.68567438487665,41.157265081371406,41.06181009800241,41.25102034342166,41.156882176766416,0.059836943694281636,0.1892102454192468,0.09507207876400514,0.24164782301308657,41.1580628281688,41.06181009800241,41.15705896855155,41.15645864568768,41.25102034342166
P_0043_0048,43,48,7.060500000000005,10.975500000000004,13.050373960159154,20,0.783,1.0,210.08357521566518,212.18642722834065,41.008280705344546,40.88958144161148,41.12432298919788,41.010838581329665,0.07579964697226846,0.23474154758639543,0.12125713971818186,0.2997976342099558,41.0253485253748,40.88958144161148,40.98610769359488,41.02883225686929,41.12432298919788
P_0043_0049,43,49,7.060500000000005,11.758499999999998,13.715428629831443,16,0.783,1.0,206.85684092966352,208.73869536733,40.8448903776951,40.738193120159394,40.94969690077977,40.85149882597843,0.06868470235589462,0.2115037806203759,0.11330570581903743,0.27011977090724887,40.88083771700718,40.738193120159394,40.83587255806492,40.8528938338809,40.94969690077977
P_0043_0050,43,50,7.060500000000005,12.5415,14.392355001875128,16,0.783,1.0,203.72128044698314,205.7092813460795,40.686220697388016,40.574077383779866,40.79637001693209,40.68493000241252,0.07075888543711831,0.2222926331522217,0.11144001451956598,0.28389863748687316,40.68277835881986,40.574077383779866,40.67304195574394,40.69838229678686,40.79637001693209
P_0043_0051,43,51,7.060500000000005,13.3245,15.079554386652148,20,0.783,1.0,199.87574569574232,202.4261272581002,40.49173043970872,40.34998891840115,40.63029087654195,40.49433138594603,0.09251397083026028,0.2803019581407966,0.144342467544881,0.357984620869472,40.50962202231864,40.34998891840115,40.45077280879809,40.53098230367033,40.63029087654195
P_0043_0052,43,52,7.060500000000005,14.107500000000002,15.775684343317728,16,0.783,1.0,195.69307628761743,197.94449550535435,40.280285800218024,40.15458550376496,40.40370285384887,40.28808448677688,0.08191916958731754,0.24911735008390679,0.13349898301191843,0.3181575352284889,40.32259056086127,40.15458550376496,40.25701989644239,40.30252361896692,40.40370285384887
P_0043_0053,43,53,7.060500000000005,14.890500000000003,16.479613178105854,16,0.783,1.0,191.65558513715843,194.0375149457049,40.07625774566485,39.9438179865391,40.20625215337816,40.07390166087073,0.08486204030986055,0.26243416683905707,0.13235049250742748,0.33516496403455565,40.06795763960679,39.9438179865391,40.048105846072815,40.10337467875678,40.20625215337816
P_0043_0054,43,54,7.060500000000005,15.673500000000004,17.190382849139812,20,0.783,1.0,186.72571589077816,189.82417280311105,39.827212106392025,39.65702643089736,39.99338517047869,39.82985911806308,0.1137317534272535,0.33635873958132834,0.17283268716571598,0.42957693433119837,39.84631669331475,39.65702643089736,39.76396899721374,39.88859829841084,39.99338517047869
P_0043_0055,43,55,7.060500000000005,16.4565,17.907178797901135,16,0.783,1.0,181.37619204258579,184.09220985385252,39.55703406675582,39.40727081821012,39.70387698061148,39.56631150988009,0.09927139850343648,0.2966061624013605,0.15904069166996493,0.37880735938871074,39.607397931145215,39.40727081821012,39.51665958706195,39.59635223237166,39.70387698061148
P_0043_0056,43,56,7.060500000000005,17.2395,18.629305421834708,16,0.783,1.0,176.21380947162976,179.10131379236526,39.29635886602728,39.13766104027093,39.45185494454671,39.292665913392014,0.10365877433657615,0.31419390427578264,0.15918903115469618,0.4012693541197735,39.2821635336594,39.13766104027093,39.24984791466085,39.34180213382217,39.45185494454671
P_0043_0057,43,57,7.060500000000005,18.0225,19.356166110570555,20,0.783,1.0,169.89769233925583,173.7143943467101,38.97747171349422,38.76959180427758,39.179877323208586,38.9801492537718,0.14211076835049963,0.41028551893100484,0.2105574494942175,0.5239917227726754,38.99846327178591,38.76959180427758,38.88588567212855,39.06692819745837,39.179877323208586
P_0043_0058,43,58,7.060500000000005,18.805500000000002,20.087246961691893,16,0.783,1.0,163.01358621209795,166.3610618195998,38.62994240276348,38.4471324694141,38.80866323296141,38.641193866216824,0.12345522556849416,0.3615307635473073,0.1940613968027236,0.4617251130872379,38.69138813119514,38.4471324694141,38.56733571011222,38.69144978740127,38.80866323296141
P_0043_0059,43,59,7.060500000000005,19.588500000000003,20.822103460025364,16,0.783,1.0,156.32243472071787,159.91949472393102,38.29217226922947,38.0961821540572,38.48350195643821,38.28662024035788,0.13062805809977715,0.3873198023810076,0.196881716080334,0.4946613057228705,38.2701879467927,38.0961821540572,38.22101193065674,38.36221721384453,38.48350195643821
P_0043_0060,43,60,7.060500000000005,20.371500000000005,21.560349544940134,20,0.783,1.0,148.0462593229668,152.90900667245694,37.87439400894745,37.610626619299694,38.12963143219315,37.87700923556473,0.18401791250805682,0.5190048128934563,0.2663826162650338,0.6628413957770835,37.89867490223605,37.610626619299694,37.74260616060337,38.00350706349138,38.12963143219315
P_0043_0061,43,61,7.060500000000005,21.1545,22.301648604979857,16,0.783,1.0,138.88635562056305,143.20942112866223,37.41199090566763,37.177227924173735,37.64001438718333,37.40451167001125,0.15857630457845298,0.4627864630095928,0.23550271717207494,0.5910427369215745,37.38248078434776,37.177227924173735,37.31646488487832,37.50637036947313,37.64001438718333
P_0043_0062,43,62,7.060500000000005,21.9375,23.045706031710115,20,0.783,1.0,128.55485418572837,134.55064341715922,36.89040211438011,36.564492141730966,37.20291014159392,36.89273342576613,0.2299871807990233,0.638417999862952,0.3282412840351654,0.815348658828802,36.91893986812937,36.564492141730966,36.71574826371824,37.06157671365816,37.20291014159392
P_0043_0063,43,63,7.060500000000005,22.7205,23.792263038643465,16,0.783,1.0,116.82648939104375,122.30509445137646,36.29822463935748,36.000184513610066,36.58467521967236,36.31571342521961,0.20719830689097551,0.5844907060622972,0.31552891160954744,0.7464759975252838,36.39838131455116,36.000184513610066,36.1648640591788,36.43046201908567,36.58467521967236
P_0043_0064,43,64,7.060500000000005,23.503500000000003,24.5410915099553,16,0.783,1.0,104.73359246276719,111.02038682208368,35.68755621260275,35.34385830036723,36.01487030208415,35.67443929847333,0.23549104448111605,0.6710120017169174,0.34043100361081713,0.8569757365477872,35.63938506960528,35.34385830036723,35.5280497905228,35.84603302978718,36.01487030208415
P_0043_0065,43,65,7.060500000000005,24.286500000000004,25.291989690413846,20,0.783,1.0,88.28401160381365,97.88099480416778,34.85678914043702,34.31699360636321,35.3513215873312,34.855658343188,0.3815404209109755,1.034327980967987,0.538664736824785,1.3209808186053473,34.904380786597926,34.31699360636321,34.5448746042328,35.160721131414846,35.3513215873312
P_0043_0066,43,66,7.060500000000005,25.069500000000005,26.044778565002243,16,0.783,1.0,66.73373666564267,77.26141299805889,33.768692430244485,33.15560546639648,34.30991137266244,33.79557859961964,0.4207046663904517,1.1543059062659609,0.6399731332231582,1.4742093311187239,33.97335055535336,33.15560546639648,33.47127082871771,34.06775477496819,34.30991137266244
P_0043_0067,43,67,7.060500000000005,25.8525,26.799298806125506,13,0.783,1.0,38.110974217968874,53.70613786143884,32.334243360357135,31.23075129389531,33.12118128086212,32.113019916077846,0.7261476991436904,1.890429986966808,1.0081613647842715,2.41434225666259,31.98454119686789,31.471990936518694,31.23075129389531,32.75663487224523,33.12118128086212
P_0044_0001,44,1,7.843499999999999,-25.825499999999998,26.990312011905306,8,0.783,0.875,17.22102838143988,29.2358433732756,31.378941466819995,30.70917958925372,31.95601191285948,31.285221806598067,0.4335183345820007,1.2468323236057621,0.6707901062614141,1.5923784464952262,30.932903958124086,31.43143837962208,31.95601191285948,30.70917958925372,31.39657519313096
P_0044_0002,44,2,7.843499999999999,-25.0425,26.24209020828943,20,0.783,1.0,47.477961686438036,61.89777133180905,32.86686609126845,31.97020120490544,33.60469298760489,32.83029756552319,0.5990274026023794,1.6344917826994525,0.8600963606177494,2.0874735411231833,32.85534978911426,33.33614709521828,33.60469298760489,31.97020120490544,32.38509675077307
P_0044_0003,44,3,7.843499999999999,-24.2595,25.495957179521618,16,0.783,1.0,71.02114417889652,79.30893888432911,34.05428164234296,33.59324619880766,34.4820579482967,34.019785559904825,0.31526156456878895,0.8888117494890366,0.4622723883918738,1.135136333957901,33.91409768448693,34.26416799278758,34.4820579482967,33.59324619880766,33.84535797514525
P_0044_0004,44,4,7.843499999999999,-23.4765,24.75210181984552,16,0.783,1.0,86.58862227427939,93.4599191991706,34.83831909425589,34.46273673277631,35.194347193367776,34.84651458734413,0.2554243562156375,0.7316104605914688,0.38377785456782476,0.9343684043313778,34.899000181139684,35.00414124441147,35.194347193367776,34.46273673277631,34.67234758502542
P_0044_0005,44,5,7.843499999999999,-22.6935,24.010735817546283,20,0.783,1.0,101.05626203560364,108.34090664493456,35.56616381397539,35.169664064714425,35.94259132850516,35.55673326979419,0.27817513046011144,0.7729272637907343,0.3870692050797615,0.9871357136535559,35.542736067585054,35.77396382176056,35.94259132850516,35.169664064714425,35.35471106640574
P_0044_0006,44,6,7.843499999999999,-21.9105,23.272097079979705,16,0.783,1.0,113.50878971413675,118.6777784216138,36.192027547898036,35.912800593667555,36.4618554463446,36.17216826389155,0.19105712339446185,0.5490548526770453,0.2896871824530507,0.7012194797918841,36.10292625436034,36.30514588511016,36.4618554463446,35.912800593667555,36.07811313997507
P_0044_0007,44,7,7.843499999999999,-21.127499999999998,22.536453769393265,16,0.783,1.0,123.2675434254987,127.96336059587614,36.68207297844508,36.42868921634005,36.92795074017272,36.68743050018346,0.17044010304235366,0.4992615238326721,0.25874128384341333,0.6376264672192491,36.71724776886271,36.78036384195201,36.92795074017272,36.42868921634005,36.58290093358983
P_0044_0008,44,8,7.843499999999999,-20.3445,21.804109073750293,20,0.783,1.0,133.11176554925527,138.38989913232302,37.176014850654134,36.8918054075134,37.45089583856168,37.16951368620852,0.19712387702668502,0.5590904310482756,0.2813821523531601,0.7140363104064822,37.15529343740928,37.312143130027664,37.45089583856168,36.8918054075134,37.03743061753056
P_0044_0009,44,9,7.843499999999999,-19.5615,21.07540686440003,16,0.783,1.0,142.02978371888295,145.95019145978827,37.62314463347636,37.41140857871597,37.82979198055818,37.6082752653237,0.14286479757603185,0.4183834018422061,0.22151671523447902,0.5343338465417703,37.55484479648106,37.69668113458022,37.82979198055818,37.41140857871597,37.54864983628306
P_0044_0010,44,10,7.843499999999999,-18.7785,20.350738426406057,16,0.783,1.0,149.26420485703966,152.9208911978341,37.98559893298841,37.78785075494142,38.178910993034094,37.98916643903054,0.13077289855918584,0.39106023809267754,0.20131568408912415,0.4994383628258972,38.00884339286444,38.050522700259535,38.178910993034094,37.78785075494142,37.91970435405324
P_0044_0011,44,11,7.843499999999999,-17.9955,19.63055048896999,20,0.783,1.0,156.73683081676023,160.91349077885508,38.35972671284625,38.13466080636061,38.57892488841623,38.35436854793312,0.15338531469438038,0.44426408205562495,0.22455634048311168,0.5673870779765325,38.34080954117451,38.455461670468935,38.57892488841623,38.13466080636061,38.26198583324532
P_0044_0012,44,12,7.843499999999999,-17.2125,18.91535483410237,16,0.783,1.0,163.62388635761639,166.7979658053559,38.70430139596245,38.53194437250659,38.87322363942144,38.692252684735024,0.11444673702782682,0.341279266914853,0.18097095468641555,0.43586113271373306,38.64847402349295,38.75309198027901,38.87322363942144,38.53194437250659,38.65452940797513
P_0044_0013,44,13,7.843499999999999,-16.429499999999997,18.205739822923974,16,0.783,1.0,169.28135244059183,172.27656957665891,38.98716548241981,38.82415554760792,39.14705400490664,38.98943772699319,0.1059000947994313,0.32289845729872013,0.16528217938526524,0.4123862800749938,39.0026307005304,39.02982353448647,39.14705400490664,38.82415554760792,38.9435248474345
P_0044_0014,44,14,7.843499999999999,-15.6465,17.502384251866943,20,0.783,1.0,175.1766417109134,178.60684746482886,39.281722889606,39.09596549610478,39.46323265322718,39.276975728108674,0.12408449612706104,0.36726715712239866,0.18625692511850644,0.46905128623550274,39.264015902966605,39.34913588619588,39.46323265322718,39.09596549610478,39.21252870204893
P_0044_0015,44,15,7.843499999999999,-14.8635,16.806074035895474,16,0.783,1.0,180.64301020627204,183.29132169751915,39.55466475641167,39.40969277768181,39.69704305762531,39.54454290108099,0.09476814161248778,0.28735027994349593,0.15250015654432048,0.3669863089955248,39.50763230179024,39.585126962214645,39.69704305762531,39.40969277768181,39.52321940609295
P_0044_0016,44,16,7.843499999999999,-14.080499999999999,16.117722311170397,16,0.783,1.0,185.15047653205784,187.6638054947537,39.77957271171795,39.64158838986378,39.9151421528241,39.780809372587726,0.08816342912218492,0.27355376296032574,0.13922098272394834,0.34936623622008395,39.78915433110194,39.80516317606424,39.9151421528241,39.64158838986378,39.75299881308456
P_0044_0017,44,17,7.843499999999999,-13.2975,15.438393650247423,20,0.783,1.0,189.855310515103,192.72055167353497,40.01416375097329,39.85780434934162,40.16718604685002,40.00979247401235,0.1022609804059985,0.3093816975083996,0.15739357283766964,0.3951234961793098,39.99730248987157,40.05933647418203,40.16718604685002,39.85780434934162,39.967333009816514
P_0044_0018,44,18,7.843499999999999,-12.5145,14.769333177229091,16,0.783,1.0,194.21735695817395,196.4591205668204,40.23150402862943,40.10752772391192,40.35338381358406,40.22284160762407,0.07997769531475626,0.245856089672138,0.13054220595999055,0.3139924516885543,40.19127411785598,40.24703630944515,40.35338381358406,40.10752772391192,40.214986073323246
P_0044_0019,44,19,7.843499999999999,-11.731499999999999,14.112001434948905,16,0.783,1.0,197.80766126517858,199.94031958895795,40.41025481674738,40.29188816247819,40.52663821511112,40.41060624368354,0.07464589826840223,0.2347500526329327,0.11871808120535121,0.29980849633835593,40.41498285906425,40.42163671772812,40.52663821511112,40.29188816247819,40.397885264036006
P_0044_0020,44,20,7.843499999999999,-10.9485,13.4681158481801,20,0.783,1.0,201.54167865553327,203.94827592020133,40.59600992178137,40.463316261085424,40.72593629165732,40.591886650255866,0.08502916059935349,0.2626200305718953,0.1340496414014538,0.33540233789514085,40.57975331900036,40.62242382867504,40.72593629165732,40.463316261085424,40.56800355086119
P_0044_0021,44,21,7.843499999999999,-10.165499999999998,12.839699470782014,16,0.783,1.0,204.98506728114387,206.89249071234445,40.767157653721064,40.660339543096825,40.87220165124427,40.76695203931037,0.06703233230582886,0.211862108147443,0.1066124962135433,0.27057740504143424,40.76889854083692,40.76974272463968,40.87220165124427,40.660339543096825,40.763577736734135
P_0044_0022,44,22,7.843499999999999,-9.3825,12.22913727537638,20,0.783,1.0,208.12962644403083,210.2597172098797,40.92329181805836,40.804786148797575,41.039309261692495,40.91929178751199,0.07504660010522861,0.23452311289491945,0.12001747418050712,0.29951866270104655,40.90735030146669,40.938013969740325,41.039309261692495,40.804786148797575,40.90699925586284
P_0044_0023,44,23,7.843499999999999,-8.599499999999999,11.639239343702833,16,0.783,1.0,211.00801834352518,212.71240832334703,41.06605844134987,40.969614966410575,41.16088968009683,41.05928719118199,0.06179680121915919,0.19127471368625493,0.10160248891484258,0.24428443638091304,41.03482071785436,41.06041413987248,41.16088968009683,40.969614966410575,41.0706964516757
P_0044_0024,44,24,7.843499999999999,-7.816499999999998,11.073308651889008,16,0.783,1.0,213.3381797820104,214.9579918770947,41.18149468549568,41.089363380851125,41.27207419960695,41.18053563707692,0.0580408653337624,0.1827108187558224,0.09153856253002601,0.23334715039057777,41.17926408821484,41.17232815040211,41.27207419960695,41.089363380851125,41.1896483663096
P_0044_0025,44,25,7.843499999999999,-7.0335,10.535208327318449,20,0.783,1.0,215.71104467818083,217.4824025870852,41.29888510237954,41.19870396763997,41.39687542212965,41.29501339119728,0.0629414734056572,0.19817145448968176,0.10186203093237367,0.2530925344695808,41.28328236706892,41.29792425036919,41.39687542212965,41.19870396763997,41.298280948778654
P_0044_0026,44,26,7.843499999999999,-6.250499999999999,10.029418851558647,16,0.783,1.0,217.84214598940622,219.28185770406972,41.40414505486111,41.32117805348901,41.48567611191618,41.398289990838464,0.05406226459459222,0.1644980584271707,0.0873861210777136,0.2100869200857863,41.37733694760465,41.38727386823501,41.48567611191618,41.32117805348901,41.41998497294748
P_0044_0027,44,27,7.843499999999999,-5.467499999999998,9.561069422402493,16,0.783,1.0,219.52675768967805,220.8902449447277,41.48719048204368,41.40809494154047,41.56489407137104,41.48551409705618,0.05117056252250707,0.1567991298305742,0.0793799743148611,0.2002543165141433,41.48124169416173,41.46696835053007,41.56489407137104,41.40809494154047,41.50637142767761
P_0044_0028,44,28,7.843499999999999,-4.6845,9.135919904421227,20,0.783,1.0,221.1912780074503,222.6374172641446,41.569048707256286,41.48540562788452,41.65071344858478,41.56526024506402,0.05344027813074948,0.16530782070026362,0.08545320352076402,0.21112109923405314,41.55367175657602,41.55328732676139,41.65071344858478,41.48540562788452,41.58322306551338
P_0044_0029,44,29,7.843499999999999,-3.9014999999999986,8.760262239225488,16,0.783,1.0,222.6292700519292,223.8281016470493,41.63954899114428,41.5688025402431,41.70898886115492,41.634519052083235,0.04835571272474622,0.14018632091182326,0.07446980907168665,0.17903744688610887,41.61677354405532,41.6118892529683,41.70898886115492,41.5688025402431,41.66614106199455
P_0044_0030,44,30,7.843499999999999,-3.1184999999999974,8.440706990531064,16,0.783,1.0,223.7091715355301,224.837353721374,41.69227440279698,41.625104766091965,41.75817022139324,41.68989571995631,0.04640146194318056,0.13306545530127778,0.0682745014369317,0.16994311021874556,41.682736325582255,41.66133471039427,41.75817022139324,41.625104766091965,41.72213257631984
P_0044_0031,44,31,7.843499999999999,-2.3354999999999997,8.183828718882133,20,0.783,1.0,224.70384775646508,225.8466490738832,41.74055291270093,41.67227748552199,41.807003994652064,41.736811469910364,0.046820062767349,0.13472650913007556,0.07019252474169946,0.17206450719039024,41.725305643753245,41.710413735748375,41.807003994652064,41.67227748552199,41.76905648987616
P_0044_0032,44,32,7.843499999999999,-1.5524999999999984,7.995670609773765,16,0.783,1.0,225.48038492480683,226.45398749663545,41.77789911490716,41.71854457279369,41.83604386931973,41.77363313947736,0.044778600190479675,0.11749929652604152,0.062410729842369506,0.15006295852623439,41.758896708686905,41.73958369954988,41.83604386931973,41.71854457279369,41.81509684703661
P_0044_0033,44,33,7.843499999999999,-0.7695000000000007,7.881156165182872,16,0.783,1.0,225.97805181679746,226.8844951685756,41.801444838468306,41.74548130681842,41.85622327433214,41.798361035897074,0.043877140846054104,0.11074196751371801,0.05786223843506377,0.14143290870206643,41.78834720087315,41.75983538388164,41.85622327433214,41.74548130681842,41.84191801358003
P_0044_0034,44,34,7.843499999999999,0.013500000000000512,7.843511617891567,20,0.783,1.0,226.32218924381,227.17470249971348,41.81712353873705,41.763508406380765,41.86902533840174,41.81339737230222,0.04367384040044904,0.10551693202097567,0.055627966099521586,0.13475981101018605,41.801918773927184,41.7726471506009,41.86902533840174,41.763508406380765,41.85988719220052
P_0044_0035,44,35,7.843499999999999,0.7965000000000018,7.883838183270886,16,0.783,1.0,226.45086947401677,227.2166564728056,41.8220063967521,41.77289768905615,41.87028360330692,41.81846570879635,0.04352177301132623,0.09703279852158175,0.051464778781380005,0.1239243914707302,41.80662432450652,41.77289768905615,41.86933253094742,41.773543511893934,41.86993048757773
P_0044_0036,44,36,7.843499999999999,1.5794999999999995,8.000956974012546,16,0.783,1.0,226.3734849439988,227.1894816300876,41.81673795218767,41.76423916224451,41.86802753791147,41.812929027940505,0.04375906131305444,0.10378837566696575,0.05509850997096777,0.1325522039169422,41.8000206766248,41.76423916224451,41.86078818420697,41.771569578714775,41.86802753791147
P_0044_0037,44,37,7.843499999999999,2.3625000000000007,8.191574848586809,20,0.783,1.0,226.0697654328763,227.0024255693081,41.79995450766536,41.74082086582087,41.85726464193033,41.79621326001171,0.04450429609926215,0.11644377610945611,0.0610513819186167,0.1487149120171853,41.7847078697128,41.74082086582087,41.83759493936549,41.76067798322907,41.85726464193033
P_0044_0038,44,38,7.843499999999999,3.145500000000002,8.45071964391199,16,0.783,1.0,225.5479068691606,226.5184831692648,41.77223998259636,41.71192840571126,41.83127830652637,41.76940452238556,0.04471786265447519,0.11934990081510932,0.06187378414081479,0.15242643782261728,41.76041779759589,41.71192840571126,41.80895006515453,41.73444803693974,41.83127830652637
P_0044_0039,44,39,7.843499999999999,3.9284999999999997,8.772320360087175,16,0.783,1.0,224.8882877475324,225.92951345691276,41.73779509178873,41.67390788545959,41.80037631349285,41.73322245694966,0.04609297727382636,0.12646842803325598,0.06715385654318595,0.16151778803736394,41.71730592170832,41.67390788545959,41.77123899288864,41.703283171198905,41.80037631349285
P_0044_0040,44,40,7.843499999999999,4.711500000000001,9.149793686198613,20,0.783,0.8,179.1459605315122,225.15911143598072,40.95078995756593,37.9728582525396,41.76038175134869,40.94595123961143,1.463463162512739,3.739823241611589,2.925392729874332,4.77627489350139,41.67248670577902,41.61336584218884,38.0205585097371,41.66296338900349,41.76038175134869
P_0044_0041,44,41,7.843499999999999,5.494500000000002,9.576534994453892,16,0.783,0.0,0.0,0.0,36.740049358293845,35.48222860195523,38.01120548060425,36.495029881144866,1.2087891398591613,2.5289768786490185,1.5161755994593804,3.2298555282873798,35.507431765068304,35.48222860195523,35.53532759570038,37.938955962396165,38.01120548060425
P_0044_0042,44,42,7.843499999999999,6.277500000000003,10.046267889121811,20,0.783,0.3,66.26497223701631,221.73293713488863,35.071267914554724,33.8470462736272,37.51459615333073,35.43035955711427,1.409977218972626,3.5932881523924607,2.028772826917546,4.589129185686412,33.86584423163936,37.45913238403182,36.44987226865732,35.47471811888033,33.90223078236255
P_0044_0043,44,43,7.843499999999999,7.060500000000005,10.553253171415914,16,0.783,1.0,219.6143376346775,220.9948930471865,37.05409562893995,35.67817641205886,38.14243061725824,37.07596481786726,0.8209560443332595,1.7285930462886654,1.0380293633737097,2.2076539543916542,36.39314410293065,38.04769001588392,38.11399418124097,36.3854011349523,36.43959465432846
P_0044_0044,44,44,7.843499999999999,7.843499999999999,11.092384076473369,16,0.783,1.0,217.90875046846338,219.37095667780792,38.53256643205466,37.5420116489538,39.21817367227527,38.620397714500385,0.656302956897069,1.549691446078782,0.9885460956090952,1.9791717063585976,39.15016424180016,39.10571664938891,39.18154306497007,38.03271299745148,37.63185161889129
P_0044_0045,44,45,7.843499999999999,8.6265,11.65920213822541,20,0.783,1.0,215.7405279275186,217.54565548603296,40.30532306256213,39.11232623130462,41.26786360953736,40.55234874664431,0.6359459158727674,1.7253900029037368,1.009875140010692,2.2035632220992807,40.56830730687631,41.16658554505205,41.26786360953736,39.54247360663362,40.21651366512225
P_0044_0046,44,46,7.843499999999999,9.409500000000001,12.249864591088345,16,0.783,1.0,213.31483291964736,214.97203250475292,41.146870209389945,41.05166254297529,41.24038150657731,41.14597052344483,0.05986762377216846,0.1887189636020139,0.09441098313247664,0.24102038774203563,41.14506767673282,41.05166254297529,41.15385703203833,41.13888385890039,41.24038150657731
P_0044_0047,44,47,7.843499999999999,10.192500000000003,12.861086598728741,16,0.783,1.0,210.92155564400807,212.6713731894689,41.02546730397236,40.92552573600767,41.123635980811,41.018444992784815,0.06395924760228182,0.19811024480333117,0.10519098802618743,0.25301436117922244,40.99312371719799,40.92552573600767,41.02874350489253,41.02119602501489,41.123635980811
P_0044_0048,44,48,7.843499999999999,10.975500000000004,13.490073850798597,20,0.783,1.0,207.95098467561675,210.1474407592985,40.874921144388715,40.7513970258396,40.9956798219348,40.870798879721214,0.07832485251723297,0.24428279609519876,0.12488094221358637,0.31198313677547734,40.858667773194725,40.7513970258396,40.85606150386264,40.89218827377431,40.9956798219348
P_0044_0049,44,49,7.843499999999999,11.758499999999998,14.134454870988126,16,0.783,1.0,204.68978494248134,206.6648373805209,40.709774419014224,40.598290913234166,40.819275738042506,40.70966873232523,0.06996547970120257,0.22098482480834036,0.11137781909106081,0.2822283841741256,40.712215900554895,40.598290913234166,40.70426368177317,40.71429742802138,40.819275738042506
P_0044_0050,44,50,7.843499999999999,12.5415,14.792218038549864,16,0.783,1.0,201.5197629974494,203.6039207203561,40.54934871582954,40.43225916713664,40.66434328501606,40.54114555650551,0.07510630627510072,0.23208411787941685,0.12319772851054722,0.29640372653820796,40.51141374142105,40.43225916713664,40.5396910865129,40.55802050244091,40.66434328501606
P_0044_0051,44,51,7.843499999999999,13.3245,15.46165555495271,20,0.783,1.0,197.63053421159773,200.28563418904332,40.352632574814116,40.20545671053782,40.49647372957816,40.34826262259759,0.09513838326043424,0.29101701904034627,0.14821110698057538,0.37166924526225575,40.33577546925801,40.20545671053782,40.31495598974482,40.38865121386914,40.49647372957816
P_0044_0052,44,52,7.843499999999999,14.107500000000002,16.14131495572774,16,0.783,1.0,193.3985178857718,195.75424096272792,40.13867489056237,40.00758594988838,40.26735026978912,40.13945412646457,0.08310349999445235,0.25976431990073934,0.13186817657619088,0.33175519782980756,40.14596805705429,40.00758594988838,40.11896525422077,40.15740110137028,40.26735026978912
P_0044_0053,44,53,7.843499999999999,14.890500000000003,16.82995788764785,16,0.783,1.0,189.31133392195872,191.80203952746604,39.93211659474114,39.79404515172996,40.06759661558596,39.92245498896458,0.08956983235476566,0.27355146385600193,0.1451416266213812,0.3493632999438083,39.88738338797822,39.79404515172996,39.90753750467246,39.955712284856304,40.06759661558596
P_0044_0054,44,54,7.843499999999999,15.673500000000004,17.526525454293562,20,0.783,1.0,184.31778308381936,187.5378476567485,39.67982973075998,39.50327457190241,39.852140034536944,39.675084272534434,0.11667027203149563,0.3488654626345351,0.17705576200251016,0.4455497607082185,39.66212809931761,39.50327457190241,39.61980025316387,39.73807840375133,39.852140034536944
P_0044_0055,44,55,7.843499999999999,16.4565,18.230109283819445,16,0.783,1.0,178.8953114707171,181.7329227210444,39.405939904355954,39.24984294912366,39.55891825082165,39.407754389392096,0.10055674693468764,0.30907530169798747,0.1579114402684354,0.3947321860766123,39.4191137824381,39.24984294912366,39.36917114380447,39.44172582077261,39.55891825082165
P_0044_0056,44,56,7.843499999999999,17.2395,18.93992746818213,16,0.783,1.0,173.6581277497143,176.674601311714,39.14146000701304,38.97602266289476,39.30346532981588,39.12987298100653,0.10900059508927205,0.32744266692111523,0.17359234880935048,0.4181898683539147,39.08793835584322,38.97602266289476,39.09856257895325,39.18337597752554,39.30346532981588
P_0044_0057,44,57,7.843499999999999,18.0225,19.655304589346866,20,0.783,1.0,167.2438898660774,171.2104086471859,38.81758404359887,38.6017486790459,39.027557117646666,38.8122282802653,0.1457551291572098,0.4258084386007681,0.21532883738136377,0.5438166521082607,38.79867338520171,38.6017486790459,38.72902259153528,38.90413962789694,39.027557117646666
P_0044_0058,44,58,7.843499999999999,18.805500000000002,20.37565514284142,16,0.783,1.0,160.24408156357612,163.74316201863078,38.4641745376402,38.273365058540605,38.65055107679683,38.46728370077808,0.12520878319449744,0.377186018256225,0.19391864223747746,0.48171905268994253,38.48512401464495,38.273365058540605,38.40516265295293,38.52221570095509,38.65055107679683
P_0044_0059,44,59,7.843499999999999,19.588500000000003,21.10046976965205,16,0.783,1.0,153.42994278739212,157.1927446425577,38.120156671472074,37.91537229804629,38.31985867343474,38.105751206363756,0.13722014124965307,0.40448637538844423,0.21410746707098127,0.516585409180644,38.0541717920064,37.91537229804629,38.05254829227198,38.18680497605936,38.31985867343474
P_0044_0060,44,60,7.843499999999999,20.371500000000005,21.829303802457837,20,0.783,1.0,144.98474227498372,150.0527346770651,37.69379683752116,37.41886760496476,37.95940786633571,37.68729959189998,0.1893161400721178,0.5405402613709498,0.2721082744357304,0.6903451613932947,37.67308481067033,37.41886760496476,37.56441508364554,37.820722593883545,37.95940786633571
P_0044_0061,44,61,7.843499999999999,21.1545,22.561767716648443,16,0.783,1.0,135.61333780844643,140.1515490930841,37.22066194355151,36.97426993902934,37.459556876522186,37.20320548463847,0.16694201709587664,0.4852869374928446,0.2563513918837188,0.6197789750866469,37.14175828459025,36.97426993902934,37.12839022914807,37.31205209390248,37.459556876522186
P_0044_0062,44,62,7.843499999999999,21.9375,23.297519149042458,20,0.783,1.0,125.00191833669005,131.28624928079444,36.68488099885978,36.34277340977866,37.01197653781975,36.676756763924686,0.23807915886816808,0.6692031280410902,0.3352197738950622,0.854665553053755,36.66239273907922,36.34277340977866,36.51127586361571,36.85536526933009,37.01197653781975
P_0044_0063,44,63,7.843499999999999,22.7205,24.03625620807034,16,0.783,1.0,112.89141408537364,118.69387660995254,36.073346953593884,35.75716259888435,36.37616094283868,36.08005230902249,0.2135567414741377,0.6189983439543312,0.32288971013814205,0.7905470548586605,36.12082138314787,35.75716259888435,35.94203470200881,36.20408191823276,36.37616094283868
P_0044_0064,44,64,7.843499999999999,23.503500000000003,24.777711849563513,16,0.783,1.0,100.30033433363832,107.01402537278976,35.43747774673325,35.069111962247405,35.786347234743175,35.41058047112165,0.2519891092762483,0.7172352724957705,0.3757667636215274,0.9160092879894897,35.32265717049734,35.069111962247405,35.27845460472571,35.59633138339461,35.786347234743175
P_0044_0065,44,65,7.843499999999999,24.286500000000004,25.52164913362771,20,0.783,1.0,82.89664171415389,93.28332741992104,34.558573414370485,33.967030676054435,35.09290372088492,34.54098067502083,0.40977632773605693,1.1258730448304846,0.5739499989663983,1.4378966089789074,34.53478235781057,33.967030676054435,34.23485215735906,34.87533446299517,35.09290372088492
P_0044_0066,44,66,7.843499999999999,25.069500000000005,26.267857211809268,16,0.783,1.0,59.135803663772094,71.24441719560497,33.35982932028411,32.626068065186416,33.98000481164064,33.366271621803286,0.48079361194048287,1.3539367464542238,0.7402035566168692,1.7291657042838107,33.49653343203528,32.626068065186416,33.03706303281467,33.69168876733943,33.98000481164064
P_0045_0002,45,2,8.6265,-25.0425,26.486662841890823,25,0.783,1.0,36.46709717436125,55.17931267556764,32.284640697194554,30.927081088718975,33.23852569040713,32.22733793776329,0.8043321574915332,2.311444601688155,1.3002568490443132,2.952036528337363,32.36770603168861,32.79707886958596,33.23852569040713,30.927081088718975,31.80629800841575
P_0045_0003,45,3,8.6265,-24.2595,25.747618190815242,20,0.783,1.0,64.00827845022295,73.9818813058781,33.67004439896819,33.0954617545346,34.186444386652965,33.63884880168693,0.3640049090712271,1.0909826321183687,0.5475955849660323,1.3933366949149024,33.56377547079012,33.84635755771933,34.186444386652965,33.0954617545346,33.50220483873767
P_0045_0004,45,4,8.6265,-23.4765,25.01124855939823,20,0.783,1.0,80.79244701306773,88.88459780313927,34.51578700568469,34.06327272579421,34.93686859036927,34.530305571334374,0.2914039093235734,0.8735958645750657,0.46703284554016733,1.1157035307472103,34.616792963335456,34.64642753386596,34.93686859036927,34.06327272579421,34.38816604330697
P_0045_0005,45,5,8.6265,-22.6935,24.27779735684438,25,0.783,1.0,96.04226226014116,104.34799447331396,35.28331788026246,34.822784232671495,35.71467166500668,35.278722656694,0.3038727424235987,0.8918874323351815,0.45593842402250573,1.13906440911262,35.2909322760313,35.46091355904332,35.71467166500668,34.822784232671495,35.10431155071723
P_0045_0006,45,6,8.6265,-21.9105,23.54753729161502,20,0.783,1.0,109.01243340808182,115.00533374045486,35.935457320612876,35.60646924196027,36.2502080019018,35.91990753326034,0.2112503312947966,0.6437387599415274,0.3303004686414539,0.822144010142436,35.87204424159245,36.016093036630764,36.2502080019018,35.60646924196027,35.85472314421645
P_0045_0007,45,7,8.6265,-21.127499999999998,22.82077471296713,20,0.783,1.0,119.10212650851395,124.53567191742536,36.44230845574911,36.14461229075192,36.72873605594418,36.452501425563014,0.1913972970455057,0.5841237651922597,0.3078891348110915,0.7460073629530776,36.50509887259068,36.50940035343518,36.72873605594418,36.14461229075192,36.3746595550931
P_0045_0008,45,8,8.6265,-20.3445,22.097854703567947,25,0.783,1.0,129.23080888495542,135.19878386294235,36.95070152678244,36.62470248989968,37.26370338898823,36.94844681923397,0.2135000919430023,0.6390008990885505,0.3237443293342892,0.8160931022842279,36.95445279699789,37.05848844396223,37.26370338898823,36.62470248989968,36.84088697632183
P_0045_0009,45,9,8.6265,-19.5615,21.37916706749821,20,0.783,1.0,138.37399182200684,142.90993400596972,37.409274647872685,37.1606960884514,37.65026907145096,37.39831799515366,0.1584244636827594,0.48957298299955454,0.25195107629729563,0.6252528518512829,37.36313036135215,37.45398178670314,37.65026907145096,37.1606960884514,37.36351266781065
P_0045_0010,45,10,8.6265,-18.7785,20.66515338680069,20,0.783,1.0,145.7710525641538,150.00677259398884,37.779997783372785,37.547582820634375,38.00580321634294,37.78771352624972,0.1481032285211685,0.4582203957085653,0.24013070561534278,0.5852112333442724,37.82635347977697,37.81693841205606,38.00580321634294,37.547582820634375,37.74188970243824
P_0045_0011,45,11,8.6265,-17.9955,19.956315353792142,25,0.783,1.0,153.39583205414522,158.13078430646613,38.1618640781621,37.90312209769616,38.41250301119664,38.16033727103085,0.16715638650946088,0.509380913500479,0.2572151733346857,0.6505503365267931,38.16440664917064,38.23133276555035,38.41250301119664,37.90312209769616,38.09032183154045
P_0045_0012,45,12,8.6265,-17.2125,19.25322462602044,20,0.783,1.0,160.41133771369994,164.1040720928085,38.512974031096334,38.30949623412107,38.71132202450093,38.50454587758387,0.12862685395239304,0.4018257903798599,0.2067761469170577,0.5131874717495017,38.47728058275322,38.53533131244802,38.71132202450093,38.30949623412107,38.48929923409611
P_0045_0013,45,13,8.6265,-16.429499999999997,18.55653449596664,20,0.783,1.0,166.166361002766,169.65996109450614,38.80080332880804,38.60784907160121,38.98908720999816,38.806832336182495,0.122000053105085,0.3812381383969523,0.1989832645812868,0.48689417419789566,38.836977121892346,38.817590939262914,38.98908720999816,38.60784907160121,38.78265733815783
P_0045_0014,45,14,8.6265,-15.6465,17.866993717466855,25,0.783,1.0,172.15650106909783,176.07365888667803,39.100189785083586,38.885002093229446,39.3095144950081,39.0990017771108,0.13706936922890148,0.42451240177865657,0.21399968388135449,0.5421614326675052,39.1021688460653,39.14285674429704,39.3095144950081,38.885002093229446,39.05546670695412
P_0045_0015,45,15,8.6265,-14.8635,17.18546288291357,20,0.783,1.0,177.70545824646496,180.8161454550693,39.37733774510647,39.20449486943289,39.54628050826619,39.37063324571223,0.10869094296848753,0.3417856388333007,0.1756472625539658,0.4365078401447008,39.349136558603504,39.38298022649985,39.54628050826619,39.20449486943289,39.37027406575868
P_0045_0016,45,16,8.6265,-14.080499999999999,16.512933794453364,20,0.783,1.0,182.27722868254503,185.24013553366345,39.60552160041481,39.44039871499575,39.76700450531473,39.61026375239347,0.10398744447837589,0.32660579031897896,0.1698650373977202,0.4171210604329233,39.634313686335645,39.606680323643104,39.76700450531473,39.44039871499575,39.602921531678135
P_0045_0017,45,17,8.6265,-13.2975,15.85055230898911,25,0.783,1.0,187.04580002571404,190.35347031054968,39.843360616174074,39.66017230135918,40.02193319830741,39.84236188566606,0.11529229714398333,0.3617608969482262,0.18218958430687593,0.4620190254766618,39.84502464586376,39.86487380067592,40.02193319830741,39.66017230135918,39.819805482124025
P_0045_0018,45,18,8.6265,-12.5145,15.199645143884116,20,0.783,1.0,191.46419085570432,194.13193661730165,40.06357295063168,39.91380283182309,40.21016549800396,40.058184106756336,0.09421627523179575,0.29636266618086893,0.15198139124762378,0.3784963808184788,40.04128412957488,40.05540491136486,40.21016549800396,39.91380283182309,40.070263163014886
P_0045_0019,45,19,8.6265,-11.731499999999999,14.561751079454696,20,0.783,1.0,195.09887090798225,197.6488729877101,40.244586336704174,40.10091670573428,40.38524275824727,40.2482715217331,0.09070795315470159,0.2843260525129949,0.14735481599882405,0.3631239495695976,40.26751735432845,40.23253927665076,40.38524275824727,40.10091670573428,40.25514151370476
P_0045_0020,45,20,8.6265,-10.9485,13.938656839882386,25,0.783,1.0,198.87721511603237,201.6963473413198,40.43260214036406,40.27480991872784,40.58655710427769,40.431719835457706,0.09863286823835415,0.3117471855498479,0.15690991672986598,0.3981445537035095,40.43407232324967,40.43612625177934,40.58655710427769,40.27480991872784,40.42703357925399
P_0045_0021,45,21,8.6265,-10.165499999999998,13.332437605329341,20,0.783,1.0,202.35996679995415,204.66851099477813,40.60575793503971,40.47455730892932,40.73424884900572,40.60879810547647,0.08345332416926034,0.25969154007640327,0.1342407965471466,0.33166224786258397,40.62519044327274,40.58542402310002,40.73424884900572,40.47455730892932,40.62456990307453
P_0045_0022,45,22,8.6265,-9.3825,12.74550150052951,25,0.783,1.0,205.53913328730417,208.066595166267,40.763658028824466,40.62092891914136,40.90293171460979,40.76283099133434,0.08928659990439894,0.2820027954684292,0.1419020721929769,0.360156826907317,40.76503616875653,40.75587890999958,40.90293171460979,40.62092891914136,40.76937924416444
P_0045_0023,45,23,8.6265,-8.599499999999999,12.180636375001102,20,0.783,1.0,208.4481673544176,210.54101717363025,40.907988632681665,40.78788090333518,41.02562176611599,40.904335987623234,0.077332614478981,0.23774086278081086,0.12128577849275501,0.30362817724241487,40.89375275918968,40.87981618713172,41.02562176611599,40.78788090333518,40.93460832234359
P_0045_0024,45,24,8.6265,-7.816499999999998,11.641055557809178,20,0.783,1.0,210.80235462072173,212.8059328005696,41.02465146538394,40.90912260414928,41.13779366825008,41.02684330377176,0.07515496550057457,0.2286710641008014,0.1177206996224811,0.2920447817379328,41.03956464739633,40.99309721402443,41.13779366825008,40.90912260414928,41.054638385038686
P_0045_0025,45,25,8.6265,-7.0335,11.130436851265094,25,0.783,1.0,213.19894481614014,215.35140063339344,41.14325342765956,41.01978972697384,41.26367066679734,41.14248206904871,0.07837672430495461,0.243880939823498,0.12269234207487045,0.3114699103748378,41.144538820620426,41.12018189179685,41.26367066679734,41.01978972697384,41.16422923905509
P_0045_0026,45,26,8.6265,-6.250499999999999,10.65294571937734,20,0.783,1.0,215.35071020579443,217.1653925921772,41.24956887234681,41.14370573634756,41.35321422072002,41.24677788988405,0.07061746488374834,0.2095084843724564,0.10643633083596882,0.26757149983710904,41.239435095691306,41.21055895933819,41.35321422072002,41.14370573634756,41.28697543732318
P_0045_0027,45,27,8.6265,-5.467499999999998,10.213229582262409,20,0.783,1.0,217.05114912779618,218.78639588055609,41.33342295634999,41.231615366882295,41.43307707070625,41.33483185796554,0.06905541077249701,0.20146170382395212,0.10321649108324493,0.25729464089904486,41.344242069480345,41.29114506217809,41.43307707070625,41.231615366882295,41.37407972058071
P_0045_0028,45,28,8.6265,-4.6845,9.816366053688096,25,0.783,1.0,218.73079373839042,220.54678864535623,41.41605417074486,41.3097848996012,41.5195724833016,41.415317902366496,0.07026533963494717,0.20978758370040396,0.10553300276529853,0.2679279485318058,41.41728113344465,41.37839839634466,41.5195724833016,41.3097848996012,41.45155259914037
P_0045_0029,45,29,8.6265,-3.9014999999999986,9.467745481369892,20,0.783,1.0,220.1813653822116,221.74610896708856,41.48719762391967,41.394077397957176,41.57828969196811,41.48519866410879,0.06594564782875346,0.18421229401093342,0.093091027859316,0.23526474330898264,41.48089685090895,41.43761075208619,41.57828969196811,41.394077397957176,41.53511862762355
P_0045_0030,45,30,8.6265,-3.1184999999999974,9.172870025242917,20,0.783,1.0,221.27028544572363,222.76234312463055,41.54038435870508,41.45096047128311,41.627828391341495,41.54104872994397,0.06495715252074626,0.1768679200583847,0.09008825866085601,0.22588495537469308,41.54737435045553,41.48754988437349,41.627828391341495,41.45096047128311,41.59153055226619
P_0045_0031,45,31,8.6265,-2.3354999999999997,8.937061178038338,25,0.783,1.0,222.272766030489,223.77811704886503,41.58906236568662,41.49859828308769,41.67699406308367,41.58834553815825,0.06494451339189275,0.17839577999598077,0.08974725507056291,0.22783624520559484,41.590256942222766,41.53708728555398,41.67699406308367,41.49859828308769,41.63879111684315
P_0045_0032,45,32,8.6265,-1.5524999999999984,8.765087478171568,20,0.783,1.0,223.054831314404,224.38888452542787,41.626691892100666,41.54528908562207,41.70620992241322,41.625442759818135,0.06322592742505083,0.1609208367911492,0.08076716259508743,0.20551831007809604,41.62407622749595,41.56650026077955,41.70620992241322,41.54528908562207,41.68513830277988
P_0045_0033,45,33,8.6265,-0.7695000000000007,8.660752421123698,20,0.783,1.0,223.55542971546748,224.821289435372,41.6503882693024,41.57244168905123,41.72648709099957,41.65032524578736,0.0628017888786592,0.1540454019483377,0.07788355673612557,0.19673742266709796,41.65369472852683,41.58688691549276,41.72648709099957,41.57244168905123,41.712115804866414
P_0045_0034,45,34,8.6265,0.013500000000000512,8.626510563373815,25,0.783,1.0,223.90066356806537,225.1117335317836,41.66612407442065,41.59057692784927,41.73930226803043,41.66541351461346,0.06256555331035496,0.14872534018115857,0.07483658676419225,0.18994296319432766,41.66730821436249,41.59971684345248,41.73930226803043,41.59057692784927,41.73016331937265
P_0045_0035,45,35,8.6265,0.7965000000000018,8.663193089155984,20,0.783,1.0,224.02824737268674,225.15269250967413,41.67095211519627,41.59986158708045,41.74053194182972,41.67043210906935,0.06245222068281491,0.1403339449168044,0.07057052198890545,0.17922598329093792,41.67197372995696,41.59986158708045,41.73953289560433,41.60059680070776,41.74019553199725
P_0045_0036,45,36,8.6265,1.5794999999999995,8.769910062252634,20,0.783,1.0,223.94793133359593,225.1243786588801,41.66553505828413,41.5909895253597,41.738196613477896,41.664742933742936,0.06259820242234485,0.1472070881181935,0.07375340838323297,0.18800394395682438,41.6652043044046,41.5909895253597,41.73083401194896,41.59849021352352,41.738196613477896
P_0045_0037,45,37,8.6265,2.3625000000000007,8.944154990830604,25,0.783,1.0,223.63868370690025,224.9338935442899,41.64847059472247,41.567150491366704,41.72725953306957,41.647753844934584,0.06327625808286924,0.16010904170286722,0.08060335356788073,0.2044815347418483,41.64966501921481,41.567150491366704,41.7073361963852,41.58735798463664,41.72725953306957
P_0045_0038,45,38,8.6265,3.145500000000002,9.18208432220049,20,0.783,1.0,223.1090207793542,224.44347257252133,41.620358888521935,41.53779533954497,41.70094352053536,41.620566269559575,0.06365326428095808,0.1631481809903903,0.082770930014604,0.20836293868504507,41.62506354458122,41.53779533954497,41.67835630574058,41.560672637395726,41.70094352053536
P_0045_0039,45,39,8.6265,3.9284999999999997,9.47890365495926,20,0.783,1.0,222.4403830778148,223.847520776952,41.58545477383866,41.499196392477245,41.66968582815503,41.583912944823545,0.06438144224702139,0.17048943567778707,0.08577288333148658,0.2177387428835084,41.58143937440241,41.499196392477245,41.64022662698261,41.52901650210043,41.66968582815503
P_0045_0040,45,40,8.6265,4.711500000000001,9.829279449685007,25,0.783,1.0,221.46262909121288,223.06848281719235,41.53488133941628,41.43776177657867,41.629251324668246,41.53414518711329,0.06710961998823248,0.19148954808957797,0.09638341053462085,0.2445588098206615,41.53610813012398,41.43776177657867,41.57951601543249,41.48808868876307,41.629251324668246
P_0045_0041,45,41,8.6265,5.494500000000002,10.227709054328834,20,0.783,0.35,76.98309729512593,221.2762704538687,38.99345831243158,35.463960573959696,41.53109203656334,38.084664877932696,1.9077912339049312,5.9597333688340655,3.339029064861066,7.611409155599062,37.84269261087826,37.77894461292874,35.463960573959696,41.42369394279376,37.91403264910304
P_0045_0042,45,42,8.6265,6.277500000000003,10.668810078916957,25,0.783,0.0,0.0,0.0,35.27583814107695,33.78663973139169,37.82086000735336,35.560433660851075,1.2613697819761713,3.9399205267386037,2.2073252012855704,5.031826981786211,35.403015574661424,35.347125736706914,33.82783833539804,37.767758862136645,35.456429795352335
P_0045_0043,45,43,8.6265,7.060500000000005,11.147518221559455,20,0.783,0.7,151.97438755221938,218.85994316045063,35.51826778628025,33.76003615666406,36.36665980610394,35.66829728471771,0.9870407161662363,2.600291933521646,1.9019294121354164,3.3209347809982708,36.31737186357418,36.25471370599962,35.636373175328515,33.76636787258229,36.36665980610394
P_0045_0044,45,44,8.6265,7.843499999999999,11.65920213822541,20,0.783,1.0,215.37292530717463,217.2188976012828,37.613520973469,35.54789797822508,39.53453461311278,37.91654506349323,1.0421774937120598,3.291676930646581,1.6736873810270296,4.20392966876958,37.93077846681263,37.86486260104084,39.53453461311278,36.2428576824662,38.00969195403371
P_0045_0045,45,45,8.6265,8.6265,12.199713295811504,25,0.783,1.0,213.17740171400354,215.37426433631612,39.844334691457405,37.84787799273437,41.13150921454036,39.7782326546779,1.201306919578262,3.28363122180599,1.9303546619435323,4.193654178551712,39.41315169708844,40.98448191128335,41.13150921454036,37.84787799273437,39.51414245774299
P_0045_0046,45,46,8.6265,9.409500000000001,12.765390417061283,20,0.783,1.0,210.72077325152526,212.7730793177236,40.987083162654606,40.86783973361406,41.10372986311239,40.98939582920516,0.0772526703879397,0.23589012949832977,0.12155609559109593,0.3012645332034863,41.00277891944887,40.86783973361406,41.01626221363409,40.95636841621638,41.10372986311239
P_0045_0047,45,47,8.6265,10.192500000000003,13.353035553760803,20,0.783,1.0,208.29645516281835,210.4473934719026,40.86409901617499,40.73978079301827,40.98570897401214,40.86024728641795,0.07974137017622011,0.2459281809938716,0.1254616875941892,0.3140845223421093,40.84907086088134,40.73978079301827,40.88976329899879,40.836912505179214,40.98570897401214
P_0045_0048,45,48,8.6265,10.975500000000004,13.959874730813315,25,0.783,1.0,205.28652113611588,207.895512180417,40.71154786638181,40.5629323144521,40.856328882139735,40.71066591774875,0.09283398543190986,0.2933965676876369,0.14773360329665053,0.3747082601374673,40.713017357080446,40.5629323144521,40.71512219167624,40.70592884339521,40.856328882139735
P_0045_0049,45,49,8.6265,11.758499999999998,14.583512076999833,20,0.783,1.0,201.980994585285,204.37339077927308,40.54414371711699,40.407364673383086,40.67791144484278,40.547371019900325,0.08676010000489791,0.2705467714596921,0.14000634651723942,0.3455258894759797,40.564783720367984,40.407364673383086,40.561552758793766,40.525242502114,40.67791144484278
P_0045_0050,45,50,8.6265,12.5415,15.221883079960902,20,0.783,1.0,198.76659689497976,201.2767367708373,40.38145863176936,40.23858293528639,40.52115853445514,40.37652832017926,0.09012999126101726,0.2825755991687515,0.1446302142758782,0.3608883769715856,40.36146089048691,40.23858293528639,40.39500400161768,40.36643523905019,40.52115853445514
P_0045_0051,45,51,8.6265,13.3245,15.873210214068232,25,0.783,1.0,194.82102372220882,197.9185528260581,40.18187419445489,40.00787880207543,40.35125747605417,40.180875943812474,0.10892500721039844,0.3433786739787408,0.17299714173704217,0.43854236778894096,40.18353721293943,40.00787880207543,40.16746795421159,40.19423827378176,40.35125747605417
P_0045_0052,45,52,8.6265,14.107500000000002,16.535962581597722,20,0.783,1.0,190.52527003625897,193.3305710016377,39.96467269805457,39.806455028902406,40.1192526888712,39.968956444062584,0.0995879519344122,0.31279765996879405,0.1625014151601789,0.39948615577112906,39.99117063424853,39.806455028902406,39.96893034931401,39.95897351897679,40.1192526888712
P_0045_0053,45,53,8.6265,14.890500000000003,17.208820194888435,20,0.783,1.0,186.37378196215164,189.3268632850162,39.75484266837181,39.58891084478506,39.91687741653368,39.74859754200594,0.10417899910495924,0.3279665717486182,0.16827987452774096,0.4188589677504702,39.72893564376261,39.58891084478506,39.75463850787065,39.75362529707769,39.91687741653368
P_0045_0054,45,54,8.6265,15.673500000000004,17.890642931432065,25,0.783,1.0,181.2976424420038,185.00465907859763,39.498354817311565,39.29238228622904,39.69846924638614,39.497167456349345,0.13027291711562236,0.4060869601570971,0.20478517012030295,0.5186295787446962,39.50033269956992,39.29238228622904,39.46278872863172,39.53186432092991,39.69846924638614
P_0045_0055,45,55,8.6265,16.4565,18.580443872523603,20,0.783,1.0,175.78032003289124,179.1163142388917,39.219642003672995,39.03361404553039,39.40100323879199,39.22521198295293,0.11723180966915908,0.3673891932616016,0.19159793742253584,0.4692071433736929,39.253517232509296,39.03361404553039,39.2083594804846,39.22956591744838,39.40100323879199
P_0045_0056,45,56,8.6265,17.2395,19.277366586232674,20,0.783,1.0,170.44557910579783,173.9807075991666,38.95020302267809,38.753660441287536,39.14162095880255,38.942235486235475,0.12376607121810286,0.3879605175150118,0.19938547256707295,0.4954795881417775,38.91680804438374,38.753660441287536,38.93339307504584,38.96569491165769,39.14162095880255
P_0045_0057,45,57,8.6265,18.0225,19.980665867282802,25,0.783,1.0,163.9028911034624,168.42770217479696,38.61980026534277,38.37030812540297,38.86119683923522,38.6182746250199,0.1600247918908306,0.4908887138322484,0.24796649961692907,0.6269332232851192,38.62234134895573,38.37030812540297,38.557427987965866,38.68009882353971,38.86119683923522
P_0045_0058,45,58,8.6265,18.805500000000002,20.689691454925086,20,0.783,1.0,156.75092927069025,160.82904341478553,38.25866263964515,38.03320782286937,38.4775147479757,38.26591831668319,0.14302677449177087,0.44430692510632497,0.23271049381381914,0.5674417945163792,38.30271213515215,38.03320782286937,38.227424279203774,38.28873259821495,38.4775147479757
P_0045_0059,45,59,8.6265,19.588500000000003,21.40387428714718,20,0.783,1.0,149.77415089051598,154.15248718873914,37.906388163476066,37.66478753573847,38.14041491506862,37.89589401289193,0.15326723832083616,0.47562737933014887,0.24452090217668854,0.6074423746234341,37.86254854881611,37.66478753573847,37.86749931086251,37.944219753973925,38.14041491506862
P_0045_0060,45,60,8.6265,20.371500000000005,22.122714898944935,25,0.783,1.0,141.10378561068387,146.86161940768443,37.46860353851707,37.15192254964404,37.77230610573963,37.46635167287739,0.20608625589829271,0.6203835560955895,0.3144291232333458,0.7923161635958997,37.47235174264205,37.15192254964404,37.36797755533525,37.567200411025965,37.77230610573963
P_0045_0061,45,61,8.6265,21.1545,22.84577362445842,20,0.783,1.0,131.4479208914617,136.72386041463332,36.98104464574218,36.69038859318954,37.26045311572415,36.96776943611807,0.18545330056115375,0.5700645225346079,0.29268367960607833,0.7280517529177624,36.926475591182,36.69038859318954,36.920276027094246,37.041253853400406,37.26045311572415
P_0045_0062,45,62,8.6265,21.9375,23.572662312517863,25,0.783,1.0,120.45450098496696,127.61380459963549,36.42591124822898,36.02999923740288,36.80046370009472,36.42243863023911,0.25963527076855974,0.7704644626918338,0.39243939283622353,0.9839903738082167,36.43168194531523,36.02999923740288,36.28352867470352,36.566519593679175,36.80046370009472
P_0045_0063,45,63,8.6265,22.7205,24.303037310179977,20,0.783,1.0,107.81182974964447,114.60431748537732,35.787448146662854,35.41068251225295,36.14352000496928,35.7998684733289,0.24212362858105121,0.7328374927163352,0.3891859610759525,0.9359354951677333,35.8692506679983,35.41068251225295,35.69187450380036,35.88401467762361,36.14352000496928
P_0045_0064,45,64,8.6265,23.503500000000003,25.036593508303003,20,0.783,1.0,94.50415907242665,102.43870397675842,35.11538447886124,34.67037297465288,35.529135009701065,35.09282462085118,0.28414668780497515,0.858762035048187,0.4363103888498827,1.096758665451069,35.03087163462686,34.67037297465288,34.994663208720795,35.23908027655432,35.529135009701065
P_0045_0065,45,65,8.6265,24.286500000000004,25.773059277082343,25,0.783,1.0,75.62861377094524,87.95626984146998,34.16245237355733,33.430377836694504,34.79773631266994,34.1483087408439,0.47165401253091765,1.3673584759754362,0.717930904149398,1.7463071212968533,34.18531975208606,33.430377836694504,33.869741390477145,34.45836841229186,34.79773631266994
P_0045_0066,45,66,8.6265,25.069500000000005,26.512192148141963,20,0.783,1.0,47.444392224013384,63.948657973260914,32.74623381336109,31.54418943688381,33.585973213702744,32.74146849260477,0.6965127524544211,2.041783776818935,1.1972790557209585,2.6076421159884227,33.01208196653994,31.54418943688381,32.46444685234587,33.10065099355148,33.585973213702744
P_0046_0002,46,2,9.409500000000001,-25.0425,26.751925098953162,16,0.783,0.9375,26.636134627891117,44.61409744512692,31.786079172220454,30.70917771041354,32.67107546723116,31.635985198839318,0.7651927453801993,1.9618977568176206,1.0350902683918441,2.5056165476597965,31.713880561817348,32.240684370877545,32.67107546723116,30.845107883857,30.70917771041354
P_0046_0003,46,3,9.409500000000001,-24.2595,26.020415648102166,16,0.783,1.0,55.51165270527219,66.06265603016826,33.21068703110049,32.598252584596366,33.75314179204088,33.18647247241955,0.3949889874268632,1.154889207444512,0.5882198878231861,1.4749542879240256,33.149806190746745,33.45002249956872,33.75314179204088,32.598252584596366,32.981139295145056
P_0046_0004,46,4,9.409500000000001,-23.4765,25.291989690413843,16,0.783,1.0,74.02754631939807,82.23630532194555,34.144238128606986,33.68806201291562,34.568026262093554,34.16885560377331,0.30543832614686234,0.8799642491779309,0.4807935908576866,1.1238368444162592,34.29639184707236,34.31713512231022,34.568026262093554,33.68806201291562,33.97466277447478
P_0046_0005,46,5,9.409500000000001,-22.6935,24.566921510437567,20,0.783,1.0,90.29763034222732,98.63072125756838,34.96352493787212,34.504977587007374,35.39306967358215,34.966424068121874,0.3129541476271093,0.8880920865747726,0.4614464811144998,1.1342172242334259,35.0090994160376,35.177997824770046,35.39306967358215,34.504977587007374,34.74697583921221
P_0046_0006,46,6,9.409500000000001,-21.9105,23.84551740893873,16,0.783,1.0,103.91495322136923,109.78416528925968,35.64850606290299,35.33032322195123,35.95378928727439,35.639462801771835,0.20910665934795297,0.6234660653231572,0.31432648550255493,0.7962529569899836,35.61587901057726,35.75713736566286,35.95378928727439,35.33032322195123,35.54018512339343
P_0046_0007,46,7,9.409500000000001,-21.127499999999998,23.128120254357032,16,0.783,1.0,114.40801720653192,119.68673448990684,36.175835481169884,35.89055179240023,36.451219331810535,36.19294991505751,0.19075917143737667,0.5606675394103036,0.30239812265728006,0.7160504973311668,36.27140192373656,36.2681295572454,36.451219331810535,35.89055179240023,36.083446970094826
P_0046_0008,46,8,9.409500000000001,-20.3445,22.41511477775655,20,0.783,1.0,124.87789708841069,130.70469995650762,36.701556790945915,36.387167575449325,37.004213213724256,36.705351204535894,0.21304221929458134,0.6170456382749308,0.31818362908656894,0.7880531778734747,36.73411040174648,36.833869025522176,37.004213213724256,36.387167575449325,36.56739580623724
P_0046_0009,46,9,9.409500000000001,-19.5615,21.706933742470397,16,0.783,1.0,134.28803446321535,138.63981080772567,37.17369247316612,36.93888273091983,37.40216044588016,37.16827258486455,0.1525777476542299,0.4632777149603342,0.2338878610156101,0.5916701340489581,37.15346166225345,37.23977686562415,37.40216044588016,36.93888273091983,37.10708121964518
P_0046_0010,46,10,9.409500000000001,-18.7785,21.004065142252824,16,0.783,1.0,141.87623354432233,145.92262206913952,37.5541297569724,37.33567696086118,37.767148689715725,37.56756921997827,0.14434523993655554,0.43147172885454665,0.23189225911708888,0.5510494621386292,37.62738591712042,37.61133025225882,37.767148689715725,37.33567696086118,37.4963042799352
P_0046_0011,46,11,9.409500000000001,-17.9955,20.30706060708935,20,0.783,1.0,149.67864718818632,154.23920289190875,37.94502689746065,37.69943506167312,38.18364137563424,37.9487798945817,0.1638772026837626,0.484206313961117,0.24934483290857656,0.6183988684050026,37.972455262607184,38.034580670690616,38.18364137563424,37.69943506167312,37.85378710230333
P_0046_0012,46,12,9.409500000000001,-17.2125,19.616545223356734,16,0.783,1.0,156.84331619445192,160.34198882954416,38.30372271791156,38.11431207795431,38.48904815164184,38.30027083893866,0.12141347663312886,0.37473607368752937,0.18877731270318066,0.47859013242340914,38.291306816444944,38.344510246875984,38.48904815164184,38.11431207795431,38.26217690177623
P_0046_0013,46,13,9.409500000000001,-16.429499999999997,18.933229003527106,16,0.783,1.0,162.7111336100965,166.01016219925077,38.59729009662078,38.4183787115403,38.77252709194892,38.60840484254336,0.11675266452711387,0.35414838040862406,0.19002613100305865,0.4522967821310652,38.65733397185068,38.63189750004818,38.77252709194892,38.4183787115403,38.56188693732872
P_0046_0014,46,14,9.409500000000001,-15.6465,18.257920267653706,20,0.783,1.0,168.81055042574604,172.54464994615446,38.902237366637074,38.700483246543456,39.09910290072929,38.90586582691007,0.13228689969375276,0.3986196541858362,0.20538258036661716,0.5090927895093693,38.926860574063824,38.96266462614125,39.09910290072929,38.700483246543456,38.84021778707256
P_0046_0015,46,15,9.409500000000001,-14.8635,17.591541220143277,16,0.783,1.0,174.4543722937447,177.3708962769377,39.18421415472136,39.02529961213685,39.34013382408324,39.18212828488474,0.10062511712881805,0.3148342119463905,0.15800553919849847,0.40208711615120113,39.17763501352931,39.20659437209713,39.34013382408324,39.02529961213685,39.16097860257719
P_0046_0016,46,16,9.409500000000001,-14.080499999999999,16.93514601354237,16,0.783,1.0,179.09981607607938,181.86909216773927,39.41614920835909,39.264892985042025,39.564637249361,39.425581480970024,0.09768128028074316,0.2997442643189743,0.1606884959279995,0.3828151523869403,39.46695387632235,39.433661031454335,39.564637249361,39.264892985042025,39.397762262670426
P_0046_0017,46,17,9.409500000000001,-13.2975,16.28994157448086,20,0.783,1.0,183.94125431241943,187.06378578022915,39.65769936413245,39.48793370230135,39.8237108806876,39.6612125579321,0.10938391832045222,0.33577717838625176,0.1732788556307554,0.42883419972701375,39.68056272217473,39.69553987169968,39.8237108806876,39.48793370230135,39.618315612797176
P_0046_0018,46,18,9.409500000000001,-12.5145,15.657311407135007,16,0.783,1.0,188.4239398167382,190.89950976997432,39.88118710571282,39.74514427717333,40.01486104445576,39.88017457131199,0.08544074712433553,0.2697167672824321,0.13503029413865875,0.344465858598253,39.879405065469314,39.88866118035406,40.01486104445576,39.74514427717333,39.872801289107485
P_0046_0019,46,19,9.409500000000001,-11.731499999999999,15.038842458779865,16,0.783,1.0,192.10917462094193,194.46766235227992,40.06477659005611,39.93477611270242,40.19254892387522,40.07288721806361,0.0834704309224347,0.25777281117279927,0.1381111053611903,0.3292117639499352,40.10848386474197,40.06811014775576,40.19254892387522,39.93477611270242,40.06051704124269
P_0046_0020,46,20,9.409500000000001,-10.9485,14.436354889652721,20,0.783,1.0,195.93794735247997,198.57169424939977,40.255362689569395,40.11092024484856,40.39674690069887,40.25878281059753,0.09169335309461994,0.28582665585031464,0.14786256574897294,0.3650404289276049,40.27704755804518,40.27425073383017,40.39674690069887,40.11092024484856,40.23494861556486
P_0046_0021,46,21,9.409500000000001,-10.165499999999998,13.85193417902352,16,0.783,1.0,199.4654256068815,201.5838099961531,40.43079869654627,40.31315136473745,40.54647613347152,40.438130523396104,0.0755913012914083,0.2333247687340716,0.12497915865865394,0.2979882103883417,40.47038386010422,40.42535091034449,40.54647613347152,40.31315136473745,40.43529034832284
P_0046_0022,46,22,9.409500000000001,-9.3825,13.28796434748378,20,0.783,1.0,202.68386976267738,205.0259590675936,40.59070171393072,40.46127584352092,40.71740678953677,40.59407038212795,0.0816308936121252,0.2561309460158441,0.13279453860702972,0.3271148735834535,40.611795239832986,40.59779243480784,40.71740678953677,40.46127584352092,40.58208160294123
P_0046_0023,46,23,9.409500000000001,-8.599499999999999,12.747160095487937,16,0.783,1.0,205.62764901164633,207.5313847991,40.73680451948752,40.63015899017404,40.84167877924335,40.73727419427255,0.06744628252989214,0.2115197890693139,0.1071152040985126,0.27014021592504966,40.74191036733566,40.723126713215095,40.84167877924335,40.63015899017404,40.7494961213946
P_0046_0024,46,24,9.409500000000001,-7.816499999999998,12.232594266957438,16,0.783,1.0,208.0090569925066,209.8238624633519,40.854856080169796,40.75275758049281,40.95525729521336,40.86119677735962,0.0664012660486804,0.2024997147205454,0.10843919686681147,0.25862032531359563,40.88925689027883,40.83764918346316,40.95525729521336,40.75275758049281,40.87106293734996
P_0046_0025,46,25,9.409500000000001,-7.0335,11.74771520339168,20,0.783,1.0,210.4325086445643,212.39933136141468,40.9748287613868,40.864629174957656,41.08266576050568,40.97814011828967,0.06966385017179137,0.2180365855480204,0.11351094333201672,0.278463072219694,40.99530225998444,40.96608468794256,41.08266576050568,40.864629174957656,40.98201870805804
P_0046_0026,46,26,9.409500000000001,-6.250499999999999,11.2963463341029,16,0.783,1.0,212.60765536919405,214.2340223494104,41.082337630664085,40.98985347054224,41.17326622430352,41.08358055043243,0.060141564183460935,0.18341275376127442,0.09372707989018636,0.23424361910763014,41.09114122586465,41.05739350624265,41.17326622430352,40.98985347054224,41.10624832520909
P_0046_0027,46,27,9.409500000000001,-5.467499999999998,10.882658062256665,16,0.783,1.0,214.32599328571507,215.87298158313817,41.16710555427602,41.07866325761421,41.25404617456456,41.172565837519265,0.05944455071578194,0.17538291695034758,0.09390257990505546,0.2239883996811591,41.19695819486964,41.13878775692638,41.25404617456456,41.07866325761421,41.194373803621545
P_0046_0028,46,28,9.409500000000001,-4.6845,10.511100346776262,20,0.783,1.0,216.02273441829774,217.65218253088625,41.25060988506294,41.15761111531714,41.34150251766283,41.25388198113293,0.060516966918057434,0.18389140234569368,0.09627086581578936,0.23485491998172883,41.270678702759255,41.22688754277755,41.34150251766283,41.15761111531714,41.27273002714787
P_0046_0029,46,29,9.409500000000001,-3.9014999999999986,10.186284528718016,16,0.783,1.0,217.48752077744751,218.8637844663193,41.3224795435395,41.24271489051404,41.40084746470836,41.32446030085729,0.055005600620889286,0.15813257419432603,0.08174541034325244,0.20195731059300898,41.33486933771837,41.28665271260837,41.40084746470836,41.24271489051404,41.357217098737294
P_0046_0030,46,30,9.409500000000001,-3.1184999999999974,9.912806489587094,16,0.783,1.0,218.58662854231594,219.88994568714003,41.376186998606244,41.30012394740231,41.450893803831605,41.38084104408055,0.054589878600788976,0.1507698564292923,0.08071709667823512,0.19255409505656743,41.40192234229573,41.33703879640308,41.450893803831605,41.30012394740231,41.41422633047
P_0046_0031,46,31,9.409500000000001,-2.3354999999999997,9.69501162969906,20,0.783,1.0,219.59792313769557,220.91492878194416,41.425315827028626,41.34818280718497,41.500530821690745,41.428565005207226,0.054331517496251334,0.15234801450577606,0.08038219802225655,0.19456962261274083,41.44515516766273,41.3869910928035,41.500530821690745,41.34818280718497,41.461965136694175
P_0046_0032,46,32,9.409500000000001,-1.5524999999999984,9.536715708250929,16,0.783,1.0,220.38623060641194,221.5305698169851,41.46326499475356,41.39525708148926,41.529996535977205,41.46597100913359,0.052039469412452764,0.1347394544879421,0.07071392764432716,0.17208104021448545,41.47922955476957,41.41662384927304,41.529996535977205,41.39525708148926,41.50874802415888
P_0046_0033,46,33,9.409500000000001,-0.7695000000000007,9.44091205869433,16,0.783,1.0,220.8901387836628,221.9656709541292,41.48713129662356,41.42260493030642,41.55041246611739,41.49102668553352,0.05187482004275159,0.12780753581097315,0.06842175522709937,0.16322801508425688,41.50903591650922,41.437132643027496,41.55041246611739,41.42260493030642,41.53594747170706
P_0046_0034,46,34,9.409500000000001,0.013500000000000512,9.409509684356568,20,0.783,1.0,221.2366104709112,222.25645151390336,41.502931491922325,41.44083803105485,41.563246296900445,41.506173117107195,0.051486664875956545,0.12240826584559272,0.06533508605234317,0.15633239571595495,41.52269608247548,41.4499790156155,41.563246296900445,41.44083803105485,41.55410615948972
P_0046_0035,46,35,9.409500000000001,0.7965000000000018,9.44315108954633,16,0.783,1.0,221.36295644088204,222.29599650272084,41.50769765983061,41.45002803671866,41.56443531637888,41.51113595740545,0.05131645727660618,0.11409464735231722,0.061107920686787054,0.1457147475763949,41.52731682019965,41.45002803671866,41.56336811424126,41.45084413179672,41.56412268407098
P_0046_0036,46,36,9.409500000000001,1.5794999999999995,9.541148279950377,16,0.783,1.0,221.2793306256039,222.2660639504373,41.50211291901818,41.44096265322361,41.56198738657389,41.50527587773657,0.05139691332458614,0.12102473335028208,0.06431322451296495,0.15456543212041132,41.52036208741055,41.44096265322361,41.55444971934514,41.44861754212968,41.56198738657389
P_0046_0037,46,37,9.409500000000001,2.3625000000000007,9.701551241940644,20,0.783,1.0,220.96384081410685,222.07070527736903,41.484731319642,41.41674269962226,41.55080288779675,41.48798039555724,0.05230305191488002,0.1340601881744874,0.07123769593497542,0.17121352257278083,41.50456975263734,41.41674269962226,41.53051925684281,41.43726738088702,41.55080288779675
P_0046_0038,46,38,9.409500000000001,3.145500000000002,9.921333604914212,16,0.783,1.0,220.42536387594646,221.57107513503075,41.4561713409703,41.3869687070424,41.52401858101621,41.460368122404475,0.05288758075180292,0.1370498739738082,0.07339941536207562,0.17503176752721353,41.47961997942196,41.3869687070424,41.50106356092431,41.41016978361751,41.52401858101621
P_0046_0039,46,39,9.409500000000001,3.9284999999999997,10.196656437283744,16,0.783,1.0,219.74653847305072,220.96519627618272,41.420748818898836,41.34784600457005,41.492255690016805,41.42318646677846,0.053225898260766534,0.14440968544675314,0.07534046220840906,0.18443127132407808,41.43542277951809,41.34784600457005,41.46233895084896,41.37806890893842,41.492255690016805
P_0046_0040,46,40,9.409500000000001,4.711500000000001,10.523161240805923,20,0.783,1.0,218.7545697711202,220.1738767027224,41.36945184274082,41.28560272907157,41.45119585057216,41.37272367643868,0.056778314777761255,0.16559312150059213,0.08712094736711151,0.21148546807227603,41.38951877791612,41.28560272907157,41.40071050916697,41.33659051546658,41.45119585057216
P_0046_0041,46,41,9.409500000000001,5.494500000000002,10.896248001032284,16,0.783,0.9375,203.9041330810552,218.9200287074401,41.082217955179104,37.75176773602544,41.386598776063806,40.59067700037125,1.420461915888137,3.634831040038364,2.8389092643458085,4.642185236319749,41.31872081381516,41.224945826830094,37.75176773602544,41.27135184912174,41.386598776063806
P_0046_0042,46,42,9.409500000000001,6.277500000000003,11.311308346075625,20,0.783,0.05,10.78927050923197,215.7854101846394,36.90875742431673,35.26588786593828,41.208249271134434,37.446218718314846,2.1698980602868043,5.942361405196152,3.7620305528195885,7.589222739714115,37.68913649629837,35.26588786593828,35.32727251576415,41.208249271134434,37.74054744243898
P_0046_0043,46,43,9.409500000000001,7.060500000000005,11.763900309846225,16,0.783,0.125,26.794357065808178,214.6723453781342,34.420689917266216,33.68790940074393,36.23413049280305,34.53238098622959,1.0377709027139317,2.5462210920591133,1.7017495065734565,3.2518787893475265,33.73109021146638,33.68790940074393,36.23413049280305,35.256758466732094,33.75201635940249
P_0046_0044,46,44,9.409500000000001,7.843499999999999,12.249864591088345,16,0.783,1.0,212.57962767895958,214.2368272640651,36.668535848701524,36.1200800929866,38.48600257259324,36.50326159821693,0.6688899516848557,1.7193464401081542,1.3361649348778215,2.1958447510959824,36.17635812193748,36.1200800929866,37.83942653309475,36.15820520879692,36.22223803426891
P_0046_0045,46,45,9.409500000000001,8.6265,12.765390417061283,20,0.783,1.0,210.35317063118137,212.3646319617859,39.22222938861944,38.36841170586382,40.82642324795955,39.52516262937287,0.9335868573243198,2.4186949847685923,1.3012606185866815,3.0890101976610373,39.95479818406233,40.82642324795955,39.94066054566042,38.40772826319096,38.49620290599108
P_0046_0046,46,46,9.409500000000001,9.409500000000001,13.30704251514964,16,0.783,1.0,207.86146435649817,209.72411992466712,40.81395233892985,40.70821739607641,40.91781325533378,40.82050623632082,0.0685616046613774,0.20959585925737656,0.11228884024441044,0.2676830897284503,40.84956557020075,40.70821739607641,40.82899963228402,40.797935327709126,40.91781325533378
P_0046_0047,46,47,9.409500000000001,10.192500000000003,13.87176075702,16,0.783,1.0,205.4019139697457,207.36269247327755,40.68917465049,40.5784084303117,40.79797202881736,40.689529882681995,0.06986793762997513,0.21956359850566542,0.11112145237029836,0.2804132803392917,40.69387601854408,40.5784084303117,40.70052205983177,40.67687087590508,40.79797202881736
P_0046_0048,46,48,9.409500000000001,10.975500000000004,14.456842341950061,20,0.783,1.0,202.34725337256347,204.7708590884969,40.53434679673782,40.39907965827842,40.66655785607941,40.5377663406782,0.0853350347917822,0.26747819780099036,0.13868668239978632,0.3416068937432827,40.55602677193059,40.39907965827842,40.52307993952218,40.54408747758043,40.66655785607941
P_0046_0049,46,49,9.409500000000001,11.758499999999998,15.05991409338048,16,0.783,1.0,198.9912982982447,201.1921801438429,40.36437607526864,40.2412647817344,40.485261227411286,40.37202774272511,0.07900746797288868,0.24399644567688483,0.13076296099070817,0.3116174274289717,40.405786864208665,40.2412647817344,40.36697453584816,40.36085130442302,40.485261227411286
P_0046_0050,46,50,9.409500000000001,12.5415,15.678900232478043,16,0.783,1.0,195.7263458560136,198.04430992351,40.19911864314786,40.0699686795063,40.325901046750914,40.19856357835895,0.08093813955370208,0.2559323672446112,0.12859489885264708,0.326861260848801,40.19962277598631,40.0699686795063,40.19759223764572,40.19973315190549,40.325901046750914
P_0046_0051,46,51,9.409500000000001,13.3245,16.311989164415234,20,0.783,1.0,191.71647800891415,194.62886829573756,39.996263203374134,39.8356889892753,40.153086354133904,39.99977569594688,0.10254271166343468,0.31739736485860703,0.16408670667158276,0.40536061923193745,40.01912008415354,39.8356889892753,39.96603376158731,40.024949290584345,40.153086354133904
P_0046_0052,46,52,9.409500000000001,14.107500000000002,16.957601437113684,16,0.783,1.0,187.34785742979335,189.9595276357136,39.77535545492878,39.63100309857953,39.91694226311057,39.7843278234404,0.09282312668647903,0.28593916453104384,0.15332472486087312,0.36518411817502405,39.82385849401874,39.63100309857953,39.76383101703607,39.786004244457104,39.91694226311057
P_0046_0053,46,53,9.409500000000001,14.890500000000003,17.614360065015138,16,0.783,1.0,183.12269600943137,185.88161410688463,39.56177932658606,39.40977335351892,39.71079206914794,39.56015134612021,0.09573347951772435,0.30101871562902005,0.15064072302773468,0.3844428041239081,39.55748807014061,39.40977335351892,39.54540870414883,39.57729453364476,39.71079206914794
P_0046_0054,46,54,9.409500000000001,15.673500000000004,18.2810637682822,20,0.783,1.0,177.951691798652,181.47565013807412,39.30046878473998,39.10792938397748,39.488124793949055,39.304096253488204,0.12509821293463402,0.3801954099715772,0.19616686951072637,0.48556246484237187,39.325082819253566,39.10792938397748,39.247613089757465,39.35173118050346,39.488124793949055
P_0046_0055,46,55,9.409500000000001,16.4565,18.956663274426752,16,0.783,1.0,172.32509264022175,175.46651534363625,39.01620275983942,38.844215597419065,39.18451756005368,39.0268562709951,0.11158754106201947,0.3403019626346122,0.18264067357603153,0.43461297909912155,39.07393846982228,38.844215597419065,38.98766949248306,39.0439402351974,39.18451756005368
P_0046_0056,46,56,9.409500000000001,17.2395,19.640240591703552,16,0.783,1.0,166.8775575865498,170.2186243359023,38.74103331013204,38.55855735241914,38.91942956174785,38.738040126464,0.11621778286768243,0.36087220932870423,0.18138943528384743,0.46088404767395175,38.73090685263645,38.55855735241914,38.70635963210208,38.77494723341448,38.91942956174785
P_0046_0057,46,57,9.409500000000001,18.0225,20.3309910358546,20,0.783,1.0,160.18570623750344,164.5361207602396,38.40305580139244,38.1667139564579,38.63242620709877,38.4068075567277,0.1564247400544139,0.46571225064086974,0.24009360026980175,0.5947793750202679,38.43047173617947,38.1667139564579,38.320995425796525,38.48343045810583,38.63242620709877
P_0046_0058,46,58,9.409500000000001,18.805500000000002,21.02820773389877,16,0.783,1.0,152.85611025085876,156.7448928899362,38.0329011562022,37.82141091147241,38.23896546701178,38.045877432035454,0.13893025735244413,0.41755455553936827,0.22446652056304117,0.5332752944308662,38.103835443339904,37.82141091147241,37.98195414635165,38.08322119200153,38.23896546701178
P_0046_0059,46,59,9.409500000000001,19.588500000000003,21.731268313193322,16,0.783,1.0,145.68819353172455,149.8823639904951,37.67092906519349,37.4431011699283,37.89242595703121,37.6659694069494,0.14713060325390928,0.4493247871029098,0.22645655008180654,0.5738503028134224,37.65299098433559,37.4431011699283,37.61120134126799,37.73012758218391,37.89242595703121
P_0046_0060,46,60,9.409500000000001,20.371500000000005,22.43962349283072,20,0.783,1.0,136.7508738141392,142.36753550124973,37.219608505668305,36.91454986179798,37.51295426143082,37.22340230414336,0.20536210017849355,0.598404399632841,0.30885244234538334,0.7642457211147394,37.25214059477702,36.91454986179798,37.09465242054563,37.34271438216536,37.51295426143082
P_0046_0061,46,61,9.409500000000001,21.1545,23.1527873160015,16,0.783,1.0,126.75381158947965,131.8749229871148,36.71476162464011,36.43653594765158,36.98310993595726,36.70762667802935,0.1813433925665817,0.5465739883056813,0.2754832579279096,0.6980510706330539,36.68906114663241,36.43653594765158,36.62927078805217,36.80015557185334,36.98310993595726
P_0046_0062,46,62,9.409500000000001,21.9375,23.870328789105525,20,0.783,1.0,115.29387354481496,122.39263614844032,36.136016369355865,35.74739962983102,36.50426412752808,36.13948307547181,0.2637643272828093,0.7568644976970589,0.392083445640786,0.9666213252836001,36.17574259463805,35.74739962983102,35.962220558462946,36.30778846689896,36.50426412752808
P_0046_0063,46,63,9.409500000000001,22.7205,24.59186472189533,16,0.783,1.0,101.98434396572955,108.73531255721856,35.46385346379795,35.09337722341428,35.81454253053312,35.48493303292274,0.24775488235171583,0.721165307118838,0.3915558095084606,0.9210284892960894,35.58774203661682,35.09337722341428,35.334984381733534,35.594018992315966,35.81454253053312
P_0046_0064,46,64,9.409500000000001,23.503500000000003,25.31705359041609,16,0.783,1.0,87.739258378757,95.7904114955647,34.74454360498797,34.296144853124815,35.16080416736537,34.72946684479234,0.29301780394912147,0.864659314240555,0.43332199166752616,1.104290311929189,34.69805755552301,34.296144853124815,34.58194870413348,34.91037894381503,35.16080416736537
P_0046_0065,46,65,9.409500000000001,24.286500000000004,26.04559026975584,20,0.783,1.0,66.72412540351564,80.03704456576011,33.68462230719978,32.87867944187849,34.36541966488079,33.67712438694154,0.5306326940066821,1.4867402230023004,0.7984449450630535,1.8987742311651346,33.77290964323936,32.87867944187849,33.305286423801135,34.063326760907955,34.36541966488079
P_0046_0066,46,66,9.409500000000001,25.069500000000005,26.777201506132048,12,0.783,1.0,36.39733233341078,52.12447361980013,32.17837887545482,31.07326766568218,32.959353153915515,32.056701489880865,0.6985864732615912,1.8860854882333342,0.9834338241986842,2.4087937269902095,32.364899482630165,31.42465574612055,31.07326766568218,32.46133140105593,32.959353153915515
P_0047_0003,47,3,10.192500000000003,-24.2595,26.313692186768467,16,0.783,1.0,46.03005248794927,58.41550130498372,32.70509467512935,31.952586026488405,33.340084010567466,32.64481182026476,0.4755047819617589,1.3874979840790616,0.6952721903027026,1.772028076729325,32.499758926240304,32.97736884497027,33.340084010567466,31.952586026488405,32.45426129305736
P_0047_0004,47,4,10.192500000000003,-23.4765,25.59361460403747,16,0.783,1.0,66.93472968804426,76.02560425549247,33.759322244486384,33.24694182907473,34.22781143134813,33.76579361607006,0.33163527061685133,0.9808696022734011,0.5188517869953344,1.2527070271690945,33.82911619471776,33.94032912741301,34.22781143134813,33.24694182907473,33.584769497796685
P_0047_0005,47,5,10.192500000000003,-22.6935,24.877339055855632,20,0.783,1.0,84.42912621788672,93.3931331136212,34.640704278452084,34.14348337334195,35.10222096571812,34.62666979567409,0.33413223821712273,0.958737592376167,0.48318642233213893,1.2244413695736487,34.60714283281527,34.8614448608721,35.10222096571812,34.14348337334195,34.419056945623026
P_0047_0006,47,6,10.192500000000003,-21.9105,24.16520363042695,16,0.783,1.0,98.7789227575501,105.04381666078363,35.362849422058105,35.02224458895728,35.68817546185437,35.33846751556829,0.22508728827409563,0.6659308728970927,0.34970794628608104,0.8504864277102078,35.25517310217748,35.470260945577934,35.68817546185437,35.02224458895728,35.25648347927438
P_0047_0007,47,7,10.192500000000003,-21.127499999999998,23.45758539364186,16,0.783,1.0,109.71376219119486,115.31125197712927,35.91260162224367,35.60963476237447,36.20412855969772,35.91699546361423,0.1969312197150747,0.5944937973232527,0.3073607012397588,0.7592513375775897,35.94561447594066,36.00263086609925,36.20412855969772,35.60963476237447,35.82296865395904
P_0047_0008,47,8,10.192500000000003,-20.3445,22.75490576776797,20,0.783,1.0,120.5499085714717,126.67121388873774,36.45691949865383,36.12613302025847,36.77449066221391,36.448318298320395,0.22160002012783944,0.6483576419554353,0.32617236389351234,0.8280429654603261,36.42862175994429,36.58813842377356,36.77449066221391,36.12613302025847,36.32420762541176
P_0047_0009,47,9,10.192500000000003,-19.5615,22.057636738780516,16,0.783,1.0,130.2425681054492,134.81950068723086,36.94340454891345,36.69645173073923,37.18326781033568,36.92604525512744,0.1620223126951219,0.48681607959645135,0.2572225552082372,0.6217319024220324,36.86397841135823,37.00624925956453,37.18326781033568,36.69645173073923,36.880279063639534
P_0047_0010,47,10,10.192500000000003,-18.7785,21.366308022211047,16,0.783,1.0,138.03092069700767,142.27787612332483,37.33401098341267,37.10482764071787,37.557177874354295,37.33667293721712,0.14731907014673198,0.4523502336364231,0.23184529649925167,0.5777142192036056,37.3537702020551,37.387789789314525,37.557177874354295,37.10482764071787,37.27979917964382
P_0047_0011,47,11,10.192500000000003,-17.9955,20.681515333746706,20,0.783,1.0,146.01788518806615,150.77494362084303,37.73428744293859,37.47811631163916,37.98284550416184,37.72743493541346,0.16922959570149892,0.5047291925226745,0.2554105687483741,0.6446094412805549,37.70915246731926,37.82125246453086,37.98284550416184,37.47811631163916,37.64580792941621
P_0047_0012,47,12,10.192500000000003,-17.2125,20.003929926391965,16,0.783,1.0,153.3365523278707,156.99839560517023,38.10081216814052,37.90278422760616,38.29438821651149,38.08697877226736,0.12856633084366673,0.3916039889053309,0.207409444244135,0.5001328083082132,38.03673712037727,38.13798050016936,38.29438821651149,37.90278422760616,38.06300379667249
P_0047_0013,47,13,10.192500000000003,-16.429499999999997,19.334309568743333,16,0.783,1.0,159.32022351234514,162.77075654355502,38.40027099990591,38.213392816367104,38.58316659235157,38.40167307110776,0.11871017797474255,0.3697737759844628,0.18828025474065413,0.4722525874641926,38.411962316554366,38.43122019231487,38.58316659235157,38.213392816367104,38.36862343795087
P_0047_0014,47,14,10.192500000000003,-15.6465,18.673511145470208,20,0.783,1.0,165.53141809725682,169.41688732674567,38.71090402434944,38.50114337717042,38.91542270238631,38.70492728991913,0.1363330344385862,0.41427932521588673,0.21049541246718206,0.5290923693689485,38.68775842739757,38.76824138933836,38.91542270238631,38.50114337717042,38.65207055330296
P_0047_0015,47,15,10.192500000000003,-14.8635,18.022505056179067,16,0.783,1.0,171.27193850834806,174.32029432995114,38.99780086589597,38.83200697243433,39.160380617984686,38.98624368245707,0.10665140523558032,0.3283736455503572,0.17413693552761345,0.4193788576632914,38.94401995754538,39.0164837431671,39.160380617984686,38.83200697243433,38.97832712115388
P_0047_0016,47,16,10.192500000000003,-14.080499999999999,17.382391564453954,16,0.783,1.0,175.99225768869366,178.88667993234233,39.23354660450916,39.07577791967276,39.38835531813851,39.23393898386843,0.0992911074691665,0.3125773984657485,0.15816106419566722,0.3992048511695383,39.23928970143476,39.24735523437971,39.38835531813851,39.07577791967276,39.2189167457164
P_0047_0017,47,17,10.192500000000003,-13.2975,16.754419193156174,20,0.783,1.0,180.90756810865642,184.15595825778587,39.47885732265002,39.30250896715057,39.65122674719368,39.47340282082301,0.11280650670563104,0.3487177800431098,0.1778239263706709,0.4453611494803446,39.45705083163279,39.51338918095951,39.65122674719368,39.30250896715057,39.44283837717853
P_0047_0018,47,18,10.192500000000003,-12.5145,16.140005157991745,16,0.783,1.0,185.45529541793084,188.04406368232088,39.70565690650179,39.56375393780212,39.84504482170644,39.69576454894157,0.0908123457879644,0.2812908839043189,0.14928027276486944,0.35924761673603944,39.65958633575366,39.70942475368287,39.84504482170644,39.56375393780212,39.70101289576274
P_0047_0019,47,19,10.192500000000003,-11.731499999999999,15.540757655275371,16,0.783,1.0,189.191576922146,191.65899631236147,39.891846238213844,39.75621757518053,40.02511585836385,39.89137095234766,0.0850364432487365,0.26889828318331865,0.1351533771671285,0.3434205404640085,39.8927256394922,39.89147378313885,40.02511585836385,39.75621757518053,39.89132190556285
P_0047_0020,47,20,10.192500000000003,-10.9485,14.958499540395088,20,0.783,1.0,193.0711875900082,195.8146069483684,40.085022138008355,39.93488929701533,40.23194206437631,40.079906245417604,0.09482229254271966,0.29705276736098085,0.15203581895870855,0.3793777360932067,40.06415061266449,40.10047840346209,40.23194206437631,39.93488929701533,40.06807084956978
P_0047_0021,47,21,10.192500000000003,-10.165499999999998,14.395292511790096,16,0.783,1.0,196.64369238536557,198.8631081096081,40.26275240734492,40.13990519134774,40.38352577414264,40.26172776302569,0.07723752009159707,0.24362058279490384,0.12182257167795285,0.3111373982054966,40.26064181572088,40.253597334146775,40.38352577414264,40.13990519134774,40.27096869977044
P_0047_0022,47,22,10.192500000000003,-9.3825,13.853460307807579,20,0.783,1.0,199.90162585495142,202.34534139919523,40.424668016458725,40.28999239844302,40.556499893758826,40.41971879649357,0.08467520970013594,0.26650749531580686,0.13678109726525634,0.3403671715399832,40.404276992161954,40.42826135361719,40.556499893758826,40.28999239844302,40.419563344486846
P_0047_0023,47,23,10.192500000000003,-8.599499999999999,13.335608591286714,16,0.783,1.0,202.88030065797992,204.87894106852892,40.572549672504074,40.46103545923063,40.68220850640796,40.56474829675941,0.07216178514548846,0.22117304717733077,0.11746020964854864,0.2824687703414186,40.536376486474126,40.5551568780196,40.68220850640796,40.46103545923063,40.58896415366473
P_0047_0024,47,24,10.192500000000003,-7.816499999999998,12.84463812257862,16,0.783,1.0,205.28902183211721,207.1964452633178,40.69199386344357,40.58515014659196,40.79706341497837,40.69022074998069,0.06828164976671913,0.2119132683864109,0.10684266499767858,0.27064274378851966,40.68589828017616,40.67106563741606,40.79706341497837,40.58515014659196,40.71192627074089
P_0047_0025,47,25,10.192500000000003,-7.0335,12.38374654537148,20,0.783,1.0,207.73940482373342,209.7991343548629,40.81334000515167,40.69836650356263,40.92586047776706,40.808563293454235,0.07270371230106691,0.22749397420442818,0.11729718431282521,0.29054147407972947,40.79346070242349,40.80100841645356,40.92586047776706,40.69836650356263,40.82412036706444
P_0047_0026,47,26,10.192500000000003,-6.250499999999999,11.956412777250543,16,0.783,1.0,209.93797750637572,211.65259310388052,40.92204384091795,40.82505037574788,41.01741858168191,40.91523075849972,0.06456954050255004,0.1923682059340308,0.10218782318219155,0.24568097820438162,40.89063383865124,40.89335619575445,41.01741858168191,40.82505037574788,40.94969480066311
P_0047_0027,47,27,10.192500000000003,-5.467499999999998,11.566356924286922,16,0.783,1.0,211.67423784064425,213.30782467734548,41.007726223845985,40.9148637588641,41.09902903072373,41.005233710892945,0.061670967054840355,0.1841652718596265,0.09379531983078238,0.2352046894758959,40.99787923251887,40.97565113216939,41.09902903072373,40.9148637588641,41.038745400188645
P_0047_0028,47,28,10.192500000000003,-4.6845,11.217468364118531,20,0.783,1.0,213.38808932578155,215.1040621149992,41.0921038314833,40.99467898307495,41.187355192480254,41.08743847985111,0.06364632193786485,0.19267620940530605,0.09991671262914537,0.24607434151380084,41.07256295013502,41.06469378172807,41.187355192480254,40.99467898307495,41.117901491837245
P_0047_0029,47,29,10.192500000000003,-3.9014999999999986,10.913695913850635,16,0.783,1.0,214.86709591404525,216.32678427413603,41.16469950124069,41.08068632641442,41.247268123902245,41.158763406024796,0.05914385257749089,0.16658179748782231,0.08850471787744851,0.21274814493974753,41.13756587757513,41.12507450716748,41.247268123902245,41.08068632641442,41.20322219506471
P_0047_0030,47,30,10.192500000000003,-3.1184999999999974,10.65889762123645,16,0.783,1.0,215.97639179028698,217.3619312461252,41.21892734362234,41.13868102396714,41.29777364571101,41.215723283919374,0.057243909569001106,0.1590926217438735,0.08205036179163727,0.20318342496024713,41.20543178615105,41.175958130064544,41.29777364571101,41.13868102396714,41.26077183370313
P_0047_0031,47,31,10.192500000000003,-2.3354999999999997,10.45665417330037,20,0.783,1.0,216.99649840850861,218.3952482215284,41.26850657052728,41.18720855774325,41.3478367861141,41.263903960653025,0.05758729747858097,0.16062822837085378,0.08393282546107628,0.205144608391895,41.24915908985923,41.226372166533736,41.3478367861141,41.18720855774325,41.30894320301479
P_0047_0032,47,32,10.192500000000003,-1.5524999999999984,10.310058801966168,16,0.783,1.0,217.7910454095964,219.01529880942687,41.30677503592604,41.234709610013965,41.37752841173005,41.30164022498347,0.05584399246279978,0.14281880171608208,0.0758881867465746,0.18239949133599243,41.28359355565044,41.25624958956314,41.37752841173005,41.234709610013965,41.35611995795978
P_0047_0033,47,33,10.192500000000003,-0.7695000000000007,10.221506077873263,16,0.783,1.0,218.29826150745907,219.4528392330787,41.330811050941165,41.26227474583732,41.39806980052924,41.32688474331178,0.0549966434907359,0.13579505469192554,0.0711850572174626,0.17342918862314882,41.31366501445655,41.276894073888,41.39806980052924,41.26227474583732,41.38352008184779
P_0047_0034,47,34,10.192500000000003,0.013500000000000512,10.192508940393433,20,0.783,1.0,218.64597025834132,219.7439241806812,41.34667550932912,41.28061653753901,41.41092050581,41.34209324057387,0.054834396707510696,0.13030396827098656,0.06882726523613059,0.16641630685949751,41.327391162154925,41.2897587123494,41.41092050581,41.28061653753901,41.401779285016005
P_0047_0035,47,35,10.192500000000003,0.7965000000000018,10.223574154863849,16,0.783,1.0,218.77107916467833,219.7821899604231,41.35137983081809,41.28970123361847,41.41207280877666,41.34699653900255,0.054727161761628465,0.12208041006039139,0.06478510467631793,0.15591367823804775,41.33194860337255,41.28970123361847,41.41094389735099,41.29060731699184,41.411781643678864
P_0047_0036,47,36,10.192500000000003,1.5794999999999995,10.314159030187582,16,0.783,1.0,218.68414542878833,219.7507929428791,41.34562757085877,41.2804208604706,41.40952293576317,41.34095002386844,0.05497748717034114,0.12910207529257178,0.06857291189473358,0.16488132221273535,41.32473221998089,41.2804208604706,41.40182689157393,41.2882472115536,41.40952293576317
P_0047_0037,47,37,10.192500000000003,2.3625000000000007,10.462717739669749,20,0.783,1.0,218.36241608491983,219.5510247169533,41.32792921138919,41.25577690118274,41.398114647405805,41.323326816424,0.05565463037578992,0.14233774622306328,0.07478783098180486,0.1817851165045508,41.30858257768102,41.25577690118274,41.37750523786826,41.27665471798218,41.398114647405805
P_0047_0038,47,38,10.192500000000003,3.145500000000002,10.666828324295844,16,0.783,1.0,217.81512712391748,219.04306069401596,41.29892130964669,41.22553648075768,41.370906895041685,41.295260359823224,0.055862506898253034,0.14537041428400244,0.07564653521846054,0.18565825579055228,41.28314111431666,41.22553648075768,41.34761921585914,41.24909809314096,41.370906895041685
P_0047_0039,47,39,10.192500000000003,3.9284999999999997,10.923377156355999,16,0.783,1.0,217.12611360964848,218.42819608399952,41.26298061650105,41.18583063863656,41.338687063360624,41.25750211501611,0.057219001830471725,0.1528564247240638,0.0811849483445144,0.19521893323635223,41.238134434100914,41.18583063863656,41.30835641572179,41.21650202326066,41.338687063360624
P_0047_0040,47,40,10.192500000000003,4.711500000000001,11.228770569390047,20,0.783,1.0,216.11992467860404,217.62575628683533,41.21096020092956,41.12268686025698,41.29706139352192,41.2062953620484,0.0600583393960686,0.17437453326494534,0.09076603147352102,0.22270055333964922,41.19142107219153,41.12268686025698,41.24589690876428,41.174410575507295,41.29706139352192
P_0047_0041,47,41,10.192500000000003,5.494500000000002,11.579144463214892,16,0.783,1.0,214.878890850686,216.35487180164748,41.14716051154548,41.06116498540001,41.23159717604386,41.14108504739427,0.0601010441878581,0.17043219064385084,0.09051212864959268,0.2176656330061952,41.11939834688201,41.06116498540001,41.18503260775418,41.10823212089127,41.23159717604386
P_0047_0042,47,42,10.192500000000003,6.277500000000003,11.970549799403539,20,0.783,0.4,85.44481743421859,215.11992259015523,38.84784784136424,35.24480887541978,41.16827911042884,38.497624903469514,2.2860237973008,5.923470235009063,3.252816028049736,7.565096085579901,37.54363077388223,37.48717460352668,35.24480887541978,41.04423115409003,41.16827911042884
P_0047_0043,47,43,10.192500000000003,7.060500000000005,12.399101439217283,16,0.783,0.0,0.0,0.0,34.95010104942205,33.64153339849855,37.473549870348506,35.34114302986332,1.2171467718076836,3.800885322765339,2.1324068404851886,4.854259671475528,35.18296692539616,35.14088525532293,33.67266454758317,37.473549870348506,35.235648550665815
P_0047_0044,47,44,10.192500000000003,7.843499999999999,12.861086598728741,16,0.783,0.5,104.85685979053063,211.1549972527013,34.855190968400365,32.636835833996486,37.0211256764901,35.2937391573015,1.3916259507712794,3.402581738317963,1.7273865191885989,4.345570547021664,36.06551540490125,37.0211256764901,36.09787028126647,33.61854393817214,33.66564048567756
P_0047_0045,47,45,10.192500000000003,8.6265,13.353035553760803,20,0.783,1.0,207.6020946577243,209.71218823121484,38.562165647927884,36.06177342724936,40.78513823443387,38.9214329648244,1.2348397265399762,3.7801540436582286,1.916448774048753,4.827782942092246,39.26214323921931,39.17771611248821,40.78513823443387,37.004984190775644,38.37718304720494
P_0047_0046,47,46,10.192500000000003,9.409500000000001,13.87176075702,16,0.783,1.0,205.07515608499557,207.03593458852745,40.64774292196278,40.53696763811837,40.75654991140641,40.64602654920488,0.07052497761185153,0.21958227328804014,0.11052336220152625,0.28043713063606657,40.6420862708153,40.53696763811837,40.66651299527871,40.62801593040564,40.75654991140641
P_0047_0047,47,47,10.192500000000003,10.192500000000003,14.414371734487775,16,0.783,1.0,202.5801807482298,204.6419905867326,40.521162760803215,40.40519952215567,40.63505397994362,40.513044221078154,0.07481310007465967,0.2298544577879511,0.12200975886546672,0.29355614021449694,40.48358129531493,40.40519952215567,40.5362344381366,40.50515186983995,40.63505397994362
P_0047_0048,47,48,10.192500000000003,10.975500000000004,14.97827281431341,20,0.783,1.0,199.48049361009168,202.01377178746543,40.36404444747534,40.22309010493552,40.50178766186349,40.35892981422488,0.0885964491151656,0.27869755692796616,0.14285784763860931,0.35593557717492486,40.34317757077344,40.22309010493552,40.35624040670007,40.3703533268519,40.50178766186349
P_0047_0049,47,49,10.192500000000003,11.758499999999998,15.561149652258988,16,0.783,1.0,196.07370059944873,198.38351410392448,40.19148776406554,40.06275122369783,40.317867314353975,40.19055552487298,0.08078975279442811,0.25511609065614493,0.1278043011751464,0.32581876201295645,40.1900807302157,40.06275122369783,40.19782137431713,40.184256981780266,40.317867314353975
P_0047_0050,47,50,10.192500000000003,12.5415,16.160949183138968,16,0.783,1.0,192.75770145720628,195.18886383585647,40.02363415145109,39.88862804074637,40.15612776282615,40.01420184909559,0.08633289488445951,0.26749972207978345,0.14192591373056018,0.341634383243657,39.97986181108956,39.88862804074637,40.02584876600707,40.02054286480882,40.15612776282615
P_0047_0051,47,51,10.192500000000003,13.3245,16.77585635668117,20,0.783,1.0,188.68279180515117,191.72104077329425,39.81747182887983,39.65031901603817,39.98064796159059,39.81201900847044,0.10607435529516253,0.33032894555242365,0.16862895312014814,0.4218760479596726,39.79567146602665,39.65031901603817,39.79060708298766,39.84284951570913,39.98064796159059
P_0047_0052,47,52,10.192500000000003,14.107500000000002,17.404269950216243,16,0.783,1.0,184.24029904240763,186.9771154003166,39.592808600111795,39.44194850649882,39.74071213107982,39.5927438064336,0.09460941920944935,0.2987636245809995,0.15079529993478502,0.38156273892847953,39.596263294480366,39.44194850649882,39.58504102738255,39.599754072726455,39.74071213107982
P_0047_0053,47,53,10.192500000000003,14.890500000000003,18.04477892632659,16,0.783,1.0,179.94026222403477,182.83101215989808,39.37542715409022,39.2165479990864,39.53109514607735,39.36433132097666,0.10179202244745175,0.31454714699094666,0.16676382510068777,0.4017204942413112,39.32395041076416,39.2165479990864,39.36281700526769,39.387246043687696,39.53109514607735
P_0047_0054,47,54,10.192500000000003,15.673500000000004,18.696140203261212,20,0.783,1.0,174.67255947016275,178.3478875186653,39.10920367824774,38.90866474946449,39.30450607082378,39.10322953144602,0.1292311558964052,0.39584132135928485,0.20127653937775847,0.5055444717232246,39.086065889135,38.90866474946449,39.05953437920141,39.1573765686054,39.30450607082378
P_0047_0055,47,55,10.192500000000003,16.4565,19.357258289850865,16,0.783,1.0,168.93418254247038,172.22710968794047,38.81926006383699,38.639314876560775,38.99522724558955,38.82020483393582,0.11368600254336503,0.355912369028772,0.18088995737504376,0.45454964116062835,38.828661033171386,38.639314876560775,38.79448043613706,38.84334057822031,38.99522724558955
P_0047_0056,47,56,10.192500000000003,17.2395,20.0271669614052,16,0.783,1.0,163.37079371996856,166.87503111152836,38.53820839388406,38.34712395634159,38.72484656953674,38.524838385687325,0.1234041534993133,0.37772261319514655,0.20000818384941255,0.4824043591253468,38.4764454181564,38.34712395634159,38.50727125059427,38.56850473380763,38.72484656953674
P_0047_0057,47,57,10.192500000000003,18.0225,20.705012979952464,20,0.783,1.0,156.5249442373833,161.07186148917387,38.19241477787775,37.94550728523444,38.43171775553287,38.185566315827614,0.16184254847566615,0.4862104702984311,0.2461514397052582,0.6209584550426962,38.167291899092845,37.94550728523444,38.11311424838078,38.27020039089712,38.43171775553287
P_0047_0058,47,58,10.192500000000003,18.805500000000002,21.39004176012754,16,0.783,1.0,149.01079740354413,153.10014694412155,37.81289765832616,37.59069410419727,38.02909658373153,37.81510169388599,0.14201206730627752,0.43840247953426115,0.22440758968872387,0.559900995573769,37.83035998142981,37.59069410419727,37.76556201392117,37.85979578615019,38.02909658373153
P_0047_0059,47,59,10.192500000000003,19.588500000000003,22.081584827634092,16,0.783,1.0,141.6427271739584,146.06205387000028,37.44077742922738,37.20082796022558,37.67364942725669,37.423886047832774,0.1565997844858283,0.4728214670311104,0.2497633794239178,0.6038588340116352,37.36368047564599,37.20082796022558,37.38453377700887,37.49673859902674,37.67364942725669
P_0047_0060,47,60,10.192500000000003,20.371500000000005,22.77904889366543,20,0.783,1.0,132.4228852972001,138.3340494334798,36.97514195346253,36.65372549582924,37.28337279551244,36.9665502229838,0.21395553729465822,0.6296472996831994,0.3168225725286433,0.804147253746104,36.94686421037329,36.65372549582924,36.85163761854773,37.09715099465632,37.28337279551244
P_0047_0061,47,61,10.192500000000003,21.1545,23.481906364262677,16,0.783,1.0,122.05955657414259,127.49944047433723,36.451753825364555,36.15590072799591,36.73620299353064,36.43071889677044,0.19434527008741098,0.5803022655347263,0.30548409676019617,0.7411267759064193,36.357591319404776,36.15590072799591,36.36901684993365,36.53488259298723,36.73620299353064
P_0047_0062,47,62,10.192500000000003,21.9375,24.189687110419598,20,0.783,1.0,110.08739473844193,117.65228751996428,35.847115834962345,35.431304514463875,36.23889166071461,35.83571349336735,0.27850271336862187,0.8075871462507322,0.4044089789034757,1.0314012084939108,35.815438025077015,35.431304514463875,35.67171367154981,36.021219595031425,36.23889166071461
P_0047_0063,47,63,10.192500000000003,22.7205,24.90197133762707,16,0.783,1.0,96.02078185445103,103.34289946372964,35.136766299123764,34.7327078410558,35.51622521024797,35.14231912146065,0.2621524741035217,0.7835173691921682,0.40961128040485306,1.0006607524804192,35.18641873128621,34.7327078410558,35.00763738183565,35.268606442877626,35.51622521024797
P_0047_0064,47,64,10.192500000000003,23.503500000000003,25.6183834091849,16,0.783,1.0,80.6464417474032,89.57971042911164,34.36074608437136,33.85695344899261,34.82124107058496,34.32301185313842,0.3286329035676238,0.9642876215923479,0.4982292174465428,1.231529529492143,34.20908978284683,33.85695344899261,34.19324858625123,34.53452637701645,34.82124107058496
P_0047_0065,47,65,10.192500000000003,24.286500000000004,26.33858649396357,20,0.783,1.0,56.53904204575656,72.38988984057563,33.14826006013688,32.11104204931888,33.953810637952415,33.09998885966344,0.6480179669435179,1.8427685886335325,0.988946810344558,2.3534720161347797,33.127460008817366,32.11104204931888,32.71446419855141,33.593167403677114,33.953810637952415
P_0048_0003,48,3,10.975500000000004,-24.2595,26.62677112419003,20,0.783,1.0,30.885507357304675,49.11561640324759,31.939688288931553,30.7157383718083,32.843435522429104,31.864664668615966,0.6955287244463093,2.1276971506208042,1.148926296807666,2.7173654541772723,31.79409786871946,32.21613587261999,32.843435522429104,30.7157383718083,31.753915707502983
P_0048_0004,48,4,10.975500000000004,-23.4765,25.915394122027163,20,0.783,1.0,57.2867657498158,68.82074642231747,33.24193493918294,32.5575678709223,33.83726677007303,33.25682806053037,0.41843523432960694,1.2796988991507305,0.6992601896080686,1.6343536387621078,33.384847126792806,33.38094433883663,33.83726677007303,32.5575678709223,33.12351419602709
P_0048_0005,48,5,10.975500000000004,-22.6935,25.2082633773134,25,0.783,1.0,76.7690321379635,87.46370895340468,34.22398005488689,33.61236770043956,34.77636873629734,34.21592870351026,0.3860466553322801,1.1640010358577797,0.6035610030706948,1.4865913612487607,34.23717501788002,34.408649597182205,34.77636873629734,33.61236770043956,34.04508246575216
P_0048_0006,48,6,10.975500000000004,-21.9105,24.5057464791424,20,0.783,1.0,92.20414074516445,99.73331101332607,35.001177735341436,34.583543731783834,35.3937275686057,34.98234288960049,0.2607578313696533,0.8101838368218637,0.41138467900520936,1.0347175438337977,34.928791202128366,35.06602492086023,35.3937275686057,34.583543731783834,34.939627024624315
P_0048_0007,48,7,10.975500000000004,-21.127499999999998,23.808251857286795,20,0.783,1.0,103.76396658398194,110.44329246700504,35.58264511200919,35.21489558058198,35.93214270413188,35.593695444667844,0.23094681299112133,0.7172471235498961,0.3787998640858632,0.9160244234353717,35.65453497545673,35.632108749382326,35.93214270413188,35.21489558058198,35.53479521378631
P_0048_0008,48,8,10.975500000000004,-20.3445,23.116234133180086,25,0.783,1.0,115.10468922797087,122.21022965662355,36.15257614978051,35.762532552173354,36.52316828486016,36.14961503168284,0.24807653980920494,0.7606357326868078,0.3870824795094876,0.9714377173522449,36.15749487032196,36.2479826987622,36.52316828486016,35.762532552173354,36.05689675229655
P_0048_0009,48,9,10.975500000000004,-19.5615,22.43020023316778,20,0.783,1.0,125.17950574339795,130.60873392303745,36.65846616972733,36.36129601679539,36.94465397251753,36.64623271757453,0.18619166106487775,0.5833579557221356,0.2984212549430012,0.7450293176527912,36.60832317663153,36.6844940220094,36.94465397251753,36.36129601679539,36.632396399918775
P_0048_0010,48,10,10.975500000000004,-18.7785,21.750716367513053,20,0.783,1.0,133.2350137082895,138.27134380577925,37.062642182778404,36.78707832503886,37.32894000358658,37.070830103408674,0.17306537725884236,0.5418616785477184,0.2837517783698118,0.6920327950801001,37.11324650178341,37.08091564245655,37.32894000358658,36.78707832503886,37.04397004417797
P_0048_0011,48,11,10.975500000000004,-17.9955,21.078415986501454,25,0.783,1.0,141.46591710097394,146.97675557902542,37.475312544508675,37.17453195446143,37.76519558709112,37.473480960626475,0.18999832504190425,0.5906636326296919,0.2989490061650457,0.7543596840736806,37.47836105976552,37.52944085059664,37.76519558709112,37.17453195446143,37.41987535121768
P_0048_0012,48,12,10.975500000000004,-17.2125,20.414008829722793,20,0.783,1.0,148.986577200556,153.33863520247417,37.8521028699707,37.613612709809615,38.083775205726056,37.84296990461267,0.14940857560822135,0.47016249591644055,0.24080530111338305,0.6004629577476891,37.81412811973343,37.856115220718095,38.083775205726056,37.613612709809615,37.84721826707619
P_0048_0013,48,13,10.975500000000004,-16.429499999999997,19.758291183703108,20,0.783,1.0,155.12126715959857,159.2299907711949,38.159238796710994,37.93377760324756,38.37860414776753,38.16555457672208,0.14159971234324772,0.4448265445199695,0.23177697347451698,0.5681054208428729,38.197915876670606,38.15786808565451,38.37860414776753,37.93377760324756,38.15960717027019
P_0048_0014,48,14,10.975500000000004,-15.6465,19.11215745278382,25,0.783,1.0,161.477445595711,166.0031099184874,38.477244038837306,38.22973059997207,38.717319056790416,38.4758791201357,0.1551846206959715,0.48758845681834373,0.24614852016362931,0.6227183356556114,38.47951726081686,38.503938753629086,38.717319056790416,38.22973059997207,38.448889929470056
P_0048_0015,48,15,10.975500000000004,-14.8635,18.476613123080757,20,0.783,1.0,167.34287077776273,170.99397991502815,38.77049369932763,38.56933515444291,38.96672663136843,38.763337088625136,0.12638080919059844,0.39739147692552024,0.20338954274329524,0.5075242361756325,38.74083974106259,38.75839359261403,38.96672663136843,38.56933515444291,38.78139032363771
P_0048_0016,48,16,10.975500000000004,-14.080499999999999,17.852789151838433,20,0.783,1.0,172.15956628363026,175.6374602564415,39.01114245962483,38.819118797612646,39.198624388328994,39.01606773824655,0.12110033707857609,0.3795055907163487,0.19694894063390223,0.4846814696249664,39.04157800780945,38.994728002326895,39.198624388328994,38.819118797612646,39.02628949515474
P_0048_0017,48,17,10.975500000000004,-13.2975,17.241957733969773,25,0.783,1.0,177.16968320401713,180.9908553700749,39.261277459487154,39.05114439061504,39.46577726260011,39.26015779436258,0.13119110076978335,0.41463287198507004,0.20901340374753374,0.5295438978097957,39.26314275559474,39.2667090254692,39.46577726260011,39.05114439061504,39.2540155375338
P_0048_0018,48,18,10.975500000000004,-12.5145,16.645549270000078,20,0.783,1.0,181.80067330882457,184.93791015446652,39.492314884445555,39.31815997488968,39.662596535114176,39.48661212406647,0.11038794341106167,0.3444365602244943,0.17598441104770757,0.43989343579118045,39.46905321020358,39.46690432117032,39.662596535114176,39.31815997488968,39.5163465789546
P_0048_0019,48,19,10.975500000000004,-11.731499999999999,16.065170167165988,20,0.783,1.0,185.60215862715583,188.60540227920117,39.681823634064344,39.51466342187729,39.845343975696494,39.68562606583026,0.10659193971345049,0.3306805538192066,0.17096264395297567,0.4223251006630991,39.705894610450855,39.65265679578164,39.845343975696494,39.51466342187729,39.70957152534504
P_0048_0020,48,20,10.975500000000004,-10.9485,15.50262082681506,25,0.783,1.0,189.54658511485636,192.81887173456613,39.87829989637202,39.69693362056074,40.05511709363043,39.87732568660274,0.11351361327621018,0.3581834730696869,0.1803920660419962,0.45745015717712245,39.87992307850453,39.8657326308296,40.05511709363043,39.69693362056074,39.8889220094884
P_0048_0021,48,21,10.975500000000004,-10.165499999999998,14.959912783836678,20,0.783,1.0,193.17640262688363,195.9081314255909,40.05894908000128,39.90590642403714,40.20877720687179,40.062072926021834,0.0988922845585123,0.3028707828346455,0.15616650198469273,0.38680815176838507,40.07927990544181,40.02171612155166,40.20877720687179,39.90590642403714,40.09468497220678
P_0048_0022,48,22,10.975500000000004,-9.3825,14.439283448287872,25,0.783,1.0,196.48452398740838,199.43521295286496,40.223421300643075,40.058777693691525,40.38403657505938,40.222514704271326,0.10387723084695755,0.3252588813678585,0.16373701057980128,0.41540087020160726,40.22493193886714,40.19952907011936,40.38403657505938,40.058777693691525,40.24529824361923
P_0048_0023,48,23,10.975500000000004,-8.599499999999999,13.94320624892281,20,0.783,1.0,199.50749396607463,202.00030189229315,40.373559855897454,40.23288008749711,40.51135008110714,40.369722555804785,0.09254053887436543,0.278469993610031,0.14162752530235423,0.35564494713924777,40.35882904772359,40.32863374954047,40.51135008110714,40.23288008749711,40.41691981315563
P_0048_0024,48,24,10.975500000000004,-7.816499999999998,13.474393214538459,20,0.783,1.0,201.950848243382,204.3457549483972,40.49476901090499,40.3591394594651,40.62762971701824,40.49700613263077,0.09030176146387979,0.2684902575531396,0.13786667316567502,0.342899434933767,40.5103191481021,40.4465020115951,40.62762971701824,40.3591394594651,40.54144032697332
P_0048_0025,48,25,10.975500000000004,-7.0335,13.035786224850424,25,0.783,1.0,204.43534875208482,206.97881882821304,40.617854200118046,40.4742561593967,40.75797551730949,40.61701481942663,0.0929266839848997,0.283719357912787,0.14275866002992643,0.3623491161082848,40.61925285652757,40.57857316517374,40.75797551730949,40.4742561593967,40.65501639872565
P_0048_0026,48,26,10.975500000000004,-6.250499999999999,12.630532470960995,20,0.783,1.0,206.66357446065763,208.8532060226508,40.72806984550471,40.60300063333955,40.850600967489584,40.72514198571754,0.08572179111476769,0.2476003341500359,0.1254589817720415,0.31622009469991813,40.7176310813324,40.67238675073202,40.850600967489584,40.60300063333955,40.78209049569415
P_0048_0027,48,27,10.975500000000004,-5.467499999999998,12.261939344981286,20,0.783,1.0,208.42250562113495,210.52657394193076,40.81490833584496,40.69422968198364,40.93313653239193,40.816331126863645,0.08415805120995924,0.2389068504082843,0.12210144488000196,0.3051173057577066,40.82616577625549,40.75595157104533,40.93313653239193,40.69422968198364,40.87217207264183
P_0048_0028,48,28,10.975500000000004,-4.6845,11.933404396902004,25,0.783,1.0,210.15798823420602,212.3417901411655,40.9003893339591,40.775267629390726,41.02243114960845,40.89959180893809,0.08503849426362738,0.24716352021772536,0.12432417954736508,0.3156622225002878,40.901718343712105,40.84632290030879,41.02243114960845,40.775267629390726,40.95221902167037
P_0048_0029,48,29,10.975500000000004,-3.9014999999999986,11.64831758238073,20,0.783,1.0,211.6549634833847,213.5768952232567,40.973901894416066,40.86254813964291,41.08297621827393,40.97180326564121,0.0810987488385007,0.22042807863101643,0.11117295263271387,0.2815173418020644,40.96745364901364,40.9075705113172,41.08297621827393,40.86254813964291,41.03846780995838
P_0048_0030,48,30,10.975500000000004,-3.1184999999999974,11.409936130408447,20,0.783,1.0,212.77712787842498,214.62204536263732,41.028786668173026,40.9213674924888,41.13399263375953,41.029437115144084,0.08013449139242405,0.21262514127073473,0.10806962265528597,0.2715519045603253,41.0360520708702,40.95915453358049,41.13399263375953,40.9213674924888,41.0966188450214
P_0048_0031,48,31,10.975500000000004,-2.3354999999999997,11.221237030737747,25,0.783,1.0,213.80836147687617,215.6646375085477,41.07893428181032,40.97055473502678,41.18452987174663,41.07815984537798,0.08002214972013871,0.2139751367198528,0.10760511035120146,0.27327603667925005,41.08022481342107,41.0102183474641,41.18452987174663,40.97055473502678,41.14527145923131
P_0048_0032,48,32,10.975500000000004,-1.5524999999999984,11.084757845798892,20,0.783,1.0,214.61078535091573,216.28959479734195,41.1176055535603,41.01865632331823,41.2144725519866,41.11628777166685,0.07847813271351545,0.19581622866837023,0.0981847803197553,0.2500845832290807,41.11498363524947,41.04043997154167,41.2144725519866,41.01865632331823,41.19288637623828
P_0048_0033,48,33,10.975500000000004,-0.7695000000000007,11.002442024387136,20,0.783,1.0,215.12217676031338,216.729849254232,41.141855641197296,41.0465271710558,41.23515343213137,41.14175189458176,0.07808117603882504,0.18862626107556935,0.09522472352595912,0.24090199371081653,41.145293867296175,41.06127550432712,41.23515343213137,41.0465271710558,41.22050949809835
P_0048_0034,48,34,10.975500000000004,0.013500000000000512,10.97550830257989,25,0.783,1.0,215.4714468410635,217.021272860778,41.15780117514179,41.06502197297135,41.24802290226597,41.15703411245856,0.0778657428655249,0.18300092929462153,0.09201213948720977,0.23371766193438254,41.15907945879991,41.074165751991416,41.24802290226597,41.06502197297135,41.23888047626417
P_0048_0035,48,35,10.975500000000004,0.7965000000000018,11.004363339148707,20,0.783,1.0,215.5949944175327,217.05811538503335,41.1624274756539,41.07395836947825,41.24913437692896,41.16186665581593,0.07778859651960464,0.17490871375065353,0.08790828633767944,0.2233827761821884,41.16357978555175,41.07395836947825,41.247936930970695,41.07499110985003,41.2488670832289
P_0048_0036,48,36,10.975500000000004,1.5794999999999995,11.088571616759307,20,0.783,1.0,215.50388537010772,217.02508893079417,41.156463849413626,41.06437542716452,41.24647127397793,41.155603309316916,0.07795346410143428,0.18209584681341084,0.09122788215239552,0.23256174561099724,41.15612765216855,41.06437542716452,41.23859910482832,41.07244308844525,41.24647127397793
P_0048_0037,48,37,10.975500000000004,2.3625000000000007,11.226887658652334,25,0.783,1.0,215.1742791532874,216.8204140039726,41.13836573601998,41.03913488619537,41.23481402763679,41.137591341689756,0.078620553293486,0.19567914144141696,0.09845645549438586,0.24990950375659893,41.13965624123523,41.03913488619537,41.21384201277584,41.06050954060555,41.23481402763679
P_0048_0038,48,38,10.975500000000004,3.145500000000002,11.417345159887219,20,0.783,1.0,214.6158632120555,216.3031748105281,41.10879258797533,41.00823782287887,41.20713502586278,41.10898581463018,0.07903787873565621,0.19889720298391467,0.10074799175131233,0.25401941632683867,41.1137718734866,41.00823782287887,41.18347725141888,41.03230709950378,41.20713502586278
P_0048_0039,48,39,10.975500000000004,3.9284999999999997,11.65738875134565,20,0.783,1.0,213.91398117898788,215.6783070331201,41.072197786468415,40.9677107137432,41.17440681241624,41.07055651747707,0.07978031535376058,0.20669609867303507,0.1038502949391642,0.2639796917918711,41.06803572967806,40.9677107137432,41.1436155874012,40.99901374414668,41.17440681241624
P_0048_0040,48,40,10.975500000000004,4.711500000000001,11.944029156863278,25,0.783,1.0,212.88982358702847,214.8634843130016,41.01926370877333,40.90329810314091,41.13215154528689,41.01846636897115,0.08234337684850353,0.2288534421459758,0.11516826583023487,0.29227770389013513,41.02059223153475,40.90329810314091,41.080231148037456,40.95605881685572,41.13215154528689
P_0048_0041,48,41,10.975500000000004,5.494500000000002,12.274002220139938,20,0.783,1.0,211.62715863117668,213.57362106623276,40.95436390997733,40.84055696961639,41.06572191932548,40.95215557013405,0.08224007138465095,0.22516494970909662,0.11356634919143005,0.2875669855799446,40.94746484953794,40.84055696961639,41.01847809539123,40.888556016799214,41.06572191932548
P_0048_0042,48,42,10.975500000000004,6.277500000000003,12.643915789817653,25,0.783,0.92,193.26241207835773,212.32053550892547,40.599101283053834,37.42454311952247,41.00148095562287,40.18126339952234,1.3650921413581076,3.5453799546109437,2.725162398510413,4.527943747906697,40.877671116504985,40.74777527834539,37.45610100101192,40.823288646126514,41.00148095562287
P_0048_0043,48,43,10.975500000000004,7.060500000000005,13.050373960159154,20,0.783,0.05,10.3707790016937,207.415580033874,36.73122857194937,35.048910270860574,40.7272673048065,37.58424741751835,1.795941382938784,5.608877449065972,3.1430198872881547,7.163317304043386,37.3644920752381,37.26866256058213,35.11838985574053,40.7272673048065,37.44242529122448
P_0048_0044,48,44,10.975500000000004,7.843499999999999,13.490073850798597,20,0.783,0.05,10.366757736171781,207.3351547234356,34.17426420121866,33.512652271906575,36.99273284332162,34.53534187814292,1.3525257196303495,3.4800805714150442,2.4573909651786963,4.444547345357655,33.55448823207257,33.512652271906575,36.99273284332162,35.01442863657513,33.60240740683872
P_0048_0045,48,45,10.975500000000004,8.6265,13.959874730813315,25,0.783,0.92,187.89495336669904,206.83354905497904,37.790157834749486,33.52174717821464,40.522008626002105,37.241005311273796,1.4110699156087896,4.171244149252239,2.2722551332500416,5.327259449875145,36.884233727597405,38.23551815491555,39.13999432727599,34.968750178023754,36.97653016855628
P_0048_0046,48,46,10.975500000000004,9.409500000000001,14.456842341950061,20,0.783,1.0,201.6528928674695,204.11734331899663,40.446272962120695,40.3058005031578,40.583687500003975,40.448656277624664,0.09299038659420407,0.2778869968461777,0.1428557744668666,0.3549003791138923,40.46277644733192,40.3058005031578,40.49228271432315,40.39873422330646,40.583687500003975
P_0048_0047,48,47,10.975500000000004,10.192500000000003,14.97827281431341,20,0.783,1.0,199.11289098974777,201.68701390271536,40.31740302465865,40.17125333748987,40.46034112673658,40.313324054602695,0.09561467073608208,0.2890877892467074,0.1470170721338846,0.36920535025122275,40.30171719188314,40.17125333748987,40.3599891541104,40.273319462793495,40.46034112673658
P_0048_0048,48,48,10.975500000000004,10.975500000000004,15.52170095382591,25,0.783,1.0,195.95589113493986,199.0180365736633,40.15737049166783,39.98519355834134,40.32500202640591,40.15639672075021,0.10826355192448228,0.3398084680645752,0.17120316240887234,0.4339827178347065,40.15899300010318,39.98519355834134,40.177133598700095,40.135661420200506,40.32500202640591
P_0048_0049,48,49,10.975500000000004,11.758499999999998,16.084897341916736,20,0.783,1.0,192.4842823044586,195.3299200707642,39.98151875879635,39.821261364142,40.13813859017984,39.98486306743772,0.10307762518262838,0.31687722603783897,0.16360170329571844,0.4046963295502413,40.0032973029094,39.821261364142,40.01611760521871,39.94550047473865,40.13813859017984
P_0048_0050,48,50,10.975500000000004,12.5415,16.66585798871453,20,0.783,1.0,189.10307934810004,192.0827103080022,39.810350786011384,39.64310518113854,39.9737272638273,39.80510714155618,0.10673316772079566,0.3306220826887625,0.16862012227112189,0.42225042488986264,39.78938099552767,39.64310518113854,39.841233869412974,39.7780883978744,39.9737272638273
P_0048_0051,48,51,10.975500000000004,13.3245,17.262789476211545,25,0.783,1.0,184.94490690051182,188.5559378855833,39.59995696630114,39.39903455139802,39.79525097884766,39.59883795896734,0.12531889799299267,0.39621642744964447,0.1998034075693198,0.5060235344184476,39.60182136772613,39.39903455139802,39.60184067799816,39.596242218866735,39.79525097884766
P_0048_0052,48,52,10.975500000000004,14.107500000000002,17.874091767136036,20,0.783,1.0,180.40760763734426,183.7278957244158,39.37047690624619,39.18537765305172,39.55103922395216,39.374943668679954,0.11711697998021858,0.3656615709004427,0.1895660156282375,0.4670007291193393,39.39861604906008,39.18537765305172,39.39247669806099,39.34720871927482,39.55103922395216
P_0048_0053,48,53,10.975500000000004,14.890500000000003,18.498340209326894,20,0.783,1.0,176.01119449344947,179.50469774497506,39.148199854252724,38.953974435205055,39.33750576080831,39.14150348544693,0.12227734770133733,0.38353132560325776,0.19600227536137993,0.48982289349075064,39.12084179148155,38.953974435205055,39.165948839576686,39.12924660016307,39.33750576080831
P_0048_0054,48,54,10.975500000000004,15.673500000000004,19.13426775447653,25,0.783,1.0,170.618586968617,174.93411011040703,38.87563364576651,38.637364637190046,39.10647195332393,38.87426990458513,0.14881578102276052,0.46910731613388634,0.23690526739508044,0.5991153462757169,38.87790565089006,38.637364637190046,38.85643249695818,38.89317478456343,39.10647195332393
P_0048_0055,48,55,10.975500000000004,16.4565,19.780748026806265,20,0.783,1.0,164.73522618972385,168.68634391558044,38.57833004900848,38.359827237601166,38.7907459951125,38.58418649567788,0.13721174641783143,0.43091875751133557,0.22435925807671708,0.5503432407552178,38.6147029613993,38.359827237601166,38.58555152495097,38.57010475932549,38.7907459951125
P_0048_0056,48,56,10.975500000000004,17.2395,20.436779601982305,20,0.783,1.0,159.02081859265388,163.21527070883226,38.28961486257727,38.05809858064151,38.51432232930489,38.280943912751994,0.14491500806275598,0.4562237486633762,0.23337841655289537,0.5826612371179772,38.25394246513224,38.05809858064151,38.291585248941374,38.28677093973994,38.51432232930489
P_0048_0057,48,57,10.975500000000004,18.0225,21.10147166668714,25,0.783,1.0,151.97297615029112,157.27367344735623,37.93357554280369,37.64209854490002,38.21417109888404,37.93174590369489,0.18322044860849968,0.5720725539840146,0.28964735879486625,0.7306162886130454,37.93662087844746,37.64209854490002,37.8872984471667,37.97854054907623,38.21417109888404
P_0048_0058,48,58,10.975500000000004,18.805500000000002,21.7740311035876,20,0.783,1.0,144.21489041482596,149.0936146265759,37.54169197083967,37.27315751587378,37.80098111578036,37.54941964694409,0.16831203606480888,0.5278235999065828,0.27626213107031106,0.6741042144400802,37.589979478869054,37.27315751587378,37.52987298076528,37.55310714343199,37.80098111578036
P_0048_0059,48,59,10.975500000000004,19.588500000000003,22.453750967266032,20,0.783,1.0,136.5796648119071,141.8512871058069,37.156036386399954,36.86593801187746,37.43518027222524,37.14427013870513,0.1813342499434492,0.569242260347778,0.2909101335201072,0.7270016096395632,37.10820685395191,36.86593801187746,37.13681990466142,37.17520565080963,37.43518027222524
P_0048_0060,48,60,10.975500000000004,20.371500000000005,23.14000027009508,25,0.783,1.0,126.9776659536993,133.87306520136568,36.671056228944906,36.2904972560039,37.032228775161286,36.66810443035338,0.24090158662862896,0.7417315191573834,0.3776071743494782,0.9472944050541295,36.675966658411824,36.2904972560039,36.58455343945218,36.7572760227377,37.032228775161286
P_0048_0061,48,61,10.975500000000004,21.1545,23.832214972595395,20,0.783,1.0,116.10976096692968,122.63148096421293,36.122156668302466,35.76168885924238,36.46445961943789,36.10659085653664,0.2250093054463971,0.7027707601955058,0.3578687629012478,0.897536092203711,36.06089768891002,35.76168885924238,36.08115020469182,36.16475791040108,36.46445961943789
P_0048_0062,48,62,10.975500000000004,21.9375,24.52989006294158,25,0.783,1.0,103.41040868110906,112.3417818725067,35.48082561833809,34.97946321231905,35.94477679598572,35.475540650126185,0.31727749673704136,0.9653135836666706,0.49607743780713776,1.2328398258833597,35.48954306056902,34.97946321231905,35.3463666196883,35.61755356206885,35.94477679598572
P_0048_0063,48,63,10.975500000000004,22.7205,25.232572609625045,20,0.783,1.0,88.21711481382742,97.21661920431036,34.71382622982524,34.20345773079413,35.18097213110349,34.727482597400694,0.31697712219044955,0.9775144003093601,0.5240248666065668,1.2484219671894765,34.81731269683792,34.20345773079413,34.63458237277706,34.80108805549088,35.18097213110349
P_0048_0064,48,64,10.975500000000004,23.503500000000003,25.93985567615981,20,0.783,1.0,70.99847780917473,82.37485259593663,33.845813573603586,33.17232189340899,34.43180452485626,33.81092976918992,0.4079536509323009,1.2594826314472698,0.6386078757809273,1.6085346506350826,33.7388816652641,33.17232189340899,33.73415657817611,33.97748418424413,34.43180452485626
P_0048_0065,48,65,10.975500000000004,24.286500000000004,26.651372994650767,23,0.783,1.0,41.95325160548228,63.09000493883943,32.40841018246182,30.96901572186715,33.460158649218215,32.33920040321842,0.8038644518735019,2.3361865040885164,1.2152282580887217,2.983635381977671,32.42633259330859,31.1239721451297,31.84777149422473,32.83776713421088,33.460158649218215
P_0049_0003,49,3,11.758499999999998,-24.2595,26.958962563496392,10,0.783,1.0,18.15200218853894,33.54315704559117,31.332049522473106,30.74578763812565,32.02819291497485,31.18202705976355,0.4760564401281062,1.2824052768492038,0.8461658552113036,1.637810059832955,30.74578763812565,31.339198788777026,32.02819291497485,30.75470025416104,31.042255702779187
P_0049_0004,49,4,11.758499999999998,-23.4765,26.25658725920031,16,0.783,1.0,45.07667992844948,57.93040610020032,32.597147044666045,31.81243336053012,33.25379677206979,32.6281962403945,0.4905288615781633,1.441363411539669,0.8157628798643799,1.8408217261043025,32.85062575244319,32.83143932774249,33.25379677206979,31.81243336053012,32.39268598918693
P_0049_0005,49,5,11.758499999999998,-22.6935,25.55889795159408,20,0.783,1.0,67.74629353922316,78.86706437954322,33.738340112734065,33.099476748311986,34.309084390247506,33.74049615398884,0.4153030622219367,1.20960764193552,0.6410194056768574,1.5448373460223754,33.81227555229975,33.98884644576481,34.309084390247506,33.099476748311986,33.49279763332015
P_0049_0006,49,6,11.758499999999998,-21.9105,24.86628907778561,16,0.783,1.0,84.67466798419898,92.15766194346624,34.5911943745652,34.17938476346836,34.97823449692862,34.5811882106446,0.26157800597388975,0.7988497334602584,0.40180344717623484,1.0202423160411984,34.56194428153799,34.69893644465827,34.97823449692862,34.17938476346836,34.48744106662974
P_0049_0007,49,7,11.758499999999998,-21.127499999999998,24.179197226128082,16,0.783,1.0,97.03989690216733,103.56933095588228,35.21351862617773,34.85775111087065,35.55225649425472,35.23428307676145,0.23142129210787188,0.6945053833840689,0.3765319658907984,0.8869800554074954,35.33220329168336,35.299844890537884,35.55225649425472,34.85775111087065,35.12935959646063
P_0049_0008,49,8,11.758499999999998,-20.3445,23.498106359875045,20,0.783,1.0,109.00856948178925,115.9637877669474,35.81531748085932,35.43726184955284,36.17513566745311,35.8204456757804,0.2483840199676993,0.7378738179002724,0.3831838262275582,0.9423675835252521,35.85950159709034,35.946040772653305,36.17513566745311,35.43726184955284,35.684288492152405
P_0049_0009,49,9,11.758499999999998,-19.5615,22.82355372197765,16,0.783,1.0,119.54809536284378,124.7406246456838,36.34479853403279,36.06426175873736,36.615831929687886,36.33980692846594,0.17801168254739588,0.5515701709505265,0.27602500122194584,0.7044318913799827,36.328847300187874,36.40050323872441,36.615831929687886,36.06426175873736,36.289590414992176
P_0049_0010,49,10,11.758499999999998,-18.7785,22.156136497593618,16,0.783,1.0,127.92315749086167,132.7082099755745,36.76520151487287,36.50695690542409,37.015607739760185,36.78094577867917,0.16723897706201502,0.5086508343360947,0.27398887325507815,0.6496179238008872,36.85160999918685,36.81123250010114,37.015607739760185,36.50695690542409,36.71932174892356
P_0049_0011,49,11,11.758499999999998,-17.9955,21.496519311274557,20,0.783,1.0,136.44241332080043,141.7214477587189,37.192518395367394,36.90798796469761,37.4675022928551,37.19751678178534,0.18502848311198378,0.5595143281574906,0.28952881708772793,0.7145776860248921,37.22806824258777,37.2740633113645,37.4675022928551,36.90798796469761,37.10996209742172
P_0049_0012,49,12,11.758499999999998,-17.2125,20.84544263142426,16,0.783,1.0,144.19964996023427,148.28613243333325,37.58132852462863,37.360725321516725,37.796388190983976,37.57855360349026,0.1390069598364894,0.43566286946725086,0.2178345874937122,0.5564021321420828,37.57329897005821,37.61009335868499,37.796388190983976,37.360725321516725,37.55226217620742
P_0049_0013,49,13,11.758499999999998,-16.429499999999997,20.203732142849248,16,0.783,1.0,150.50991487176645,154.3507847269883,37.89738721465789,37.689862625533465,38.100025903926735,37.91023196811193,0.13353871952084398,0.41016327839327005,0.22036934257846497,0.523835604589106,37.966922176559706,37.91979968239048,38.100025903926735,37.689862625533465,37.87454945214927
P_0049_0014,49,14,11.758499999999998,-15.6465,19.57230912539448,20,0.783,1.0,157.03367048801945,161.30783265210724,38.223910835562606,37.99346728448671,38.44809239464837,38.2286606773492,0.14793458572022822,0.45462511016165763,0.23519339286248453,0.5806195532077364,38.2551542180521,38.27427269832003,38.44809239464837,37.99346728448671,38.17231679123876
P_0049_0015,49,15,11.758499999999998,-14.8635,18.952201837781278,16,0.783,1.0,163.04276510074519,166.4248017946708,38.52446530610719,38.34117777257222,38.7039128890076,38.523127546816326,0.11489520071597606,0.36273511643537404,0.18194977424410297,0.4632632393810652,38.52223349007102,38.53446594766967,38.7039128890076,38.34117777257222,38.513847634761134
P_0049_0016,49,16,11.758499999999998,-14.080499999999999,18.344557844221807,16,0.783,1.0,167.96986315613054,171.1790539715847,38.77072872085479,38.59650964467062,38.94144527729253,38.781580489511306,0.11169795548216768,0.34493563262191174,0.1850708448406877,0.4405308207176395,38.82916825819882,38.77582709982329,38.94144527729253,38.59650964467062,38.76495216757127
P_0049_0017,49,17,11.758499999999998,-13.2975,17.75065712868118,20,0.783,1.0,173.08821634269128,176.6529181472513,39.02636941009761,38.83340282105911,39.21472745164982,39.03091155660776,0.12243626623106985,0.3813246305907114,0.19750873554865223,0.48700463676974637,39.05502883252615,39.05326049934854,39.21472745164982,38.83340282105911,38.99813817845518
P_0049_0018,49,18,11.758499999999998,-12.5145,17.17192570738646,16,0.783,1.0,177.81398695206778,180.68416110493712,39.262229088379044,39.10570510337806,39.41583103602375,39.26199019184186,0.09812399037956826,0.3101259326456898,0.15628508846380385,0.3960739880532436,39.26474155760508,39.2572575454966,39.41583103602375,39.10570510337806,39.26641571670581
P_0049_0019,49,19,11.758499999999998,-11.731499999999999,16.60994926241498,16,0.783,1.0,181.68950875514022,184.4265552951169,39.45550545978958,39.3058983920497,39.60239095193293,39.464844178071,0.09612224628920049,0.29649255988323375,0.15894578602129883,0.3786622731586638,39.50574390156686,39.44638672727001,39.60239095193293,39.3058983920497,39.46380091753548
P_0049_0020,49,20,11.758499999999998,-10.9485,16.066486065720778,20,0.783,1.0,185.7073736640312,188.72230787572937,39.6557196508849,39.49144780694331,39.816353134910855,39.660102955726586,0.10349284053500118,0.32490532796754223,0.16865514878327303,0.4149493332918802,39.682692383587664,39.66316605177775,39.816353134910855,39.49144780694331,39.64685540141335
P_0049_0021,49,21,11.758499999999998,-10.165499999999998,15.543478133931282,16,0.783,1.0,189.40200699589676,191.86942638611225,39.83966853830445,39.70401842205166,39.97295952585358,39.84813501338435,0.08774756648157153,0.2689411038019216,0.14411659133268984,0.34347522835494454,39.88525758282504,39.82175010943189,39.97295952585358,39.70401842205166,39.8566894267596
P_0049_0022,49,22,11.758499999999998,-9.3825,15.043059146995333,20,0.783,1.0,192.76678786177308,195.46007361605197,40.00702583760617,39.85941615605719,40.15145642405582,40.01132392219919,0.09302769649601328,0.2920402679986296,0.15190776614199564,0.37297607662660226,40.03316420384937,40.00241688799196,40.15145642405582,39.85941615605719,40.0101659390416
P_0049_0023,49,23,11.758499999999998,-8.599499999999999,14.567557190551884,16,0.783,1.0,195.8396949644876,198.0697331352116,40.159707649011686,40.0362901841101,40.2810404169565,40.160970454246936,0.0791899285831705,0.24475023284639974,0.12468027013683525,0.31258011857777745,40.16906841933553,40.133520601589055,40.2810404169565,40.0362901841101,40.18493264924348
P_0049_0024,49,24,11.758499999999998,-7.816499999999998,14.119489881011988,16,0.783,1.0,198.32204588990268,200.454704213682,40.28290325457096,40.16448967210641,40.39933352127787,40.290278820849764,0.07823720024606413,0.23484384917145462,0.12578914874335112,0.2999282875752933,40.32275365827337,40.253159994752025,40.39933352127787,40.16448967210641,40.31165725783916
P_0049_0025,49,25,11.758499999999998,-7.0335,13.701548981775746,20,0.783,1.0,200.84492242122553,203.130672654017,40.40794367277344,40.28132357852945,40.531865795273575,40.41214863914901,0.08092231425939993,0.25054221674412247,0.13082506061955712,0.3199772883066698,40.43321515012292,40.38715276823791,40.531865795273575,40.28132357852945,40.427185903581176
P_0049_0026,49,26,11.758499999999998,-6.250499999999999,13.31657134926254,16,0.783,1.0,203.10647214331652,205.03459528244755,40.51985751453964,40.41192805854183,40.62599674997796,40.52190498474007,0.07184629223025403,0.2140686914361254,0.10997692619823596,0.27339551907551135,40.53293488709295,40.48228848008233,40.62599674997796,40.41192805854183,40.55637674800528
P_0049_0027,49,27,11.758499999999998,-5.467499999999998,12.967493146325543,16,0.783,1.0,204.89086075213874,206.7335412029224,40.607993621843136,40.50443375991017,40.70983647383218,40.61441683809303,0.07125053684043733,0.20540271392201248,0.10998307818285724,0.2623278594150862,40.64290381781149,40.56699786879568,40.70983647383218,40.50443375991017,40.647912270115626
P_0049_0028,49,28,11.758499999999998,-4.6845,12.657284957683459,20,0.783,1.0,206.65061747050981,208.5755066570834,40.69471225077473,40.58657358575408,40.80049532717203,40.69885438653783,0.07198031608107257,0.2139217414179484,0.11228080078375058,0.2732078434456557,40.71942228795427,40.65856580711284,40.80049532717203,40.58657358575408,40.72921492469595
P_0049_0029,49,29,11.758499999999998,-3.9014999999999986,12.388866957877946,16,0.783,1.0,208.16774578559688,209.82805540808724,40.7692526347247,40.67500048929509,40.86193036286619,40.77205336188264,0.0668410091839026,0.1869298735711027,0.0970528725875539,0.23873547071660622,40.785971396320406,40.72059367943666,40.86193036286619,40.67500048929509,40.81677088149485
P_0049_0030,49,30,11.758499999999998,-3.1184999999999974,12.165005733660792,16,0.783,1.0,209.30433655146953,210.88729160766096,40.82487348908742,40.73456206928296,40.91366576509921,40.83043756075026,0.06650926541260836,0.17910369581625218,0.09587549146730368,0.2287403522557499,40.85538350798106,40.77280794678916,40.91366576509921,40.73456206928296,40.87576851459892
P_0049_0031,49,31,11.758499999999998,-2.3354999999999997,11.988197633506045,20,0.783,1.0,210.34803983392212,211.94294048364864,40.875657761990865,40.78434289199049,40.96486996765583,40.8797636381993,0.06614213854263751,0.18052707566533854,0.09542074620880925,0.23055820646914243,40.90005073610479,40.82445626420605,40.96486996765583,40.78434289199049,40.92509833103935
P_0049_0032,49,32,11.758499999999998,-1.5524999999999984,11.860547141679424,16,0.783,1.0,211.15928879886036,212.57480334730303,40.914780122885034,40.83298465863282,40.99516592690048,40.918327442464985,0.06404435553859103,0.1621812682676591,0.08534278383216787,0.20712805653596308,40.93516951874551,40.85498744982482,40.99516592690048,40.83298465863282,40.9733296582213
P_0049_0033,49,33,11.758499999999998,-0.7695000000000007,11.783651916956812,16,0.783,1.0,211.67535731728134,213.01887698821787,40.93926990161572,40.86113044649352,41.01604294812006,40.94403590714305,0.06392893492302343,0.1549125016265407,0.08290546064953475,0.1978448296635258,40.965744778813416,40.87599480404168,41.01604294812006,40.86113044649352,41.00126655824658
P_0049_0034,49,34,11.758499999999998,0.013500000000000512,11.758507749710418,20,0.783,1.0,212.02637623003088,213.3107771311121,40.95530617729251,40.8797628880838,41.028938720011126,40.95940008119187,0.0635645594573132,0.1491758319273231,0.07963719310806994,0.190518303866313,40.97959635405192,40.88890777348536,41.028938720011126,40.8797628880838,41.01979467032714
P_0049_0035,49,35,11.758499999999998,0.7965000000000018,11.785445876164378,16,0.783,1.0,212.1481749745006,213.34570424836912,40.95984507327897,40.88856563390618,41.029992737582006,40.9641538349254,0.06343569949941259,0.14119340102695332,0.07558820101921526,0.18032362838691357,40.98403346681539,40.88856563390618,41.02869886462821,40.88971217434408,41.029759034933136
P_0049_0036,49,36,11.758499999999998,1.5794999999999995,11.864111534371208,16,0.783,1.0,212.05238881805235,213.3102974807552,40.95364478102083,40.87871073137461,41.0271703249748,40.95764927083494,0.063521866883851,0.14845959360018668,0.07893853946033147,0.18960356781633037,40.97631954802813,40.87871073137461,41.01905045077416,40.886995299023,41.0271703249748
P_0049_0037,49,37,11.758499999999998,2.3625000000000007,11.993486919991199,20,0.783,1.0,211.7139575103334,213.09871697907357,40.9350990288221,40.8529337663482,41.01516298565508,40.939204700925714,0.0644131207718258,0.16222921930688017,0.086270934577513,0.20718929668822497,40.95949072474508,40.8529337663482,40.99368085363574,40.874755174244456,41.01516298565508
P_0049_0038,49,38,11.758499999999998,3.145500000000002,12.171955163407395,16,0.783,1.0,211.14307188510008,212.5684210555517,40.90489275439462,40.8214461368193,40.98682095340729,40.909999196890965,0.0650358760250076,0.1653748165879918,0.08855306007166774,0.2112066623090572,40.93311464017256,40.8214461368193,40.962642262635086,40.84597199142058,40.98682095340729
P_0049_0039,49,39,11.758499999999998,3.9284999999999997,12.397396279057952,16,0.783,1.0,210.42676348120008,211.9294672179507,40.86756500217689,40.78017926720759,40.95337715203357,40.870822717827096,0.06533941301919745,0.1731978848259743,0.09064345061950263,0.22119780948400294,40.88656846384805,40.78017926720759,40.921937430153946,40.81205127589232,40.95337715203357
P_0049_0040,49,40,11.758499999999998,4.711500000000001,12.667302573949987,20,0.783,1.0,209.38245282333233,211.09720082891957,40.81360662454434,40.71462415424725,40.910235358463126,40.81774847292998,0.06872422450553083,0.1956112042158793,0.10312431868273109,0.24982273846217024,40.83831411370994,40.71462415424725,40.85725017528068,40.76831856294888,40.910235358463126
P_0049_0041,49,41,11.758499999999998,5.494500000000002,12.978900280840437,16,0.783,1.0,208.09551376218045,209.78058832722436,40.74747292985094,40.65078453125472,40.84244587835201,40.75021128820716,0.06794112935908,0.19166134709728766,0.09942675695243963,0.2447782210693329,40.76395774479465,40.65078453125472,40.79424503661727,40.69962325001717,40.84244587835201
P_0049_0042,49,42,11.758499999999998,6.277500000000003,13.32926586500547,20,0.783,1.0,206.54146971969385,208.5019247687222,40.66793307162814,40.556382706009344,40.77690426903314,40.6721151737154,0.0737059218953233,0.22052156302379444,0.11573246770605294,0.2816367343854335,40.69299933261453,40.556382706009344,40.70107484325246,40.6332147176675,40.77690426903314
P_0049_0043,49,43,11.758499999999998,7.060500000000005,13.715428629831443,16,0.783,0.5,102.39945759852358,206.61476911645417,38.89111479162845,37.13036554868114,40.68048070647092,39.23856336371457,1.6796234992169878,3.550115157789776,2.108197815033428,4.533991261545052,40.61158358096952,37.13036554868114,37.23487128111032,40.53551570134096,40.68048070647092
P_0049_0044,49,44,11.758499999999998,7.843499999999999,14.134454870988126,16,0.783,0.0,0.0,0.0,35.48737326461918,34.881026621152216,37.18473968363992,35.37702488349853,0.8694067698100444,2.2333746859516737,1.7373764236053617,2.852330377971486,34.94322248402017,34.881026621152216,34.95627062252356,37.11440130710389,34.99020338269281
P_0049_0045,49,45,11.758499999999998,8.6265,14.583512076999833,20,0.783,0.45,90.0945281496941,201.83686261086757,36.79645102184861,34.8565033129085,40.28164463807349,37.28899164661906,2.0818925394904255,5.362234718574712,2.942169865827303,6.848320202521982,38.20325386009165,40.23116151244636,38.19728498050546,34.86892679387165,34.94433108618017
P_0049_0046,49,46,11.758499999999998,9.409500000000001,15.05991409338048,16,0.783,1.0,197.9293351728068,200.13021701840495,40.22962593836032,40.10648269709077,40.35054213525541,40.23727942600118,0.08096972246643272,0.2440594381646406,0.13079672891041128,0.31169787760490497,40.27104779064962,40.10648269709077,40.25719950328539,40.20112500372471,40.35054213525541
P_0049_0047,49,47,11.758499999999998,10.192500000000003,15.561149652258988,16,0.783,1.0,195.33849535876095,197.64830886323676,40.098171883860545,39.96941294379525,40.22457380979381,40.099313321093994,0.08223616094361941,0.2551608659985618,0.12990037729874615,0.32587594635831646,40.107134102440455,39.96941294379525,40.12204785284814,40.073397896592326,40.22457380979381
P_0049_0048,49,48,11.758499999999998,10.975500000000004,16.084897341916736,20,0.783,1.0,192.1166796841147,194.9214727148265,39.9348451953403,39.77976252564957,40.08629362911904,39.939227594013175,0.09759233602905226,0.3065311034694673,0.15946506836360186,0.3914828907656032,39.96181017991165,39.77976252564957,39.93512778291751,39.933143852468106,40.08629362911904
P_0049_0049,49,49,11.758499999999998,11.758499999999998,16.629030173164036,16,0.783,1.0,188.571632432443,191.15107308668,39.75526199952382,39.61255655091304,39.895247361739166,39.76414084546551,0.09203195926401109,0.282690810826125,0.15158429455247102,0.36103551829645597,39.80319992564699,39.61255655091304,39.77041371806536,39.739286670963,39.895247361739166
P_0049_0050,49,50,11.758499999999998,12.5415,17.191612620693846,16,0.783,1.0,185.11639299134322,187.8289612584728,39.58033243833841,39.43071595611298,39.727030166486486,39.58055114006841,0.09401065122207788,0.29631421037350947,0.14983518395543172,0.3784344960070363,39.58513034360499,39.43071595611298,39.59137657817877,39.56850265595881,39.727030166486486
P_0049_0051,49,51,11.758499999999998,13.3245,17.770892563402658,20,0.783,1.0,180.86344003918597,184.2180006627597,39.36512424669344,39.18136909902376,39.54427650609336,39.369665093232655,0.11598080409082502,0.36290740706959923,0.1882959942088931,0.4634832785052353,39.39377288239461,39.18136909902376,39.34604560348026,39.38286137517128,39.54427650609336
P_0049_0052,49,52,11.758499999999998,14.107500000000002,18.36529004671584,16,0.783,1.0,176.21790450984457,179.26948943955892,39.1301479124747,38.96285068255571,39.29394472438804,39.140538585070395,0.10717559663030643,0.3310940418323298,0.17768790251468403,0.4228531824167686,39.18628022809924,38.96285068255571,39.131231170500826,39.12838611980817,39.29394472438804
P_0049_0053,49,53,11.758499999999998,14.890500000000003,18.973384318565838,16,0.783,1.0,171.71108881643187,174.93551962461774,38.902265511178385,38.72591157497362,39.07478628776608,38.90138576722292,0.1103487486944381,0.3488747127924583,0.17547419224929683,0.44556157444758404,38.902318761180936,38.72591157497362,38.89850806524959,38.90540414694436,39.07478628776608
P_0049_0054,49,54,11.758499999999998,15.673500000000004,19.593900186027284,20,0.783,1.0,166.17481186092544,170.2388328440268,38.622407983208326,38.401208954327046,38.83734983805863,38.62715593148259,0.14105973815777664,0.4361408837315821,0.22594697715554446,0.5570126229011265,38.65363721174504,38.401208954327046,38.579977185948906,38.66360646733335,38.83734983805863
P_0049_0055,49,55,11.758499999999998,16.4565,20.22569441329518,16,0.783,1.0,160.12387390189173,163.8071378713738,38.31660205307392,38.11603935678141,38.512289245966485,38.32898413503399,0.1286600181725223,0.39624988918507853,0.2129447782525844,0.5060662697127439,38.38381662676335,38.11603935678141,38.30062673060735,38.33214871505135,38.512289245966485
P_0049_0056,49,56,11.758499999999998,17.2395,20.867742630672822,16,0.783,1.0,154.2338913523322,158.16276793969138,38.018983225926135,37.80535621240722,38.22707265514407,38.01666690313891,0.13410162703056477,0.4217164427368516,0.21131069073169328,0.5385906037507683,38.0132414554123,37.80535621240722,37.99678290645613,38.04088128627484,38.22707265514407
P_0049_0057,49,57,11.758499999999998,18.0225,21.519127038520868,20,0.783,1.0,146.94947237011758,152.01836562704972,37.65095226074632,37.37573973616389,37.91663725978162,37.655948244828494,0.177813670268421,0.5408975236177369,0.28020850866460734,0.6908014350162668,37.68647536216679,37.37573973616389,37.57757315251166,37.7233157135185,37.91663725978162
P_0049_0058,49,58,11.758499999999998,18.805500000000002,22.179025057472657,16,0.783,1.0,138.90303419739809,143.5304807963712,37.24446176978296,36.9932645645477,37.487845552754095,37.25973933584961,0.16204317918413538,0.49458098820639407,0.2664747713019082,0.6316487716556757,37.32852354052835,36.9932645645477,37.20544898926187,37.28361403215604,37.487845552754095
P_0049_0059,49,59,11.758499999999998,19.588500000000003,22.84669898475489,16,0.783,1.0,130.94825443135295,135.98317782845322,36.842632266228094,36.569196942747055,37.10659497132372,36.838102722484734,0.17277006283914165,0.5373980285766677,0.26890577973767904,0.686332092690508,36.82896806431575,36.569196942747055,36.79429677447456,36.8914568595626,37.10659497132372
P_0049_0060,49,60,11.758499999999998,20.371500000000005,23.52148665582174,20,0.783,1.0,120.88154620751773,127.62662331168951,36.3341573656006,35.965662115104806,36.68449422364495,36.339286617074926,0.24080662956270782,0.7188321085401412,0.3736245019701201,0.9180486699107806,36.37828423552253,35.965662115104806,36.2123434421726,36.45564906892975,36.68449422364495
P_0049_0061,49,61,11.758499999999998,21.1545,24.202793072288163,16,0.783,1.0,109.38569128511506,115.7575194530902,35.75356318914007,35.40519591096512,36.08499965655415,35.74622484218717,0.22076996721486633,0.6798037455890338,0.34102893122204847,0.8682040173550878,35.73167973145553,35.40519591096512,35.67628188112343,35.83296703083761,36.08499965655415
P_0049_0062,49,62,11.758499999999998,21.9375,24.890082934775446,20,0.783,1.0,95.74465986746874,104.76613280264684,35.06485042296879,34.56098568481946,35.52992337613466,35.06914904788033,0.32934734608919225,0.9689376913152046,0.5081633630608735,1.2374683158559445,35.123467329145114,34.56098568481946,34.88017040383795,35.25119844546447,35.52992337613466
P_0049_0063,49,63,11.758499999999998,22.7205,25.582874007820152,16,0.783,1.0,78.99140482148692,88.28412547626723,34.21982594175179,33.69341965821951,34.69787583662054,34.24690109802376,0.3381142926722343,1.0044561784010284,0.5534814398042514,1.282830368328261,34.39382574933239,33.69341965821951,34.0844902592583,34.36489398668806,34.69787583662054
P_0049_0064,49,64,11.758499999999998,23.503500000000003,26.280731239826643,16,0.783,1.0,58.78839198780846,71.48451227381946,33.205184223519296,32.43039136313121,33.85103375056673,33.17697795700184,0.47010568027997757,1.420642387435521,0.7465865938706315,1.814358093787383,33.1629663654486,32.43039136313121,33.00892844798318,33.43156985787948,33.85103375056673
P_0049_0065,49,65,11.758499999999998,24.286500000000004,26.983261561568128,10,0.783,1.0,32.210447196525486,47.51754558118319,31.909761815702996,31.187948076650173,32.65101911540734,31.72393841683114,0.5441043544626831,1.463071038757164,0.9270806985761979,1.8685453879401837,31.187948076650173,31.200281061146995,31.631351770798855,31.94909206015234,32.65101911540734
P_0050_0004,50,4,12.5415,-23.4765,26.616447443263347,16,0.783,1.0,29.303552821747544,46.96001039033079,31.820926067285665,30.71535824035942,32.6740095407539,31.814095435012916,0.652215508804517,1.9586513003944788,1.098737194653495,2.501470370874175,31.96939264195845,32.13212287651544,32.6740095407539,30.71535824035942,31.57959387547737
P_0050_0005,50,5,12.5415,-22.6935,25.928443156117183,20,0.783,1.0,58.03618410805043,70.77957331170924,33.221755441186545,32.46524603492253,33.87404370882109,33.19383883419241,0.4785881780207398,1.4087976738985617,0.7285927992698831,1.7992307457197467,33.17461244074798,33.50064011394073,33.87404370882109,32.46524603492253,32.95465187252972
P_0050_0006,50,6,12.5415,-21.9105,25.24597458011871,16,0.783,1.0,76.92261569844277,85.1922650312921,34.173194352748084,33.7134217248618,34.60005119298808,34.139605515165876,0.2935849307419775,0.8866294681262801,0.46044567782220724,1.132349256866258,34.03161250471362,34.283562352887486,34.60005119298808,33.7134217248618,34.069379800378385
P_0050_0007,50,7,12.5415,-21.127499999999998,24.569503016951725,16,0.783,1.0,90.24346418616489,97.33425258990728,34.843943962520385,34.45548654202378,35.211116286643005,34.84700468206667,0.24529597349776772,0.7556297446192275,0.39151814004289065,0.9650443737154885,34.877004377004255,34.92962328143159,35.211116286643005,34.45548654202378,34.7617929232307
P_0050_0008,50,8,12.5415,-20.3445,23.899537704733955,20,0.783,1.0,102.92266561690053,110.35851932172032,35.481784975161744,35.07586498193342,35.86595591247635,35.46984700656719,0.26371010129750316,0.7900909305429309,0.39610890590915915,1.0090561054188134,35.44331217932006,35.6135595640377,35.86595591247635,35.07586498193342,35.35054239506843
P_0050_0009,50,9,12.5415,-19.5615,23.23664142039464,16,0.783,1.0,113.97244029339728,119.50581003066873,36.03716076824702,35.73776725428701,36.32545768820864,36.01601355565566,0.19240285874022042,0.5876904339216296,0.30944413255297576,0.7505624954299228,35.94151339784935,36.0897694481265,36.32545768820864,35.73776725428701,35.9855599898068
P_0050_0010,50,10,12.5415,-18.7785,22.58143672355681,16,0.783,1.0,122.69116605633334,127.76746945074568,36.475010215417534,36.2008579725624,36.74016557740953,36.476608504674275,0.1728007565744418,0.5393076048471244,0.2757505321118714,0.6887708874165062,36.49147902332692,36.51754943320782,36.74016557740953,36.2008579725624,36.43299051686472
P_0050_0011,50,11,12.5415,-17.9955,21.934612886941952,20,0.783,1.0,131.5160539964548,137.0737401957892,36.91784720014722,36.61801460103095,37.20694352938773,36.90898126315292,0.19332397091520118,0.5889289283567791,0.29796226623481203,0.7521442252321572,36.88495925530265,36.9971991449741,37.20694352938773,36.61801460103095,36.83778978506916
P_0050_0012,50,12,12.5415,-17.2125,21.29693354687477,16,0.783,1.0,139.52125875768905,143.8295440155168,37.31925249659439,37.0867667597704,37.54553904914377,37.30298965764812,0.14886300986835027,0.4587722893733712,0.24254939149565047,0.5859160783823387,37.24423953288232,37.3441133836804,37.54553904914377,37.0867667597704,37.29428956276371
P_0050_0013,50,13,12.5415,-16.429499999999997,20.669245087811017,16,0.783,1.0,146.01393551203108,150.05635771960723,37.644578807424736,37.42632179840018,37.85741703820924,37.64499120486603,0.13688275329432142,0.4310952398090606,0.21866940646584965,0.5505686332171911,37.65232754714185,37.66300523194013,37.85741703820924,37.42632179840018,37.62588440863874
P_0050_0014,50,14,12.5415,-15.6465,20.05248574366779,20,0.783,1.0,152.71059395259311,157.18441356415985,37.97988897899894,37.73874925880512,38.21417544367728,37.97237130689972,0.15375298298398832,0.4754261848721555,0.24180413677756007,0.6071854212926634,37.95023706213624,38.02711840566815,38.21417544367728,37.73874925880512,37.93157636421182
P_0050_0015,50,15,12.5415,-14.8635,19.447695351891955,16,0.783,1.0,158.86707969207202,162.4179958606827,38.2879352341327,38.09574772699557,38.47592450840722,38.27453877717994,0.12274526643626985,0.3801767814116488,0.2013857312272762,0.4855386735780955,38.225672213981966,38.29385949391275,38.47592450840722,38.09574772699557,38.28148994260221
P_0050_0016,50,16,12.5415,-14.080499999999999,18.856025628429762,16,0.783,1.0,163.90690015423547,167.2742818213117,38.5399294935613,38.35740367306539,38.71864528836676,38.539372520698365,0.11424507328971457,0.3612416153013669,0.18196884763297305,0.46135583052537277,38.54155509697216,38.540933426731726,38.71864528836676,38.35740367306539,38.53832511835577
P_0050_0017,50,17,12.5415,-13.2975,18.278750736852885,20,0.783,1.0,169.13532907820834,172.8586962619874,38.80116764187339,38.59982374159552,38.99755012564361,38.79440801460066,0.1271144859798959,0.3977263840480916,0.20314211104295055,0.507951959192965,38.77359213539643,38.82453990517973,38.99755012564361,38.59982374159552,38.776534165188025
P_0050_0018,50,18,12.5415,-12.5145,17.71727779598209,16,0.783,1.0,173.95716631524908,176.96694627527856,39.04191338563799,38.87810693871285,39.20257117829431,39.03050433695383,0.104853088397159,0.32446423958146653,0.1720668413404809,0.4143860020197529,38.98875383808297,39.0328272050433,39.20257117829431,38.87810693871285,39.05026252463574
P_0050_0019,50,19,12.5415,-11.731499999999999,17.173156800658404,16,0.783,1.0,177.9075114292903,180.7776855821596,39.238996112513725,39.08246148799759,39.3926085841515,39.23759548141942,0.09841877174760581,0.3101470961539121,0.15513399342182765,0.39610101679937687,39.23570043997307,39.225757591061495,39.3926085841515,39.08246148799759,39.25144930391343
P_0050_0020,50,20,12.5415,-10.9485,16.648089214681665,20,0.783,1.0,181.99941282292247,185.14834022821728,39.44297735143628,39.271700275120224,39.61038263908523,39.43669371075633,0.10759882023895379,0.33868236396500606,0.17368892832890026,0.4325445261366616,39.41680911827677,39.44669609242556,39.61038263908523,39.271700275120224,39.43788042887388
P_0050_0021,50,21,12.5415,-10.165499999999998,16.143934232398244,16,0.783,1.0,185.75924996890416,188.3480182332941,39.6302444937285,39.48830944081431,39.7696643445924,39.62830408530472,0.09004322707607178,0.28135490377808736,0.14136025928767992,0.35932937902693146,39.62393483515973,39.60819468991673,39.7696643445924,39.48830944081431,39.65141711604042
P_0050_0022,50,22,12.5415,-9.3825,15.662711403202191,20,0.783,1.0,189.18091621733694,191.99630731163657,39.80049728665229,39.64653748111385,39.95109581985918,39.79444392147717,0.09692123509794087,0.30455833874532345,0.15665189838200888,0.3889633955878971,39.77503976327915,39.79205409425356,39.95109581985918,39.64653748111385,39.80749244888011
P_0050_0023,50,23,12.5415,-8.599499999999999,15.20659799231899,16,0.783,1.0,192.3038797242324,194.6463212420257,39.95572745116246,39.82651104747782,40.08273467868395,39.946706446463836,0.08480970488842703,0.2562236312061259,0.13602823222011295,0.3272332454739794,39.91378680828103,39.92539072731506,40.08273467868395,39.82651104747782,39.98510897056133
P_0050_0024,50,24,12.5415,-7.816499999999998,14.777919153250227,16,0.783,1.0,194.8252660601206,197.06702966876705,40.08091070933058,39.95687697039358,40.20284786560308,40.07822705999193,0.0806930891578362,0.24597089520950277,0.1246208056111513,0.3141390743416383,40.07057659674621,40.04700613391964,40.20284786560308,39.95687697039358,40.11382773329717
P_0050_0025,50,25,12.5415,-7.0335,14.379128780979743,20,0.783,1.0,197.3865112245523,199.7817534201885,40.20790520312545,40.0756262071904,40.3373543286362,40.202087579908095,0.08467395566026877,0.26172812144579893,0.13526674872810673,0.33426324578007527,40.18319606526171,40.18314036668562,40.3373543286362,40.0756262071904,40.23112093176656
P_0050_0026,50,26,12.5415,-6.250499999999999,14.012778899989822,16,0.783,1.0,199.68134423680664,201.7123284840991,40.32151446646287,40.20830300106752,40.432843253979286,40.31358510718378,0.07700059656869195,0.2245402529117655,0.11925814679550228,0.2867691608068525,40.28480872515411,40.279747996792366,40.432843253979286,40.20830300106752,40.36222255892562
P_0050_0027,50,27,12.5415,-5.467499999999998,13.681475742769853,16,0.783,1.0,201.49113657875048,203.43433831222583,40.410944916696394,40.30222971404044,40.51785827508508,40.40753745978903,0.07400377276585889,0.2156285610446389,0.11032081529604909,0.27538768971218247,40.39679935072144,40.36573067638369,40.51785827508508,40.30222971404044,40.45506928271453
P_0050_0028,50,28,12.5415,-4.6845,13.387821424712833,20,0.783,1.0,203.27509828826393,205.30040668990915,40.498897132337405,40.38559513195253,40.60974585429659,40.493230297434636,0.07571359155876926,0.22415072234406352,0.11651555686195536,0.28627167604605813,40.47467822405287,40.45862893676451,40.60974585429659,40.38559513195253,40.537503340106696
P_0050_0029,50,29,12.5415,-3.9014999999999986,13.134341418586619,16,0.783,1.0,204.81230979775455,206.5686640340489,40.57446137419642,40.47529640203573,40.67198200534517,40.567482264723786,0.07157257821856429,0.19668560330944018,0.10449974062138523,0.2511948956697831,40.54237280938071,40.5215236185494,40.67198200534517,40.47529640203573,40.62623648830794
P_0050_0030,50,30,12.5415,-3.1184999999999974,12.9233998816101,16,0.783,1.0,205.9632695501823,207.640579833998,40.6308150591306,40.53568231885277,40.72436434740945,40.62668201469813,0.06965564163041335,0.18868202855667704,0.09768233271131521,0.24097321654748025,40.61292958997677,40.57443770483548,40.72436434740945,40.53568231885277,40.685996112416206
P_0050_0031,50,31,12.5415,-2.3354999999999997,12.757107136808091,20,0.783,1.0,207.01938805597166,208.7079775025496,40.68223292282447,40.5861222606876,40.77616847841966,40.67665063551853,0.06991774535406871,0.19004621773206054,0.09951784290113608,0.24271547603072866,40.65829228464531,40.62673493570003,40.77616847841966,40.5861222606876,40.735935218140014
P_0050_0032,50,32,12.5415,-1.5524999999999984,12.63722590207202,16,0.783,1.0,207.8394209914935,209.346052537304,40.721804051638195,40.635363694238606,40.80678214144723,40.71567875362607,0.06835603808981192,0.1714184472086231,0.0911033878211569,0.21892521993438452,40.69391724914408,40.65760971520314,40.80678214144723,40.635363694238606,40.7847209680973
P_0050_0033,50,33,12.5415,-0.7695000000000007,12.565084659483993,16,0.783,1.0,208.36014389721385,209.7935613810909,40.74653222415226,40.66381463870943,40.82783523014086,40.74165251077214,0.06752686297774507,0.16402059143143077,0.0861827193687219,0.20947712826491796,40.72486492087745,40.67880776712252,40.82783523014086,40.66381463870943,40.81293999701046
P_0050_0034,50,34,12.5415,0.013500000000000512,12.54150726587518,20,0.783,1.0,208.71290298682916,210.0858901249309,40.762658787017834,40.68259984367842,40.84075464963962,40.75710380593854,0.06738787766754642,0.15815480596120324,0.08365084370107922,0.20198570365415483,40.738809148587904,40.69174633165619,40.84075464963962,40.68259984367842,40.83160905613056
P_0050_0035,50,35,12.5415,0.7965000000000018,12.566767066354018,16,0.783,1.0,208.8329615544331,210.11978830192345,40.767110829776264,40.691254263997,40.84175706211733,40.76177383905252,0.06731689827717349,0.15029926938449734,0.0797796943289768,0.19195308989080118,40.743157337865455,40.691254263997,40.84037654832821,40.69252751169046,40.8415535333815
P_0050_0036,50,36,12.5415,1.5794999999999995,12.640571288513822,16,0.783,1.0,208.73252101068545,210.0815466707561,40.76067509118762,40.68109736025377,40.83879149841141,40.755007241029524,0.06759635405956198,0.15769413815763755,0.08378425738188611,0.20139736674027783,40.73507567753797,40.68109736025377,40.83044898105072,40.68962268789375,40.83879149841141
P_0050_0037,50,37,12.5415,2.3625000000000007,12.76207775011577,20,0.783,1.0,208.38530573238285,209.86375399797447,40.74168393047567,40.65472502648697,40.826469473165446,40.73610199968334,0.06825798370277877,0.1717444466784741,0.09036747348210383,0.2193415666391751,40.717744446491,40.65472502648697,40.80452875741031,40.677042294862986,40.826469473165446
P_0050_0038,50,38,12.5415,3.145500000000002,12.929941705205016,16,0.783,1.0,207.8020048838128,209.3217092818888,40.710847492837416,40.622581714705575,40.79753120265343,40.70625753088316,0.06848839198144613,0.17494948794785614,0.09127367177027423,0.22343485050811768,40.69067680088585,40.622581714705575,40.77288342952835,40.64761450664258,40.79753120265343
P_0050_0039,50,39,12.5415,3.9284999999999997,13.142386940734927,16,0.783,1.0,207.07132749335773,208.67007584391237,40.672790128164095,40.58049376730207,40.76344300235161,40.66626895498083,0.0698921127296722,0.1829492350495343,0.09717404737077828,0.2336516411871447,40.64299091027255,40.58049376730207,40.731419753867385,40.61299734111054,40.76344300235161
P_0050_0040,50,40,12.5415,4.711500000000001,13.39729280489159,20,0.783,1.0,206.0069336410864,207.82210086174527,40.617811611427534,40.51366776922396,40.71950344539579,40.61214539489074,0.07257319588156716,0.20583567617183007,0.10735805050504865,0.2628808124799873,40.59359511392512,40.51366776922396,40.66555955748135,40.56840108842749,40.71950344539579
P_0050_0041,50,41,12.5415,5.494500000000002,13.692288066645398,16,0.783,1.0,204.69578958879225,206.48138543652783,40.550447982972855,40.44860643956014,40.65048948798432,40.54328192354859,0.07282613850646437,0.20188304842418603,0.10720756443573265,0.25783275660815586,40.51750833054905,40.44860643956014,40.60142634518678,40.49837901446267,40.65048948798432
P_0050_0042,50,42,12.5415,6.277500000000003,14.024843261156255,20,0.783,1.0,203.11281089175708,205.17965797037377,40.46943777953394,40.352401380066,40.583775937170174,40.463675499204854,0.07757235440979367,0.23137455710417498,0.12010043796531988,0.2954975186515645,40.4449076416264,40.352401380066,40.50659133729431,40.43070119986737,40.583775937170174
P_0050_0043,50,43,12.5415,7.060500000000005,14.392355001875128,16,0.783,0.9375,188.64902303793872,203.2585972104536,40.167648026042144,37.09446608507557,40.485628367139896,39.70720626689371,1.308357923209614,3.391162282064329,2.6127401818181397,4.330986311704123,40.36160374360952,40.26319836452643,37.09446608507557,40.33113477411712,40.485628367139896
P_0050_0044,50,44,12.5415,7.843499999999999,14.792218038549864,16,0.783,0.125,24.903846629936602,199.6904735361228,37.13573390386297,34.85521772556882,40.29192309216029,37.21187025038449,1.7252193530758442,5.383938919736302,3.0272863949206297,6.876039488807537,36.97103018665536,36.91551861360489,34.85521772556882,40.23915664530512,37.078428080788285
P_0050_0045,50,45,12.5415,8.6265,15.221883079960902,20,0.783,0.1,19.58639482579524,197.24983683629517,37.23803628147435,36.839753606369925,40.17985078233659,38.20103655953854,1.552135257210117,3.2825306783412884,1.97881422279805,4.1922486313426415,36.89761117241795,40.02084332512823,40.17985078233659,36.8973201039953,37.009557413814605
P_0050_0046,50,46,12.5415,9.409500000000001,15.678900232478043,16,0.783,1.0,194.33762484582562,196.655588913322,40.02284546150648,39.893654114420826,40.14967038062349,40.020216173911976,0.08355772837266304,0.25601626620266416,0.12945420671151453,0.3269684114976554,40.01297940947626,39.893654114420826,40.05457011320533,39.99020685183399,40.14967038062349
P_0050_0047,50,47,12.5415,10.192500000000003,16.160949183138968,16,0.783,1.0,191.69573833176838,194.12690071041865,39.888798376956295,39.75375884290162,40.02132409007464,39.87936352566383,0.08819473987261527,0.26756524717302455,0.14196056441081595,0.34171806790935444,39.84501553040565,39.75375884290162,39.91682517285449,39.85989399208273,40.02132409007464
P_0050_0048,50,48,12.5415,10.975500000000004,16.66585798871453,20,0.783,1.0,188.40871884300597,191.34750506731444,39.72215927990346,39.56007733382273,39.88037418316293,39.7158776406269,0.10181900763416504,0.3202968493401954,0.1644965425360283,0.40906366454686516,39.69599736259664,39.56007733382273,39.72620973644979,39.71672958710241,39.88037418316293
P_0050_0049,50,49,12.5415,11.758499999999998,17.191612620693846,16,0.783,1.0,184.7896351065931,187.50220337372264,39.53881565016963,39.38918978483423,39.685523331474144,39.53695842653426,0.09455314476946677,0.2963335466399144,0.14856490493988161,0.3784591911110018,39.53323423628433,39.38918978483423,39.55812299292353,39.51872178715507,39.685523331474144
P_0050_0050,50,50,12.5415,12.5415,17.73635939250217,16,0.783,1.0,181.25957235452452,184.1117464288142,39.360087043663675,39.20319404695283,39.51383315904462,39.34913906048538,0.10072303853194627,0.31063911209179196,0.1646940985592451,0.39672938964468957,39.30923137120397,39.20319404695283,39.37529225823164,39.34414446699384,39.51383315904462
P_0050_0051,50,51,12.5415,13.3245,18.298402184343857,20,0.783,1.0,176.910552774703,180.4237787774958,39.14000127659834,38.947879012299154,39.32717011102761,39.133244392033305,0.12076141867510685,0.37929109872845856,0.19392571899430777,0.4844075334973928,39.1124339062348,38.947879012299154,39.12452050327812,39.15421842732684,39.32717011102761
P_0050_0052,50,52,12.5415,14.107500000000002,18.876196081308333,16,0.783,1.0,172.1549415079495,175.36471728928595,38.899438210299536,38.72384550825774,39.07122461585328,38.898424580347,0.10990953129874281,0.34737910759554325,0.1745790720892586,0.4436514784106555,38.89877733201746,38.72384550825774,38.90469105923103,38.89358438637549,39.07122461585328
P_0050_0053,50,53,12.5415,14.890500000000003,19.46833871957235,16,0.783,1.0,167.53540340775868,170.92871369062962,38.66583617667021,38.48059398077908,38.84688788861877,38.652903173747255,0.11819756500530892,0.3662939078396832,0.1939847148715117,0.4678083114172199,38.6058845884686,38.48059398077908,38.66624979378747,38.66489961708237,38.84688788861877
P_0050_0054,50,54,12.5415,15.673500000000004,20.073560334429967,20,0.783,1.0,161.85173532549902,166.1154137560795,38.37850253627749,38.14662622706789,38.6035355630479,38.370989585688164,0.14695882652440526,0.4569093359800078,0.23254597735973448,0.583536827560674,38.34886560421194,38.14662622706789,38.33935143493392,38.41656909917919,38.6035355630479
P_0050_0055,50,55,12.5415,16.4565,20.690713242901992,16,0.783,1.0,155.62789454215635,159.51271086399274,38.06393004104764,37.85265531917565,38.2697998209689,38.06388606459667,0.1321535901722873,0.4171445017932456,0.2112307454210196,0.5327515987142344,38.06938817361152,37.85265531917565,38.05209598854458,38.07549102068271,38.2697998209689
P_0050_0056,50,56,12.5415,17.2395,21.31876127968039,16,0.783,1.0,149.55550014978698,153.70617952187496,37.7570672417694,37.53158176540228,37.97636221042717,37.74127225241957,0.1439588310437096,0.44478044502488956,0.2350899580075989,0.5680465453702292,37.68438608073939,37.53158176540228,37.73896575806714,37.77506544746189,37.97636221042717
P_0050_0057,50,57,12.5415,18.0225,21.956769536978793,20,0.783,1.0,142.023113045772,147.37065806412002,37.376477831862644,37.08600699748246,37.65624171878386,37.36762004264135,0.18615948455993167,0.5702347213014036,0.2886216761425118,0.7282691204360199,37.34361279030145,37.08600699748246,37.30559430604478,37.44664440059421,37.65624171878386
P_0050_0058,50,58,12.5415,18.805500000000002,22.603894631235566,16,0.783,1.0,133.67104276286977,138.58974027154238,36.95452094637493,36.687471771288415,37.212609198476514,36.95566346929063,0.16770627578871616,0.5251374271880991,0.2681916980022123,0.6706735979413782,36.968690970743296,36.687471771288415,36.91936241246913,36.9901829934758,37.212609198476514
P_0050_0059,50,59,12.5415,19.588500000000003,23.25937562575574,16,0.783,1.0,125.37259936190645,130.74836321343813,36.53531861400438,36.24311091043177,36.81647630547212,36.51465284545924,0.1871322128020584,0.573365395040355,0.3018234600128835,0.7322674266160345,36.44204374624354,36.24311091043177,36.490583852484406,36.58104941266436,36.81647630547212
P_0050_0060,50,60,12.5415,20.371500000000005,23.92252567142525,20,0.783,1.0,114.79564234262898,122.02135486646236,36.00109117434628,35.604903323179485,36.37565396917563,35.98917921193515,0.2560974392301083,0.7707506459961451,0.3864747572404781,0.9843558697268775,35.96265911609606,35.604903323179485,35.879070208158225,36.12360944306636,36.37565396917563
P_0050_0061,50,61,12.5415,21.1545,24.59272438141004,16,0.783,1.0,102.58925856911264,109.52244108711518,35.38472064463765,35.00392371926904,35.74438840522498,35.35731458256365,0.2436051106283118,0.7404646859559421,0.3870738226613284,0.9456764827023525,35.265386046160586,35.00392371926904,35.309434534302795,35.463440207860856,35.74438840522498
P_0050_0062,50,62,12.5415,21.9375,25.269410925069067,20,0.783,1.0,87.82288033380699,97.80073589047272,34.63964097159602,34.07500246358768,35.15257898326888,34.62119547919157,0.362894883680903,1.0775765196812017,0.5461930156038903,1.3762152230922116,34.59478211029074,34.07500246358768,34.44658792018021,34.83702591863033,35.15257898326888
P_0050_0063,50,63,12.5415,22.7205,25.95207780698879,16,0.783,1.0,69.00394016384196,79.8093677818923,33.69233036554949,33.06350504419987,34.24508977783972,33.694167039113935,0.38773236491196267,1.181584733639852,0.6306619949140639,1.509048191110922,33.759476224004004,33.06350504419987,33.549622206851325,33.85314194267477,34.24508977783972
P_0050_0064,50,64,12.5415,23.503500000000003,26.640265285841284,16,0.783,1.0,43.01526488110652,60.51411656394996,32.40946262352493,31.08645212589397,33.275190501143754,32.289105595089836,0.7274586936833816,2.188738375249784,1.202653469195866,2.79532359546588,32.15408570123998,31.08645212589397,32.19360261305707,32.73619703411441,33.275190501143754
P_0051_0004,51,4,13.3245,-23.4765,26.994228133065782,10,0.783,0.9,16.273101262139704,32.31708964561084,31.22678934772057,30.709177027331293,31.920483398120663,31.09895115972322,0.4140602290676133,1.1131392542586624,0.8215322383974417,1.421633785770961,30.897568823947157,30.807344143862,31.920483398120663,30.897568823947157,30.971790608739127
P_0051_0005,51,5,13.3245,-22.6935,26.316102342482257,25,0.783,1.0,43.87330313987594,61.22181683937744,32.485295812402065,31.34094141523417,33.36496546051649,32.45327150772206,0.662146465394426,2.0240240452823173,1.1123300924878876,2.5849604665163692,32.53368512141219,32.747938236242646,33.36496546051649,31.34094141523417,32.2788273052048
P_0051_0006,51,6,13.3245,-21.9105,25.643952708192238,20,0.783,1.0,66.58864689867463,77.2152124998334,33.62171436470127,33.006930862017725,34.17071849290875,33.5935575647207,0.3709131905941115,1.1637876308910222,0.5866267027029721,1.4863188133984957,33.53052946028015,33.67473292638357,34.17071849290875,33.006930862017725,33.584876082013295
P_0051_0007,51,7,13.3245,-21.127499999999998,24.97826167890792,20,0.783,1.0,81.43996531799363,90.31395500310369,34.36966262384334,33.87048222514812,34.83025172199376,34.381856006942485,0.30674700863687093,0.9597694968456381,0.5113737817943615,1.2257592552307,34.46129820674497,34.40064409591912,34.83025172199376,33.87048222514812,34.34660378490645
P_0051_0008,51,8,13.3245,-20.3445,24.319559628003137,25,0.783,1.0,95.1770586958628,104.12721861319152,35.061089274290886,34.56181419358455,35.525107997872,35.056386764465756,0.3094057664872433,0.9632938042874457,0.49457257088120343,1.2302602864462908,35.06886160748991,35.14707778591173,35.525107997872,34.56181419358455,34.979072237470575
P_0051_0009,51,9,13.3245,-19.5615,23.668430081017203,20,0.783,1.0,106.95488746646556,113.72532365015712,35.65338877450985,35.280896745497785,36.007486721782755,35.638743891662514,0.23079370638723656,0.7265899762849699,0.36874283012024023,0.9279565469795273,35.59646857796645,35.65784523309992,36.007486721782755,35.280896745497785,35.65102217996565
P_0051_0010,51,10,13.3245,-18.7785,23.025515466542764,20,0.783,1.0,116.1504519083644,122.33865789933806,36.11543529115172,35.7761766820974,36.44004661050138,36.124315703722814,0.2114076054943497,0.6638699284039831,0.3481390216254141,0.8478543146921877,36.173402701370776,36.11207315286202,36.44004661050138,35.7761766820974,36.11987937178248
P_0051_0011,51,11,13.3245,-17.9955,22.39152340730751,25,0.783,1.0,125.39147149922192,131.9903876718277,36.579396340811144,36.21822299992112,36.924366030312285,36.5769736609743,0.22463628531431978,0.7061430303911678,0.3587506610531861,0.9018429506911465,36.5834236997448,36.617310236186825,36.924366030312285,36.21822299992112,36.5415453387065
P_0051_0012,51,12,13.3245,-17.2125,21.767233551831982,20,0.783,1.0,133.7295345969124,138.96902689332734,36.99770346532609,36.71125120102613,37.27427951589641,36.98739702651854,0.17906818524033388,0.5630283148702802,0.28688248937786653,0.7190655362327971,36.9561793111821,36.98053912113608,37.27427951589641,36.71125120102613,37.01473598335201
P_0051_0013,51,13,13.3245,-16.429499999999997,21.153504922352703,20,0.783,1.0,140.46438310594937,145.38347582169797,37.335329946435785,37.06637920050281,37.59568985249007,37.34205474721593,0.168930419902194,0.5293106519872595,0.2756755467131242,0.6760033869569086,37.3779849400504,37.31306198267799,37.59568985249007,37.06637920050281,37.357157760358405
P_0051_0014,51,14,13.3245,-15.6465,20.551283719028355,25,0.783,1.0,147.38864181742602,152.70804876217477,37.68220290292331,37.391870533711824,37.962434196535526,37.68052947256298,0.18055691512997293,0.5705636628237016,0.2886589388511567,0.7286892245513431,37.68498872300376,37.69135226573735,37.962434196535526,37.391870533711824,37.672001643826434
P_0051_0015,51,15,13.3245,-14.8635,19.961611470520108,20,0.783,1.0,153.7377990705283,158.0748786624754,38.000039624560465,37.76250401114072,38.23095566703881,37.99217389321725,0.14999266390814842,0.4684516558980931,0.2387817738215645,0.598277976881345,37.9682252331308,37.96765168627297,38.23095566703881,37.76250401114072,38.03153286850295
P_0051_0016,51,16,13.3245,-14.080499999999999,19.38563335307877,20,0.783,1.0,158.92412246781208,163.04726775579118,38.25947993870409,38.03337847489587,38.47957860329018,38.26465934707003,0.1435967259423684,0.44620012839430956,0.23128087217416038,0.5698596786645077,38.2924123394904,38.22302023341723,38.47957860329018,38.03337847489587,38.29490708425647
P_0051_0017,51,17,13.3245,-13.2975,18.824606410228075,25,0.783,1.0,164.29493939605504,168.75698270111766,38.527956436278245,38.28381346590095,38.76485447960022,38.52663787138977,0.15231203933134135,0.48104101369926866,0.24282440548881823,0.6143563393349536,38.53015239774169,38.51554421514845,38.76485447960022,38.28381346590095,38.53882479855753
P_0051_0018,51,18,13.3245,-12.5145,18.279907289152206,20,0.783,1.0,169.2405441150837,172.95222073920996,38.77499517870992,38.570727773510725,38.97429943254252,38.76881613206001,0.1309974139710583,0.4035716590317975,0.20548330048251273,0.5154171890572126,38.7503264971582,38.73000237474406,38.97429943254252,38.570727773510725,38.818724582344544
P_0051_0019,51,19,13.3245,-11.731499999999999,17.75303896520255,20,0.783,1.0,173.28695585678918,176.8399671016964,38.97696336242807,38.78106251043789,39.16825380194848,38.98092432676435,0.12660628181265535,0.3871912915105895,0.19986181632646094,0.494497179451583,39.00272140081677,38.92838243620992,39.16825380194848,38.78106251043789,39.02420148440871
P_0051_0020,51,20,13.3245,-10.9485,17.245635752270775,25,0.783,1.0,177.47363775499042,181.29480992104823,39.18576552865654,38.97558671390823,39.39031090237319,39.18464556067494,0.13248644624650419,0.41472418846495884,0.20905884676670894,0.529660521666614,39.18763126434982,39.15526517136476,39.39031090237319,38.97558671390823,39.21443375137869
P_0051_0021,51,21,13.3245,-10.165499999999998,16.759465698523922,20,0.783,1.0,181.3167376965051,184.55343728598172,39.37726851141828,39.197964008207634,39.55259220399881,39.380503127098486,0.11788954066489404,0.35462819579117877,0.18253911889085117,0.4529095731688107,39.39891296724039,39.32091775495724,39.55259220399881,39.197964008207634,39.432128701088345
P_0051_0022,51,22,13.3245,-9.3825,16.296429256128473,25,0.783,1.0,184.8108750624094,188.26625876097177,39.55120883874635,39.36022377260491,39.73730797404215,39.55017825239245,0.12202734790422953,0.377084201437242,0.18995447978753788,0.48158901843836777,39.55292580197676,39.509317106930666,39.73730797404215,39.36022377260491,39.59111660640775
P_0051_0023,51,23,13.3245,-8.599499999999999,15.858552913175906,20,0.783,1.0,187.99749095905483,190.96137941249637,39.70967839045311,39.544602863768944,39.87124291508224,39.70556854996047,0.11086772669517975,0.3266400513132979,0.1656743651217738,0.417164816492079,39.69425300473711,39.64582259842183,39.87124291508224,39.544602863768944,39.77192136779223
P_0051_0024,51,24,13.3245,-7.816499999999998,15.447976323777816,20,0.783,1.0,190.56843465392507,193.4219852527042,39.83738417426505,39.6780420485718,39.99338735876239,39.83967813604969,0.10841458076816644,0.31534531019059386,0.16163608747789482,0.402739859758102,39.85385565769025,39.77023795551224,39.99338735876239,39.6780420485718,39.902867659711774
P_0051_0025,51,25,13.3245,-7.0335,15.066931422821304,25,0.783,1.0,193.1783234435462,196.1799248816557,39.96685513400254,39.79950428966004,40.13009446580617,39.965911547941595,0.11046042408283312,0.3305901761461243,0.16640725828155212,0.4222096757932622,39.96842733959744,39.909402054545694,40.13009446580617,39.79950428966004,40.02212959009864
P_0051_0026,51,26,13.3245,-6.250499999999999,14.717712135383,20,0.783,1.0,195.51530239714836,198.14018964965152,40.08261047770109,39.935112229843696,40.22709558077611,40.079481718265654,0.10348587269531348,0.2919833509324121,0.14761386251045394,0.37290338560972175,40.07175055946408,40.00808955124313,40.22709558077611,39.935112229843696,40.15536067000125
P_0051_0027,51,27,13.3245,-5.467499999999998,14.402633665409947,20,0.783,1.0,197.3572297669626,199.88787198708312,40.17367761283056,40.03104635945175,40.313418462700895,40.175113577971594,0.10181424330600525,0.28237210324914486,0.14406721851984372,0.36062848435395256,40.1855661849965,40.09586967744133,40.313418462700895,40.03104635945175,40.249667205267485
P_0051_0028,51,28,13.3245,-4.6845,14.12398104289297,25,0.783,1.0,199.1717839104136,201.78075002537784,40.263188321807846,40.11614150698216,40.4066720787302,40.26229795374245,0.10236729594775744,0.2905305717480431,0.14615644676028694,0.37104798435254543,40.2646719771052,40.19064416554585,40.4066720787302,40.11614150698216,40.33336004034885
P_0051_0029,51,29,13.3245,-3.9014999999999986,13.88394765547609,20,0.783,1.0,200.73436009079182,203.06646944437384,40.340045167032216,40.20763975673054,40.46979845477733,40.33779993951288,0.09859799555725117,0.2621586980467896,0.13199851526445627,0.3348131520393226,40.333398951359015,40.25476077717343,40.46979845477733,40.20763975673054,40.42340175752406
P_0051_0030,51,30,13.3245,-3.1184999999999974,13.684565849890891,20,0.783,1.0,201.90345682565925,204.15247416313792,40.39732356469333,40.2691877567604,40.52289939232071,40.39794855304765,0.09759111303242868,0.2537116355603075,0.12876079628724568,0.32402507734394315,40.40498677399978,40.30866080925398,40.52289939232071,40.2691877567604,40.484008032903375
P_0051_0031,51,31,13.3245,-2.3354999999999997,13.527633218711985,25,0.783,1.0,202.97523912547553,205.23292168469072,40.44954052833512,40.32055601999548,40.57536966341917,40.448679339152704,0.09735845857110019,0.25481364342368806,0.12812331915722552,0.3254324947939822,40.45097560894658,40.36187155156307,40.57536966341917,40.32055601999548,40.53462385183923
P_0051_0032,51,32,13.3245,-1.5524999999999984,13.414639633624155,20,0.783,1.0,203.80635069211803,205.8778949668739,40.48967746068448,40.37064155657578,40.60633600823161,40.48825765972471,0.09589493622470997,0.23569445165583147,0.11807834850689858,0.30101462535866086,40.48705572859842,40.39322983058355,40.60633600823161,40.37064155657578,40.58402517463418
P_0051_0033,51,33,13.3245,-0.7695000000000007,13.346701109262918,20,0.783,1.0,204.33294251070214,206.3292178489189,40.51470612219815,40.3995218776862,40.6275848198685,40.51453974976173,0.09549758201134649,0.22806294218230505,0.11501787207553349,0.2912681253924713,40.51833848922831,40.414696137043336,40.6275848198685,40.3995218776862,40.6125574249823
P_0051_0034,51,34,13.3245,0.013500000000000512,13.32450683890402,25,0.783,1.0,204.68789563083715,206.6220224324836,40.53094640993557,40.41852194931352,40.64053005890338,40.530094414497604,0.09528869619541337,0.22200810958985784,0.11157246518408215,0.28353526128972906,40.53236620256553,40.427670594589074,40.64053005890338,40.41852194931352,40.63138326711652
P_0051_0035,51,35,13.3245,0.7965000000000018,13.348285002201594,20,0.783,1.0,204.80576016792142,206.65477825304976,40.535288948203,40.426967978317066,40.64147510815877,40.534665031607325,0.09524490044153998,0.2143370721220208,0.10769705329025925,0.2737382785721849,40.53663454150609,40.426967978317066,40.63999846994727,40.428419117827104,40.64130505043909
P_0051_0036,51,36,13.3245,1.5794999999999995,13.41779119303919,20,0.783,1.0,204.69945071131002,206.6133891003261,40.52855657376914,40.416386198204805,40.63835071701243,40.52759412262817,0.09544313702495341,0.22196451880762424,0.11120792442336835,0.28347958979262355,40.528222215194376,40.416386198204805,40.62976112324964,40.425250359479605,40.63835071701243
P_0051_0037,51,37,13.3245,2.3625000000000007,13.53232080982416,25,0.783,1.0,204.3411568018868,206.38869818011557,40.50900398465898,40.389175569082965,40.62567945849867,40.50814292031189,0.09614737915079502,0.236503889415701,0.11896735122892466,0.30204839005836653,40.5104388624963,40.389175569082965,40.60322966935257,40.41219104212894,40.62567945849867
P_0051_0038,51,38,13.3245,3.145500000000002,13.690743971749674,20,0.783,1.0,203.74219215928977,205.8336036110287,40.477372876331685,40.35610867948492,40.59607940052842,40.477540557164936,0.09664156395759013,0.23997072104349826,0.12143187768001695,0.30647601665836305,40.4827479995318,40.35610867948492,40.57091114116975,40.38185556510979,40.59607940052842
P_0051_0039,51,39,13.3245,3.9284999999999997,13.891559037775421,20,0.783,1.0,202.993377786395,205.16788125423727,40.438394827188596,40.31286361677115,40.56127612335513,40.4366073592171,0.09745552817584083,0.24841250658397485,0.12466876413802908,0.31725735195909943,40.43403600416229,40.31286361677115,40.528603762761975,40.34625728903495,40.56127612335513
P_0051_0040,51,40,13.3245,4.711500000000001,14.132959085060708,25,0.783,1.0,201.9036192632361,204.302444197214,40.38212840540001,40.24424661402571,40.51644909946026,40.381238176035524,0.10001423841715736,0.2722024854345477,0.13699156200981122,0.3476404667107889,40.38361184997035,40.24424661402571,40.46143932100421,40.3004439957171,40.51644909946026
P_0051_0041,51,41,13.3245,5.494500000000002,14.41290499864618,20,0.783,1.0,200.5618827770043,202.93491911138503,40.313211197003746,40.17746067172209,40.44607370550193,40.31082041216571,0.10013424549818295,0.26861303377984314,0.13525329333621983,0.34305623726672174,40.30596487620045,40.17746067172209,40.3960513260202,40.228551481383874,40.44607370550193
P_0051_0042,51,42,13.3245,6.277500000000003,14.729199112646961,25,0.783,1.0,198.94229953629215,201.60751913592617,40.230341820875076,40.07870771944522,40.378056344117226,40.229418054390315,0.10454913064505543,0.29934862467200674,0.15071033494509578,0.3823098654814901,40.23188076617049,40.07870771944522,40.29936370806234,40.1590817341563,40.378056344117226
P_0051_0043,51,43,13.3245,7.060500000000005,15.079554386652148,20,0.783,1.0,197.05745893977243,199.64868523772407,40.13414943511177,39.98712694026494,40.27799012864949,40.13571490818224,0.10405384356905754,0.2908631883845487,0.1485879679172939,0.37147278210031764,40.1468707580168,39.98712694026494,40.20971066011168,40.05687605386828,40.27799012864949
P_0051_0044,51,44,13.3245,7.843499999999999,15.46165555495271,20,0.783,0.8,155.917971815837,197.8349500534174,39.39082127572102,36.838010398542735,40.18554695642285,39.386756578133316,1.258757474518923,3.308490902087037,2.5097005237975054,4.2254034509412985,40.02475381943185,39.88398561141668,36.87705605433581,39.962440449059386,40.18554695642285
P_0051_0045,51,45,13.3245,8.6265,15.873210214068232,25,0.783,0.92,177.05538285889867,194.8308637963916,39.65477517367326,36.839977371810335,40.02671485778376,39.26666171934663,1.2063321232581061,3.1073451464808954,2.407897431663386,3.9685123198989722,39.91391639012557,39.7381714301689,39.96610943416414,39.85634705459131,36.85876428768324
P_0051_0046,51,46,13.3245,9.409500000000001,16.311989164415234,20,0.783,1.0,189.96015437838224,192.91338940079936,39.77323822221366,39.607413264501474,39.93531193783667,39.77571410444877,0.11198514816870345,0.3278986733351985,0.1683008399472925,0.4187722520245192,39.79091647546818,39.607413264501474,39.83824623182045,39.70668261261704,39.93531193783667
P_0051_0047,51,47,13.3245,10.192500000000003,16.77585635668117,20,0.783,1.0,187.2532260593693,190.3323197631062,39.635888198253085,39.46349437852399,39.804304693403935,39.631470914377154,0.11494653065346387,0.3408103148799455,0.17283377902678154,0.4352622156831999,39.619270952551744,39.46349437852399,39.69759263779042,39.572691909615685,39.804304693403935
P_0051_0048,51,48,13.3245,10.975500000000004,17.262789476211545,25,0.783,1.0,183.8829437750739,187.49397476014545,39.465021874414035,39.264056575320296,39.66036014130066,39.46390270215518,0.1277043209323296,0.3963035659803609,0.19984612683488479,0.5061348224525681,39.46688684215758,39.264056575320296,39.50282823255378,39.42538171944358,39.66036014130066
P_0051_0049,51,49,13.3245,11.758499999999998,17.770892563402658,20,0.783,1.0,180.16907953409196,183.56448489325945,39.27686686495588,39.08789493853368,39.46123565003529,39.28036966764712,0.12344064337642723,0.3733407115016121,0.19247472911344232,0.4768080606661712,39.30032740695191,39.08789493853368,39.33094813044039,39.221442212274326,39.46123565003529
P_0051_0050,51,50,13.3245,12.5415,18.298402184343857,20,0.783,1.0,176.54295015435915,180.09702089274566,39.09326240944167,38.895930966613946,39.28563527928321,39.08754318466998,0.12769369327054492,0.38970431266926653,0.19809209461323007,0.4977066573042995,39.07088947954111,38.895930966613946,39.143833502945824,39.04142669496582,39.28563527928321
P_0051_0051,51,51,13.3245,13.3245,18.843688611840307,25,0.783,1.0,172.07016309254982,176.32206521662607,38.86689697114656,38.63200488771423,39.094556409731695,38.865579723859426,0.14687692979067019,0.4625515220174634,0.2335748361451948,0.5907426845689188,38.8690907108072,38.63200488771423,38.88690452034416,38.84534209069983,39.094556409731695
P_0051_0052,51,52,13.3245,14.107500000000002,19.405253322232102,20,0.783,1.0,167.1721638215261,171.1377032237654,38.619110948587334,38.3999744222964,38.83225428241809,38.62383134611948,0.13995626181518261,0.43227986012168884,0.2238569238230781,0.5520815582652475,38.64974148287888,38.3999744222964,38.66137482914809,38.57581171385596,38.83225428241809
P_0051_0053,51,53,13.3245,14.890500000000003,19.981723912115292,20,0.783,1.0,162.40612278621498,166.58559649242233,38.378080279358166,38.1475289471162,38.602025073990205,38.37067647455579,0.14622618254085637,0.4544961268740053,0.231348599434412,0.5804548235938765,38.34856587930011,38.1475289471162,38.41641185633637,38.3388506160361,38.602025073990205
P_0051_0054,51,54,13.3245,15.673500000000004,20.57184732832713,25,0.783,1.0,156.529783190332,161.63904895409445,38.08098050661508,37.79996110219736,38.35191797830282,38.07930916529999,0.17457028801624394,0.5519568761054643,0.27934806310263127,0.7049257676953566,38.083762762285744,37.79996110219736,38.07991562762624,38.0809883560878,38.35191797830282
P_0051_0055,51,55,13.3245,16.4565,21.174482107007954,20,0.783,1.0,150.07834213607467,154.83982896608353,37.7548778518298,37.49297131406604,38.00821841509008,37.76114352020088,0.16484901623151627,0.5152471010240376,0.2681722061348424,0.658042274615629,37.795218617492935,37.49297131406604,37.78353655244212,37.72577270191323,38.00821841509008
P_0051_0056,51,56,13.3245,17.2395,21.788590144844157,20,0.783,1.0,143.7637759890103,148.8456623996855,37.43575318135305,37.1563806908502,37.70527725390252,37.42591396849929,0.1748658947175048,0.5488965630523239,0.2793632854032353,0.7010173219059054,37.39654186368551,37.1563806908502,37.45960891058013,37.41176112347807,37.70527725390252
P_0051_0057,51,57,13.3245,18.0225,22.413228381917676,25,0.783,1.0,135.8985305485391,142.28730554015854,37.03832487558443,36.686623925378285,37.37387235485721,37.035905943799534,0.21813982506395094,0.6872484294789274,0.34928201842124906,0.87771191504333,37.04234036194731,36.686623925378285,37.0096030325492,37.06709004426568,37.37387235485721
P_0051_0058,51,58,13.3245,18.805500000000002,23.04754066055639,20,0.783,1.0,127.13032861490088,133.1609287201348,36.59533949872501,36.26333626546193,36.91276175213369,36.60375801489236,0.2068581163283325,0.6494254866717597,0.34042174943042625,0.829406751815785,36.65095165843712,36.26333626546193,36.606581153345246,36.58515924508379,36.91276175213369
P_0051_0059,51,59,13.3245,19.588500000000003,23.690749935365073,20,0.783,1.0,118.35504653497473,124.96787683292652,36.152075566459835,35.78700464152581,36.49885566145326,36.13790860737164,0.2260686992279514,0.711851019927451,0.3609470540816204,0.909132847927779,36.09748162206176,35.78700464152581,36.15649046848927,36.14971064332809,36.49885566145326
P_0051_0060,51,60,13.3245,20.371500000000005,24.342150942346905,25,0.783,1.0,107.05003542159128,115.7900541579336,35.581197352922025,35.092152424888354,36.03528355309862,35.576516480741745,0.3021640940040916,0.9431311282102683,0.4843640558533906,1.204509742286422,35.58889976334626,35.092152424888354,35.50829256675485,35.65795409562065,36.03528355309862
P_0051_0061,51,61,13.3245,21.1545,25.0011033856508,20,0.783,1.0,93.7857597009414,102.5021435003116,34.911793682407485,34.421149218942844,35.364327922844154,34.89093418826419,0.2998899472847914,0.9431787039013102,0.4733937345799646,1.2045705030668075,34.83780603420206,34.421149218942844,34.895424800486865,34.93596296484503,35.364327922844154
P_0051_0062,51,62,13.3245,21.9375,25.66702566523827,25,0.783,1.0,77.19417980379347,89.82368335901401,34.07607959176656,33.326948644894856,34.72456572965916,34.06368921894456,0.45249794790583137,1.3976170847643061,0.7367405740497048,1.7849515769659081,34.09606910869638,33.326948644894856,33.94011503945279,34.230747572019595,34.72456572965916
P_0051_0063,51,63,13.3245,22.7205,26.33938914439741,20,0.783,1.0,54.2522458163726,69.66755747010757,32.93014958742952,31.918537589387935,33.709766608032965,32.93538473852654,0.5804518772368817,1.79122901864503,1.0168471491386022,2.287648810530051,33.12262173164811,31.918537589387935,32.878164540271825,33.04783322329183,33.709766608032965
P_0052_0005,52,5,14.107500000000002,-22.6935,26.721087150413624,17,0.783,0.9411764705882353,26.755217639988786,46.05053125703608,31.664302640876418,30.709177027331293,32.569827362701176,31.627409719229423,0.6114859539476085,1.6638584505743665,0.942417643471753,2.1249788640796505,31.679858133378616,31.94939960461255,32.569827362701176,30.90596891212681,31.03199458332796
P_0052_0006,52,6,14.107500000000002,-21.9105,26.05938538223801,16,0.783,1.0,53.86910798377966,65.32700200893743,32.95220568722412,32.28129854729804,33.53758464873334,32.93535000463019,0.40537011123008504,1.2562861014353004,0.6540514573321445,1.6044522368266927,32.92993640783823,33.085389657449355,33.53758464873334,32.28129854729804,32.84254076183197
P_0052_0007,52,7,14.107500000000002,-21.127499999999998,25.404582509854396,16,0.783,1.0,71.11601734766919,80.15285416644781,33.8188454597576,33.31129294370294,34.284158709655685,33.84598650777876,0.3202569512973902,0.9728657659527471,0.5346935640758232,1.2424850139881827,33.986411239279334,33.90843751909995,34.284158709655685,33.31129294370294,33.739632127155915
P_0052_0008,52,8,14.107500000000002,-20.3445,24.75722594516599,20,0.783,1.0,86.32495864100858,95.28753437362847,34.58448934788554,34.08663556450267,35.04591519786294,34.590963567268474,0.3170400977534229,0.9592796333602678,0.5043280027658028,1.2251336313668808,34.64914196083436,34.72407789043433,35.04591519786294,34.08663556450267,34.44904722270809
P_0052_0009,52,9,14.107500000000002,-19.5615,24.117915301700517,16,0.783,1.0,99.05589874997446,105.60720505199264,35.2250444819919,34.86809674178721,35.56488146574583,35.220067551155736,0.22219638248406084,0.6967847239586149,0.3519708093685239,0.8898910906240293,35.21430500252916,35.27102116360135,35.56488146574583,34.86809674178721,35.18203338211515
P_0052_0010,52,10,14.107500000000002,-18.7785,23.487307604321106,16,0.783,1.0,108.85267510373446,114.76898592431412,35.71757332330276,35.39676935415952,36.02526632226085,35.73671831885194,0.20467706573459438,0.6284969681013308,0.3399489646924252,0.8026781201804991,35.824570782255535,35.75207713264257,36.02526632226085,35.39676935415952,35.684908002941256
P_0052_0011,52,11,14.107500000000002,-17.9955,22.866122900483152,20,0.783,1.0,118.60575762531167,124.94846025746516,36.2075136576417,35.8639054374346,36.53637208672882,36.21404328339982,0.21883909759821288,0.6724666492942148,0.35013784596521447,0.8588335240028286,36.25457137969653,36.28264031333043,36.53637208672882,35.8639054374346,36.1327271998087
P_0052_0012,52,12,14.107500000000002,-17.2125,22.255150246628308,16,0.783,1.0,127.34617335730695,132.26223259742324,36.646242624395995,36.38085268068971,36.90330172516718,36.6441104180701,0.1655049472303931,0.5224490444774688,0.2632577373803855,0.6672401589750558,36.64336647939933,36.66172324131617,36.90330172516718,36.38085268068971,36.63130796377811
P_0052_0013,52,13,14.107500000000002,-16.429499999999997,21.655254016058088,16,0.783,1.0,134.36979918906508,138.955896790586,36.99853108759371,36.751063215203146,37.238891756065584,37.013708539206064,0.1580271474160844,0.4878285408624379,0.26264532400291785,0.623024956401581,37.081297102713,37.00732959634553,37.238891756065584,36.751063215203146,36.98996102570305
P_0052_0014,52,14,14.107500000000002,-15.6465,21.06738043753898,20,0.783,1.0,141.5626697538937,146.57015713313112,37.35904573778468,37.08906009077754,37.62035193883867,37.3651531096447,0.1707804382816993,0.5312918480611302,0.2760930188671651,0.6785336501419287,37.39888528103813,37.39908090759764,37.62035193883867,37.08906009077754,37.31838732997153
P_0052_0015,52,15,14.107500000000002,-14.8635,20.49256422461572,16,0.783,1.0,148.1373241910506,152.13189393479536,37.688337367846316,37.47261286077895,37.89877655666339,37.68779391776079,0.13480183486893046,0.4261636958844406,0.21518105698184087,0.5442703651142281,37.69113842926032,37.68437627207084,37.89877655666339,37.47261286077895,37.69206547003046
P_0052_0016,52,16,14.107500000000002,-14.080499999999999,19.931935091706475,16,0.783,1.0,153.49393593400748,157.27315977384717,37.956429858850456,37.752148388179535,38.15598160036791,37.969096108497546,0.1308324153435792,0.4038332121883741,0.2169477203180108,0.5157512288484982,38.02486233184209,37.94750097781719,38.15598160036791,37.752148388179535,37.96498724428102
P_0052_0017,52,17,14.107500000000002,-13.2975,19.386723872279195,20,0.783,1.0,159.02933750468748,163.16417335231935,38.23327042690333,38.01006727630846,38.45047279731796,38.239033228050346,0.1404280197909065,0.44040552100949526,0.22896595174188406,0.5624591583773886,38.26911660040906,38.24831424648232,38.45047279731796,38.01006727630846,38.21719521973392
P_0052_0018,52,18,14.107500000000002,-12.5145,18.858267855240577,16,0.783,1.0,164.11733022798626,167.4847118950625,38.48754670610711,38.30499523468529,38.666288111799815,38.488153731689955,0.11491879635209674,0.36129287711452207,0.18315849700466202,0.4614212989968353,38.49499306427276,38.4684800321009,38.666288111799815,38.30499523468529,38.506012215591
P_0052_0019,52,19,14.107500000000002,-11.731499999999999,18.348014838123497,16,0.783,1.0,168.2738177071039,171.48300852255798,38.69511105572853,38.52085569963998,38.86586384811841,38.70596507061996,0.11260296232450674,0.34500814847842776,0.18510937097997981,0.4406234335612104,38.75356287449375,38.67188158968162,38.86586384811841,38.52085569963998,38.71766134116604
P_0052_0020,52,20,14.107500000000002,-10.9485,17.857525262476884,20,0.783,1.0,172.56873587147896,176.0583204039431,38.9094168298347,38.72024583886349,39.09404777221943,38.91492534642388,0.11906063302396906,0.37380193335594214,0.19467950756038732,0.4773971051800027,38.94276687374946,38.90422170126044,39.09404777221943,38.72024583886349,38.913344546026565
P_0052_0021,52,21,14.107500000000002,-10.165499999999998,17.388471655093785,16,0.783,1.0,176.50664231341776,179.40106455706643,39.10574137866392,38.94791494043864,39.26060785285705,39.11558270789377,0.10317044126372818,0.3126929124184059,0.16766776745512857,0.3993523785675682,39.1587307452063,39.07367610897427,39.26060785285705,38.94791494043864,39.1369838919926
P_0052_0022,52,22,14.107500000000002,-9.3825,16.94263446161783,20,0.783,1.0,180.08307661332904,183.20575099341164,39.28386785487368,39.11386231479912,39.44999734733034,39.28924304236341,0.10767116298916002,0.33613503253121735,0.17538072756428846,0.42929122928635677,39.3160119077308,39.26621955093066,39.44999734733034,39.11386231479912,39.30012409102613
P_0052_0023,52,23,14.107500000000002,-8.599499999999999,16.521893248051207,16,0.783,1.0,183.34182043807357,185.96495023213828,39.44600693610599,39.3022606272682,39.58719293242763,39.44815240533403,0.09377051525210882,0.2849323051594297,0.1458917780658311,0.3638982185944185,39.46023385116206,39.40561093961935,39.58719293242763,39.3022606272682,39.48546367619292
P_0052_0024,52,24,14.107500000000002,-7.816499999999998,16.128212191684483,16,0.783,1.0,185.96881570775525,188.4821446704511,39.576564856254045,39.43849735770954,39.71221735466037,39.58516902013703,0.09277291071821545,0.27371999695083105,0.14667166242749374,0.34957854016708945,39.62298669230057,39.532571758686345,39.71221735466037,39.43849735770954,39.61957193732832
P_0052_0025,52,25,14.107500000000002,-7.0335,15.763618826272097,20,0.783,1.0,188.6336357464846,191.3012861027686,39.708831452701375,39.56242502649008,39.85203980772138,39.71406321252973,0.09488628376311962,0.28961478123130036,0.15163818603964785,0.36987839237713965,39.739741358441165,39.67448569334323,39.85203980772138,39.56242502649008,39.741624176652806
P_0052_0026,52,26,14.107500000000002,-6.250499999999999,15.430175193431864,16,0.783,1.0,191.018143336357,193.30354143292703,39.8270061656367,39.70069229520647,39.95117880014351,39.829954634779085,0.08595239672222116,0.2504865049370366,0.12926233957261246,0.31990613657348227,39.84497512466356,39.77505807679216,39.95117880014351,39.70069229520647,39.877868877089725
P_0052_0027,52,27,14.107500000000002,-5.467499999999998,15.129940928503324,16,0.783,1.0,192.89626724110997,195.08749664496423,39.91991622382225,39.79844512743051,40.03934902305576,39.92746501425231,0.08536264715665863,0.2409038956252516,0.12901988682180132,0.3076678105047913,39.96082686129824,39.864465368550384,40.03934902305576,39.79844512743051,39.974238690926654
P_0052_0028,52,28,14.107500000000002,-4.6845,14.864928405478448,20,0.783,1.0,194.74524676273876,197.01821884117425,40.01118016403003,39.885105752980905,40.13453061609806,40.01631648872855,0.08574950339988405,0.24942486311715584,0.13121073574764353,0.31855027218027565,40.04130020688984,39.96093660977948,40.13453061609806,39.885105752980905,40.05970925789444
P_0052_0029,52,29,14.107500000000002,-3.9014999999999986,14.637050881239706,16,0.783,1.0,196.33634220401444,198.3285681982885,40.0894898654508,39.97822876030773,40.19891207955919,40.093214464565264,0.08077329656131986,0.22068331925146367,0.11498570425753485,0.28184331960595616,40.11117711253854,40.026156979210725,40.19891207955919,39.97822876030773,40.15159739121015
P_0052_0030,52,30,14.107500000000002,-3.1184999999999974,14.448065562558886,16,0.783,1.0,197.52581786817154,199.4344340633913,40.147806817810775,40.0408260854806,40.25302554878857,40.15442169299221,0.08046493215712491,0.21219946330796802,0.11359560751160558,0.27100825454402044,40.18391265275079,40.0809470412658,40.25302554878857,40.0408260854806,40.21339713667527
P_0052_0031,52,31,14.107500000000002,-2.3354999999999997,14.299514554697303,20,0.783,1.0,198.6151911539669,200.5332692297571,40.200920876844634,40.0930324341229,40.30643396024476,40.20600265589836,0.07996780839376172,0.21340152612186358,0.11297022177546268,0.27254345609433406,40.23059814400716,40.13498238831375,40.30643396024476,40.0930324341229,40.26496635280324
P_0052_0032,52,32,14.107500000000002,-1.5524999999999984,14.192667561103518,16,0.783,1.0,199.4587396235973,201.1879589765461,40.24169275697111,40.14387986769788,40.33789678785712,40.246194610884814,0.07796390233422532,0.19401692015923544,0.10231474318693046,0.24778661578446415,40.26718487151248,40.16677701220976,40.33789678785712,40.14387986769788,40.31523451514681
P_0052_0033,52,33,14.107500000000002,-0.7695000000000007,14.128470777122343,16,0.783,1.0,199.99191817803012,201.64465308774544,40.26705857904973,40.17314768791465,40.35942102975872,40.27282030745853,0.07787149351073176,0.18627334184407118,0.09967261954388107,0.2378969883066043,40.29883970521439,40.188485452105056,40.35942102975872,40.17314768791465,40.34420766229982
P_0052_0034,52,34,14.107500000000002,0.013500000000000512,14.107506459328667,20,0.783,1.0,200.3493333841724,201.93812773639064,40.283426565780736,40.19234173797582,40.37240308195675,40.288490335059166,0.07751505190247178,0.180061343980924,0.09614859708334222,0.22996340227448786,40.3129602123156,40.20149253288372,40.37240308195675,40.19234173797582,40.36325411016395
P_0052_0035,52,35,14.107500000000002,0.7965000000000018,14.129967038178117,16,0.783,1.0,200.46473583524937,201.96927490184555,40.287646409253384,40.20060024065293,40.3732675558984,40.29295039138499,0.0774245675195231,0.1725444001558003,0.09235015073205943,0.22036321858978328,40.317139870439405,40.20060024065293,40.37165554743604,40.20221165758784,40.37314464080873
P_0052_0036,52,36,14.107500000000002,1.5794999999999995,14.195646392468364,16,0.783,1.0,200.35183964278923,201.9234531099983,40.280581266507475,40.18963468310415,40.36991949429921,40.285540239486124,0.07752795234101255,0.18028481119505813,0.09590555638197173,0.2302488010153999,40.30836000164305,40.18963468310415,40.36098194829498,40.19880507008924,40.36991949429921
P_0052_0037,52,37,14.107500000000002,2.3625000000000007,14.303949192443326,20,0.783,1.0,199.98110883037813,201.689045725182,40.260398565883804,40.16166737013901,40.35675640734132,40.26548006398288,0.07845889217273402,0.1950890372023153,0.10381269384387082,0.2491558584959327,40.29007413302122,40.16166737013901,40.333589521468525,40.18531288794429,40.35675640734132
P_0052_0038,52,38,14.107500000000002,3.145500000000002,14.453917340984072,16,0.783,1.0,199.36455320180204,201.1155635112821,40.227875393374454,40.12776709005146,40.32622409085411,40.23403251359922,0.07915910425456275,0.19845700080265516,0.10626542354776092,0.25345721686162853,40.261690656306655,40.12776709005146,40.30032234798966,40.15415838279421,40.32622409085411
P_0052_0039,52,39,14.107500000000002,3.9284999999999997,14.644270842209934,16,0.783,1.0,198.59535989961768,200.42998000815203,40.18786341848452,40.083477220393206,40.29041304838404,40.19204527865058,0.07947634971053222,0.20693582799083288,0.10856805825737581,0.2642858595029794,40.21183514683389,40.083477220393206,40.25682631263459,40.1176746650072,40.29041304838404
P_0052_0040,52,40,14.107500000000002,4.711500000000001,14.873459197510178,20,0.783,1.0,197.47708211556125,199.53991301301036,40.130149713684645,40.01324161548621,40.244335766920585,40.13528549124002,0.08286617805431054,0.23109415143437673,0.12204387575381048,0.2951394015764709,40.16026585418945,40.01324161548621,40.18782196251152,40.070762257092326,40.244335766920585
P_0052_0041,52,41,14.107500000000002,5.494500000000002,15.139718838208326,16,0.783,1.0,196.1009202511517,198.13454376926623,40.05948508571055,39.94489383528514,40.17203913503226,40.06313085384262,0.08223807133125638,0.2271452997471144,0.1182370185574797,0.2900961682594053,40.08088007686223,39.94489383528514,40.120662041212654,39.99717918082081,40.17203913503226
P_0052_0042,52,42,14.107500000000002,6.277500000000003,15.441132163801983,20,0.783,1.0,194.44010221337254,196.77087091920168,39.974522104152825,39.84383272695874,40.10218020052662,39.9797192238395,0.08799808778788894,0.25834747356788057,0.13588649688076515,0.3299456878261565,40.00514231132087,39.84383272695874,40.02135541809236,39.92608546229894,40.10218020052662
P_0052_0043,52,43,14.107500000000002,7.060500000000005,15.775684343317728,16,0.783,1.0,192.5071869113037,194.7586061290406,39.87588903050798,39.75009543010441,39.99940089981726,39.88369362388496,0.08760661808881758,0.2493054697128514,0.13359819378054993,0.3183977901824411,39.91822541624754,39.75009543010441,39.9292575189686,39.821488854287,39.99940089981726
P_0052_0044,52,44,14.107500000000002,7.843499999999999,16.14131495572774,16,0.783,1.0,190.53938639420824,192.89510947116435,39.77566957999301,39.64449529404459,39.90443072965621,39.7785239848168,0.08846346264386322,0.2599354356116237,0.1340286907722117,0.3319737364133125,39.79334169353183,39.64449529404459,39.82552856938992,39.72482363746144,39.90443072965621
P_0052_0045,52,45,14.107500000000002,8.6265,16.535962581597722,20,0.783,1.0,188.03374116503932,190.7981973948242,39.64825099908518,39.495134340696325,39.79773150973813,39.65357519239939,0.09860779281416383,0.3025971690418032,0.15844085170306244,0.38645870886564904,39.67995192016167,39.495134340696325,39.67886672773693,39.61619146366388,39.79773150973813
P_0052_0046,52,46,14.107500000000002,9.409500000000001,16.957601437113684,16,0.783,1.0,185.22393117891752,187.83560138483773,39.5055382464391,39.36112136267832,39.6471919415838,39.514515170560585,0.09637534361954098,0.2860705789054805,0.1533938078822672,0.3653519526251347,39.5540642116776,39.36112136267832,39.54732948679231,39.46286885007089,39.6471919415838
P_0052_0047,52,47,14.107500000000002,10.192500000000003,17.404269950216243,16,0.783,1.0,182.44313067628198,185.1799470341909,39.36443911267511,39.21352440557405,39.5123981284936,39.36645067546846,0.09777928712580546,0.29887372291955216,0.15292626989440805,0.38170334983339993,39.37827705094048,39.21352440557405,39.40253163169922,39.32552216063493,39.5123981284936
P_0052_0048,52,48,14.107500000000002,10.975500000000004,17.874091767136036,20,0.783,1.0,178.97804189156247,182.2574852430402,39.18876211194828,39.00880385284535,39.36418343662245,39.19426890838715,0.11357298992700153,0.35537958377710055,0.1854650555418047,0.45386920022618205,39.22210116134249,39.00880385284535,39.20183628715711,39.17441980396836,39.36418343662245
P_0052_0049,52,49,14.107500000000002,11.758499999999998,18.36529004671584,16,0.783,1.0,175.15594138440665,178.20752631412105,38.99511529773132,38.827790437850126,39.15894575533474,39.00550872783797,0.10882947840881604,0.33115531748461535,0.177718289987844,0.42293143995480886,39.051257788898965,38.827790437850126,39.024516676803785,38.96503298030223,39.15894575533474
P_0052_0050,52,50,14.107500000000002,12.5415,18.876196081308333,16,0.783,1.0,171.4197362672617,174.62951204859817,38.805927946520754,38.63031577298796,38.9777356062383,38.80699237124761,0.11113872434645963,0.3474198332503349,0.17667659825964677,0.4437034907411684,38.81565694692796,38.63031577298796,38.83124319479674,38.7800103352871,38.9777356062383
P_0052_0051,52,51,14.107500000000002,13.3245,19.405253322232102,20,0.783,1.0,166.80456120118222,170.72925586782773,38.57234216365813,38.35839458264019,38.78030087433444,38.578103452425125,0.13432854401024547,0.4219062916942562,0.2197088697849381,0.5388330672979006,38.60817111842948,38.35839458264019,38.5654179279374,38.57823275878411,38.78030087433444
P_0052_0052,52,52,14.107500000000002,14.107500000000002,19.95101783117844,16,0.783,1.0,161.74197728772145,165.3635952418214,38.316213348169995,38.11890333020585,38.50880460860475,38.32841586769136,0.1265973770387078,0.3899012783988951,0.2095125374855087,0.4979582099602747,38.38231986477399,38.11890333020585,38.33161756148485,38.300433973387385,38.50880460860475
P_0052_0053,52,53,14.107500000000002,14.890500000000003,20.51215606658647,16,0.783,1.0,156.8056479067373,160.6426117647423,38.06655437395089,37.857820018905954,38.27001485262093,38.06646922392574,0.13055332825825158,0.41219483371497745,0.208649205019789,0.5264301835440325,38.07163801640627,37.857820018905954,38.07713300163795,38.05574023005761,38.27001485262093
P_0052_0054,52,54,14.107500000000002,15.673500000000004,21.08744077644322,20,0.783,1.0,150.70381112679968,155.50115732505074,37.758034724028235,37.497380916474185,38.01003106539344,37.764138825230546,0.16418674986224427,0.5126501489192563,0.26675790875636096,0.6547256052608638,37.79784139925539,37.497380916474185,37.726532138124185,37.78890860690552,38.01003106539344
P_0052_0055,52,55,14.107500000000002,16.4565,21.675745627313493,16,0.783,1.0,143.98375821919035,148.4122499349715,37.41833696957811,37.177934958868434,37.651661670346925,37.433047767770894,0.15337853897508225,0.4737267114784913,0.25511280890246013,0.605014957188367,37.49875241013444,37.177934958868434,37.41661324910723,37.42027655039743,37.651661670346925
P_0052_0056,52,56,14.107500000000002,17.2395,22.276039066674308,16,0.783,1.0,137.38041474940485,142.1388681037814,37.08460951001005,36.82632779081752,37.334584162707415,37.08293746321324,0.16082479235747402,0.5082563718898925,0.25660967239571875,0.6491141403446903,37.0840134330598,36.82632779081752,37.07652118773149,37.09324074174998,37.334584162707415
P_0052_0057,52,57,14.107500000000002,18.0225,22.887377798690704,20,0.783,1.0,129.11281667462885,135.24537812579595,36.66685653649266,36.33278870214377,36.98623625374,36.67338166213544,0.21177897974176757,0.6534475515962299,0.3405929599916675,0.8345434886286461,36.71384519011451,36.33278870214377,36.60124728185269,36.73279088282624,36.98623625374
P_0052_0058,52,58,14.107500000000002,18.805500000000002,23.508900155047666,16,0.783,1.0,119.8325518102709,125.59125674511075,36.198043907864765,35.88458024508441,36.49847248252416,36.21670686638437,0.1995676364746932,0.6138922374397495,0.3321266212999632,0.7840258460277771,36.302586813846574,35.88458024508441,36.172207073447,36.225687717019696,36.49847248252416
P_0052_0059,52,59,14.107500000000002,19.588500000000003,24.139819562291684,16,0.783,1.0,110.45605781848364,116.84975823476216,35.72452544973446,35.375137866559726,36.05691954688041,35.720009101697904,0.2169634864311225,0.6817816803206824,0.34487123513817863,0.8707301153520848,35.71603470080413,35.375137866559726,35.688334067896164,35.7636193263491,36.05691954688041
P_0052_0060,52,60,14.107500000000002,20.371500000000005,24.779418243776433,20,0.783,1.0,98.19793536673706,106.95036991837055,35.10587106025774,34.618691458761475,35.55704426913121,35.11236498915666,0.309092558042498,0.9383528103697358,0.4936735303951849,1.198407165223162,35.17028278826314,34.618691458761475,34.97975575244942,35.23605067717807,35.55704426913121
P_0052_0061,52,61,14.107500000000002,21.1545,25.427041245492955,16,0.783,1.0,83.46181173061693,92.34104266365584,34.36320340247397,33.86490352693443,34.81983593107327,34.353588972003614,0.3061536029274608,0.9549324041388445,0.4886854450691871,1.2195816144812828,34.346646044302645,33.86490352693443,34.29091491335117,34.44564444435656,34.81983593107327
P_0052_0062,52,62,14.107500000000002,21.9375,26.08209083835113,20,0.783,1.0,63.939214639222016,77.93547286811805,33.384602139370834,32.52816531942847,34.0943274317799,33.38312863227384,0.5240326786683441,1.566162112351435,0.8549633128453706,2.000207040040147,33.49900856715277,32.52816531942847,33.14961556324147,33.64452627976658,34.0943274317799
P_0052_0063,52,63,14.107500000000002,22.7205,26.744021322531136,13,0.783,1.0,35.901828904754126,53.08832506146859,32.025812106030585,31.045920094108624,32.85202436698262,32.04367231767458,0.5210675730159273,1.4550535404054585,0.8083520493080414,1.858305926443753,32.26418199084725,31.39697082657716,31.566014562548844,32.139169841417015,32.85202436698262
P_0053_0006,53,6,14.890500000000003,-21.9105,26.491451460801464,16,0.783,1.0,38.69915890598972,53.534709823809465,32.18076829034182,31.269073605320955,32.91825320979967,32.107907317160176,0.5383914290726758,1.649179604478718,0.8388337118392215,2.1062319342001503,31.93827817646047,32.34948769434766,32.91825320979967,31.269073605320955,32.06444389987212
P_0053_0007,53,7,14.890500000000003,-21.127499999999998,25.847596532366406,16,0.783,1.0,60.00505779754923,70.55085172885515,33.2332701508697,32.62726362232411,33.773219577288614,33.232400027019175,0.3677916062552333,1.1459559549645064,0.6051364046950667,1.4635452809252956,33.27663079404414,33.33053219522691,33.773219577288614,32.62726362232411,33.1543539462121
P_0053_0008,53,8,14.890500000000003,-20.3445,25.211617768401933,20,0.783,1.0,77.18459916880667,87.1763473958705,34.096851252879944,33.53386541214178,34.61006562280323,34.07748924861407,0.35295701250436406,1.0762002106614545,0.5436238364722925,1.3744574848805293,34.04225704283101,34.24453283744913,34.61006562280323,33.53386541214178,33.95672532784522
P_0053_0009,53,9,14.890500000000003,-19.5615,24.584126433534305,16,0.783,1.0,91.07644373493358,98.25948820967834,34.79590931713031,34.40224278547936,35.167663270294895,34.76771257782508,0.2481404439826435,0.7654204848155359,0.3999506924698153,0.9775485118972361,34.67228008397069,34.839266135722255,35.167663270294895,34.40224278547936,34.7571106136582
P_0053_0010,53,10,14.890500000000003,-18.7785,23.965789210873073,16,0.783,1.0,101.56768585549744,107.98182908838491,35.32357873697721,34.97454952691322,35.65645728660451,35.32364525265372,0.21658812632176394,0.6819077596912848,0.3490957257404972,0.870891136259623,35.337229435893164,35.35442486368714,35.65645728660451,34.97454952691322,35.295565150170546
P_0053_0011,53,11,14.890500000000003,-17.9955,23.357333120457053,20,0.783,1.0,111.89344811053934,118.68658218559972,35.84254118673692,35.47333821889487,36.19420446816679,35.83051882159938,0.23318323790183806,0.7208662492719213,0.3636856465674114,0.92064655079428,35.79888412199256,35.91626279850402,36.19420446816679,35.47333821889487,35.769904500438656
P_0053_0012,53,12,14.890500000000003,-17.2125,22.759550665599708,16,0.783,1.0,121.07364218735697,126.32743724180892,36.30357506869323,36.01966932908732,36.57773257293843,36.283616494352245,0.1801542426419331,0.5580632438511088,0.2941160785861854,0.7127244493628465,36.21254838305407,36.31451437870413,36.57773257293843,36.01966932908732,36.29361780797728
P_0053_0013,53,13,14.890500000000003,-16.429499999999997,22.17330513252366,16,0.783,1.0,128.40755847581335,133.29007521006957,36.671609132142294,36.40804643481556,36.92697672583881,36.67076617367089,0.16414365936719383,0.5189302910232527,0.2627197388553313,0.66274622097478,36.67503889881061,36.675721021810034,36.92697672583881,36.40804643481556,36.668047787079445
P_0053_0014,53,14,14.890500000000003,-15.6465,21.599535932514847,20,0.783,1.0,135.88540284289223,141.1802241502914,37.04658995788536,36.760910355235694,37.32244573165235,37.03694630620297,0.17967615818787483,0.5615353764166571,0.28549942544938034,0.7171588459982848,37.00852571587853,37.083333026314335,37.32244573165235,36.760910355235694,37.00951670193393
P_0053_0015,53,15,14.890500000000003,-14.8635,21.03926382980165,16,0.783,1.0,142.69687308365695,146.92586786786592,37.38790645255416,37.15964968251319,37.61021122143558,37.37196154996336,0.1454899477392424,0.45056153892238626,0.23824967147221798,0.575429807052856,37.31419084175701,37.37912392220744,37.61021122143558,37.15964968251319,37.39663208190359
P_0053_0016,53,16,14.890500000000003,-14.080499999999999,20.49359584114023,16,0.783,1.0,148.23084866827318,152.22541841201792,37.66500749139697,37.4492720843308,37.87545786029318,37.66329757228859,0.13505444857828938,0.42618577596238083,0.21402548795779097,0.544298564447485,37.66197628798108,37.65123796729876,37.87545786029318,37.4492720843308,37.67854366153915
P_0053_0017,53,17,14.890500000000003,-13.2975,19.96372952381393,20,0.783,1.0,153.93653858462625,158.2853087362262,37.95049915752644,37.71585135362261,38.17853020667263,37.9420503457063,0.14708788155664468,0.4626788530500221,0.2364798609663339,0.5909053040230167,37.91576525501881,37.96159676887788,38.17853020667263,37.71585135362261,37.93850814433955
P_0053_0018,53,18,14.890500000000003,-12.5145,19.450956287545353,16,0.783,1.0,159.17103424304537,162.72195041165608,38.21221953067672,38.019995320348926,38.40024599244083,38.19882049286279,0.12361581901938655,0.3802506720919041,0.20142549957804334,0.4856330422629682,38.14994411381468,38.1882988118457,38.40024599244083,38.019995320348926,38.23561822586379
P_0053_0019,53,19,14.890500000000003,-11.731499999999999,18.956663274426756,16,0.783,1.0,163.44024412894106,166.8222808228667,38.425512578714454,38.24217703085935,38.60500803635358,38.423010162659374,0.11610959765717563,0.362831005494229,0.1819978736942076,0.46338570305776366,38.417459242349366,38.397428139285125,38.60500803635358,38.24217703085935,38.45297836444945
P_0053_0020,53,20,14.890500000000003,-10.9485,18.482333253677687,20,0.783,1.0,167.84556484283402,171.50836453975222,38.64543032155589,38.447112672813205,38.838823783207545,38.637689947034836,0.12461944837823377,0.3917111103943398,0.2011338361727084,0.5002696173618644,38.61285688019825,38.6359702492972,38.838823783207545,38.447112672813205,38.65368614965797
P_0053_0021,53,21,14.890500000000003,-10.165499999999998,18.02954188269907,16,0.783,1.0,171.87984761029472,174.92820343189777,38.846654755924575,38.68079096778354,39.00930422775315,38.843632247364795,0.10650079197692482,0.3285132599696112,0.1656719803883533,0.41955716471214716,38.83554948002842,38.80973101130997,39.00930422775315,38.68079096778354,38.88278554994889
P_0053_0022,53,22,14.890500000000003,-9.3825,17.599951605047103,20,0.783,1.0,175.53968102407575,178.81685590361477,39.029022093469386,38.85091258234775,39.202964230359896,39.02161456116297,0.11279450852793337,0.35205164801214295,0.1813496691969263,0.4496189629784712,38.9975126971118,39.006955549291774,39.202964230359896,38.85091258234775,39.04972774670364
P_0053_0023,53,23,14.890500000000003,-8.599499999999999,17.195301407652035,16,0.783,1.0,178.87133817095616,181.63448463076668,39.19486945126627,39.04384839196757,39.343132057199625,39.18433191503622,0.10064803504933913,0.2992836652320534,0.15880014216340754,0.38222690323378467,39.1458715228523,39.1495989925337,39.343132057199625,39.04384839196757,39.23920861062789
P_0053_0024,53,24,14.890500000000003,-7.816499999999998,16.81739166755654,16,0.783,1.0,181.55487385919204,184.20318535043916,39.32830344139672,39.18323610424682,39.47077696486906,39.32454997305064,0.09611099600277348,0.2875408606222436,0.14622699181842336,0.3672297070526738,39.31311598806383,39.279423017883175,39.47077696486906,39.18323610424682,39.376197790190304
P_0053_0025,53,25,14.890500000000003,-7.0335,16.46806341073534,20,0.783,1.0,184.27500371069155,187.07793473344495,39.46338401880848,39.30993579939798,39.61342911968637,39.456310885559425,0.09965060002120872,0.30349332028839626,0.1571182341269477,0.38760321875912673,39.43297700003154,39.42442463881048,39.61342911968637,39.30993579939798,39.50078786987075
P_0053_0026,53,26,14.890500000000003,-6.250499999999999,16.149171511257165,16,0.783,1.0,186.7072924759192,189.11828504803896,39.58399015855787,39.45118806837996,39.71450704226453,39.574699921329774,0.09213107962413178,0.2633189738845658,0.1398071209347549,0.33629498580404316,39.540925294867066,39.52711029691022,39.71450704226453,39.45118806837996,39.63976890422708
P_0053_0027,53,27,14.890500000000003,-5.467499999999998,15.862551702043403,16,0.783,1.0,188.62175622271747,190.935110696496,39.678749819222574,39.55097936161866,39.80435044789539,39.67426897043744,0.0889108369738158,0.25337108627672933,0.1300814774579493,0.32359014850157003,39.65966575536902,39.61833985536072,39.80435044789539,39.55097936161866,39.7380094319434
P_0053_0028,53,28,14.890500000000003,-4.6845,15.609981758477492,20,0.783,1.0,190.50525889902104,192.90009073569047,39.77177135944934,39.63939272283909,39.9012765873689,39.76490902957462,0.09035118466209004,0.26188386452980694,0.13636755779428,0.33446215137906377,39.74207689478533,39.71670928963823,39.9012765873689,39.63939272283909,39.82508965324155
P_0053_0029,53,29,14.890500000000003,-3.9014999999999986,15.393137838010809,16,0.783,1.0,192.12492787177595,194.2327161213936,39.85153626340485,39.73433299949136,39.96679288327846,39.84330388617086,0.08637270426245847,0.2324598837871008,0.12348899710760008,0.2968836319120061,39.81358173283053,39.78316358039331,39.96679288327846,39.73433299949136,39.918648234860655
P_0053_0030,53,30,14.890500000000003,-3.1184999999999974,15.213547663184944,16,0.783,1.0,193.334805553656,195.35653366785803,39.91089269511211,39.7981033194157,40.02182132912253,39.90566800381123,0.08435897444793897,0.22371800970682898,0.11615332531130207,0.28571904177117363,39.88794070674476,39.838947739518005,40.02182132912253,39.7981033194157,39.98152692425515
P_0053_0031,53,31,14.890500000000003,-2.3354999999999997,15.072542934090453,20,0.783,1.0,194.44177944707064,196.47197972242265,39.96490402240096,39.85124533148365,40.07607709974326,39.95815886186697,0.08451962604580689,0.22483176825960527,0.11791823787628886,0.28714146648736305,39.935610935463615,39.89390336872879,40.07607709974326,39.85124533148365,40.03395757391553
P_0053_0032,53,32,14.890500000000003,-1.5524999999999984,14.971213928736711,16,0.783,1.0,195.29776617072733,197.13544359148057,40.006310778897024,39.90294313851473,40.10798825769518,39.999007696214925,0.08304863151943076,0.2050451191804541,0.10898056148025859,0.2618711611500052,39.97291342499091,39.92618502476148,40.10798825769518,39.90294313851473,40.08500863511233
P_0053_0033,53,33,14.890500000000003,-0.7695000000000007,14.910369562824393,16,0.783,1.0,195.83753021569305,197.59698698368337,40.03201359182306,39.93264345787463,40.12976125396216,40.026008641312366,0.0822050623616276,0.19711779608752522,0.1037526126497923,0.251746866012165,40.00509485389853,39.94816372614173,40.12976125396216,39.93264345787463,40.114379914684775
P_0053_0034,53,34,14.890500000000003,0.013500000000000512,14.890506119672363,20,0.783,1.0,196.19740670670012,197.8910665328629,40.0485091956959,39.95205403894784,40.14277677680639,40.04180207285634,0.08207548359232657,0.19072273785855032,0.10097470395005104,0.24357948640938737,40.01934655096869,39.96120736183269,40.14277677680639,39.95205403894784,40.133625635726105
P_0053_0035,53,35,14.890500000000003,0.7965000000000018,14.911787367716858,16,0.783,1.0,196.31034787291236,197.92076146758475,40.05260643114426,39.96010359820042,40.14356813292085,40.046143925094135,0.08203736222137366,0.183384380564803,0.09734405367108678,0.23420738258595528,40.02340081789896,39.96010359820042,40.14183350673079,39.96189372387528,40.14348797876522
P_0053_0036,53,36,14.890500000000003,1.5794999999999995,14.974037882281456,16,0.783,1.0,196.1908661899193,197.8709377249328,40.045208827576786,39.94871061214167,40.14001755639168,40.038363577533076,0.08236596340391668,0.19130694425001593,0.10165397885860727,0.24432559929759376,40.01410157245368,39.94871061214167,40.13076621011544,39.95822193656289,40.14001755639168
P_0053_0037,53,37,14.890500000000003,2.3625000000000007,15.07675019690915,20,0.783,1.0,195.8076971234819,197.6277562178475,40.02439655610537,39.9198980122344,40.12641087873215,40.01765180651306,0.08306201299823986,0.20651286649775358,0.10875907221909387,0.26374567879662014,39.9951054728632,39.9198980122344,40.10259687189807,39.94424779683749,40.12641087873215
P_0053_0038,53,38,14.890500000000003,3.145500000000002,15.21910511495338,16,0.783,1.0,195.17354088728655,197.0376631157488,39.99098120860377,39.88506659024853,40.09503720977898,39.985299467235436,0.08335002739255677,0.20997061953045204,0.10973774254354396,0.26816171076686085,39.96574285862971,39.88506659024853,40.06847312777143,39.91217754974855,40.09503720977898
P_0053_0039,53,39,14.890500000000003,3.9284999999999997,15.400003327921722,16,0.783,1.0,194.38394556737913,196.334127931257,39.94993452657957,39.839609522193314,40.05831607120348,39.94216098445317,0.08487488157848865,0.2187065490101645,0.11615508675031094,0.279318708825242,39.914271275978194,39.839609522193314,40.02390308504732,39.87470496784351,40.05831607120348
P_0053_0040,53,40,14.890500000000003,4.711500000000001,15.618105598951496,20,0.783,1.0,193.23709425184353,195.4217849075266,39.89077130833566,39.76756410967755,40.01110891363106,39.883910285934704,0.08755722925740494,0.24354480395351175,0.1271986276963588,0.31104061807600475,39.861080619549625,39.76756410967755,39.95323331474583,39.82656447206944,40.01110891363106
P_0053_0041,53,41,14.890500000000003,5.494500000000002,15.87187829149405,16,0.783,1.0,191.8264092327592,193.98215782079797,39.818355265008464,39.69746975147592,39.93707233040658,39.80986637859836,0.0880602116896065,0.23960257893065773,0.12720595180822158,0.30600584793187446,39.77923039585591,39.69746975147592,39.88446870019271,39.75109071506069,39.93707233040658
P_0053_0042,53,42,14.890500000000003,6.277500000000003,16.159640976828666,20,0.783,1.0,190.1241887173965,192.58561453431363,39.73129162462239,39.59381887963508,39.86554588360167,39.724296013713385,0.09280053026402726,0.2717270039665891,0.14124986988828425,0.34703321068529897,39.70114598974823,39.59381887963508,39.78278839372376,39.6781809218582,39.86554588360167
P_0053_0043,53,43,14.890500000000003,7.060500000000005,16.479613178105854,16,0.783,1.0,188.14293787609458,190.52486768464107,39.630205594458275,39.49766150789236,39.76030685327186,39.62577238994123,0.09127658949538461,0.2626453453794966,0.13453446333062402,0.3354346684284758,39.61152175165773,39.49766150789236,39.68847132022012,39.570900516664096,39.76030685327186
P_0053_0044,53,44,14.890500000000003,7.843499999999999,16.82995788764785,16,0.783,1.0,186.125444545645,188.6161501511523,39.527464562756414,39.38929778268255,39.66304209573877,39.51779645150519,0.09498514989787726,0.2737443130562198,0.1452456442335759,0.3496095952186715,39.48270049641371,39.38929778268255,39.582209604689865,39.47173227800107,39.66304209573877
P_0053_0045,53,45,14.890500000000003,8.6265,17.208820194888435,20,0.783,1.0,183.55549520618177,186.46773179345263,39.396783734433725,39.235944278668455,39.55372667163618,39.38949697650429,0.10370247315338228,0.3177823929677217,0.1642296951318869,0.40585235372633677,39.365670581957374,39.235944278668455,39.431897926075976,39.36024542418346,39.55372667163618
P_0053_0046,53,46,14.890500000000003,9.409500000000001,17.614360065015138,16,0.783,1.0,180.67201187380545,183.43092997125868,39.250333331006814,39.09825336424535,39.399422946979485,39.24662793808943,0.09994052148882353,0.30116958273413275,0.15279500889005249,0.3846354824190712,39.23565585953065,39.09825336424535,39.29700663527774,39.20280088441393,39.399422946979485
P_0053_0047,53,47,14.890500000000003,10.192500000000003,18.04477892632659,16,0.783,1.0,177.81633597315894,180.70708590902228,39.105435920419026,38.94649494251655,39.26117036044826,39.09433614987521,0.10518072975460245,0.31467541793170994,0.16683421057305026,0.4018843140890293,39.0539376848796,38.94649494251655,39.1484158347663,39.06166192676534,39.26117036044826
P_0053_0048,53,48,14.890500000000003,10.975500000000004,18.498340209326894,20,0.783,1.0,174.25487086291747,177.70752937884936,38.92487163932984,38.735781266411664,39.10904295807365,38.91713470729493,0.11923429896834847,0.3732616916619875,0.19190825077872375,0.4767071413307631,38.89231089462402,38.735781266411664,38.94227225175314,38.90626616561218,39.10904295807365
P_0053_0049,53,49,14.890500000000003,11.758499999999998,18.973384318565838,16,0.783,1.0,170.32236780624385,173.54679861442972,38.725627118915206,38.54923561863046,38.89818771011289,38.7226690640869,0.11256311552575916,0.3489520914824311,0.1755186460259921,0.4456603978064254,38.715288853993854,38.54923561863046,38.75994194765303,38.69069119004428,38.89818771011289
P_0053_0050,53,50,14.890500000000003,12.5415,19.46833871957235,16,0.783,1.0,166.4734402823208,169.8667505651917,38.53072588346366,38.34545973811646,38.71180532442583,38.51779185276647,0.11977736600249889,0.36634558630937164,0.19401347165936045,0.4678743120170774,38.47076800588502,38.34545973811646,38.56096833524816,38.49995786015688,38.71180532442583
P_0053_0051,53,51,14.890500000000003,13.3245,19.981723912115292,20,0.783,1.0,161.711762281121,165.8503912517346,38.28971742719126,38.06434682718083,38.508480946193856,38.28127403668164,0.14107439459049786,0.4441341190130288,0.2272069095122191,0.5672210970792194,38.25500248958457,38.06434682718083,38.28687555842061,38.29166436202832,38.508480946193856
P_0053_0052,53,52,14.890500000000003,14.107500000000002,20.51215606658647,16,0.783,1.0,156.47889002198718,160.3158538799922,38.02496346802421,37.81622922991767,38.22843136141148,38.0227988862768,0.13100706341701215,0.4122021314938138,0.20656965635913593,0.526439503823517,38.019646078871006,37.81622922991767,38.04534036040389,38.00434740077998,38.22843136141148
P_0053_0053,53,53,14.890500000000003,14.890500000000003,21.058347050516577,16,0.783,1.0,151.36519679934364,155.43658569781283,37.766326577413786,37.54509061557815,37.98161924740651,37.75085059537129,0.1411951300621843,0.43652863182836654,0.23076865203522345,0.5575078311984247,37.69494778787697,37.54509061557815,37.78189631738678,37.75069900860802,37.98161924740651
P_0053_0054,53,54,14.890500000000003,15.673500000000004,21.619102490621582,20,0.783,1.0,145.0265442157982,150.111224342211,37.445826878986566,37.169534671899726,37.712330612007634,37.436193798638406,0.17313846642879566,0.5427959401079079,0.27613681336922724,0.6932259771493076,37.407793875176765,37.169534671899726,37.41790215106698,37.47340768304093,37.712330612007634
P_0053_0055,53,55,14.890500000000003,16.4565,22.193318420191243,16,0.783,1.0,138.0215175059386,142.7464283544551,37.09172561131305,36.83529498272367,37.34000196680279,37.0904299729478,0.15963017177474254,0.504706984079121,0.25513499022413555,0.6445810780065402,37.09286599088495,36.83529498272367,37.095001133214566,37.08898579111303,37.34000196680279
P_0053_0056,53,56,14.890500000000003,17.2395,22.779976964430848,16,0.783,1.0,131.10788357945486,136.20407274816705,36.742332081505396,36.46562505451476,37.009331552194055,36.722858512425674,0.17540953080069877,0.5437064976792954,0.28647303976838145,0.694388885925026,36.65369482810161,36.46562505451476,36.7392094081996,36.746431719118334,37.009331552194055
P_0053_0057,53,57,14.890500000000003,18.0225,23.3781414252716,20,0.783,1.0,122.40050715985653,128.98350005393058,36.302411380795164,35.94292140827059,36.64447171186464,36.29042038710655,0.22610121219793441,0.7015503035940469,0.354051324758089,0.8959773992261135,36.25882171880244,35.94292140827059,36.23895614734681,36.366930949248285,36.64447171186464
P_0053_0058,53,58,14.890500000000003,18.805500000000002,23.986951046350185,16,0.783,1.0,112.54756256203389,118.80409990918164,35.804797590082245,35.46334134749685,36.130234932969245,35.80442498550743,0.21149715223864304,0.6668935854723941,0.3410836380105806,0.851715945686327,35.81615304781462,35.46334134749685,35.78360107579067,35.828794523465774,36.130234932969245
P_0053_0059,53,59,14.890500000000003,19.588500000000003,24.605615670005093,16,0.783,1.0,102.47660280344277,109.50204139244777,35.296475830130206,34.91079678618598,35.66050561387078,35.268842410729974,0.24267208935728152,0.749708827684799,0.3916632031408085,0.9574825385501902,35.1754477734716,34.91079678618598,35.26450540737102,35.33295647275048,35.66050561387078
P_0053_0060,53,60,14.890500000000003,20.371500000000005,25.233410441317684,20,0.783,1.0,89.05757589453513,98.83918294061266,34.62002441559589,34.06851200475455,35.12238665260571,34.60076831430615,0.3446225037631783,1.0538746478511598,0.5322563095515989,1.3459446332709575,34.56552686307106,34.06851200475455,34.489271311808466,34.75814473929097,35.12238665260571
P_0053_0061,53,61,14.890500000000003,21.1545,25.869670668564765,16,0.783,1.0,72.350852180497,82.7390402260632,33.780619760261544,33.18436731206236,34.31113992629258,33.73588069025244,0.36640929744270256,1.1267726142302195,0.5752592360401394,1.4390454843297822,33.60445761905123,33.18436731206236,33.708727147590366,33.87071144626566,34.31113992629258
P_0053_0062,53,62,14.890500000000003,21.9375,26.513786913604026,20,0.783,1.0,47.32960473776221,66.14318068299008,32.55019520618387,31.16790489596769,33.47852208360325,32.46844481646774,0.7675962018592234,2.310617187635561,1.3005399205000465,2.9509798054094007,32.50753745075701,31.16790489596769,32.27692500428549,32.911334647725255,33.47852208360325
P_0054_0006,54,6,15.673500000000004,-21.9105,26.93935063248556,13,0.783,1.0,20.320474464016403,38.11823039450889,31.349338206906715,30.740849745793355,32.13057072293793,31.10848247769776,0.5211971894007421,1.3897209771445773,1.0220882452401732,1.7748671483327934,30.740849745793355,30.9976813999906,32.13057072293793,30.740849745793355,30.93246077397356
P_0054_0007,54,7,15.673500000000004,-21.127499999999998,26.306460394739542,20,0.783,1.0,43.6407161650045,59.050180677423405,32.394995940450556,31.43708468796416,33.168255927763425,32.40284053953669,0.5559535199975819,1.7311712397992665,0.9657558515725313,2.210946666410302,32.56426763005123,32.41678951485346,33.168255927763425,31.43708468796416,32.42780493705118
P_0054_0008,54,8,15.673500000000004,-20.3445,25.68184733425538,25,0.783,1.0,64.85107507451492,77.86509133633966,33.446579410525956,32.67647932189885,34.113872355014394,33.43450934589801,0.45835869769351933,1.4373930331155407,0.7580300239991544,1.8357510001475614,33.46602590522599,33.53623502816953,34.113872355014394,32.67647932189885,33.37993411918126
P_0054_0009,54,9,15.673500000000004,-19.5615,25.066130225864544,20,0.783,1.0,80.69395253591937,89.97296901619603,34.24248542010059,33.71970625215499,34.723077650791254,34.22185187590581,0.3189819906650844,1.0033713986362613,0.5021456237508204,1.2814449535584436,34.172359481513354,34.21833646603096,34.723077650791254,33.71970625215499,34.27577952903852
P_0054_0010,54,10,15.673500000000004,-18.7785,24.459980876934473,20,0.783,1.0,92.25477539147012,100.41525142832856,34.823981504155505,34.37028729370508,35.248268722012085,34.833773258687515,0.2804048236862814,0.8779814283070024,0.4634859649824321,1.1213045061392113,34.89711831742375,34.79200570868676,35.248268722012085,34.37028729370508,34.86118625160992
P_0054_0011,54,11,15.673500000000004,-17.9955,23.86412836246068,25,0.783,1.0,103.42149641196647,111.77332571098044,35.385445627041555,34.92273247637377,35.81910881163884,35.381603165275905,0.28382527955270587,0.8963763352650744,0.4588706889021381,1.144797363046072,35.391809626158704,35.40512706555711,35.81910881163884,34.92273247637377,35.36923784665112
P_0054_0012,54,12,15.673500000000004,-17.2125,23.27936336114027,20,0.783,1.0,113.22711632682585,119.81175714528962,35.878149912368094,35.5168466002861,36.222795385405504,35.86563481737467,0.22576702036795063,0.7059487851194035,0.3571605680308352,0.9015948724385741,35.830720705257875,35.833819015198856,36.222795385405504,35.5168466002861,35.923992380725
P_0054_0013,54,13,15.673500000000004,-16.429499999999997,22.706542504309194,20,0.783,1.0,120.99227003664609,127.09651450890496,36.26804418543287,35.93391351386623,36.58838142104588,36.275337981747576,0.21036617830555784,0.6544679071796509,0.34142446788134606,0.835846624750512,36.31758489731652,36.21930387007802,36.58838142104588,35.93391351386623,36.31750620643123
P_0054_0014,54,14,15.673500000000004,-15.6465,22.146592616021096,25,0.783,1.0,128.8596366323289,135.31286953813378,36.66278315303612,36.30981768434936,37.00040564051449,36.6605017313795,0.2185565646485935,0.6905879561651247,0.35068404703013556,0.8819769555110148,36.66657553948431,36.65117316794897,37.00040564051449,36.30981768434936,36.67453662460037
P_0054_0015,54,15,15.673500000000004,-14.8635,21.60051468136813,20,0.783,1.0,135.9906178797676,141.27374862751395,37.020313844248925,36.73170795475045,37.29909919386898,37.01125395594946,0.1835302735751359,0.5673912391185354,0.28784523791951955,0.7246375978525356,36.98516836372596,36.96280027907568,37.29909919386898,36.73170795475045,37.07749398832624
P_0054_0016,54,16,15.673500000000004,-14.080499999999999,21.069387330912118,20,0.783,1.0,141.76140926799167,146.75720608757626,37.30943670749392,37.03651042610807,37.57368390115255,37.314960810267884,0.17487946975545876,0.5371734750444759,0.27845038415981094,0.6860453065702118,37.34636139442745,37.2483468624485,37.57368390115255,37.03651042610807,37.36990146720285
P_0054_0017,54,17,15.673500000000004,-13.2975,20.55436957194261,25,0.783,1.0,147.6925963683994,153.01200331314817,37.606378680707486,37.3160028543432,37.88665732508514,37.604705450905556,0.18168520497718835,0.5706544707419354,0.2887025965623522,0.7288051989041321,37.609164590927776,37.57284358904752,37.88665732508514,37.3160028543432,37.63885889512415
P_0054_0018,54,18,15.673500000000004,-12.5145,20.056702433351305,20,0.783,1.0,153.1197635404418,157.5818925923558,37.87788512792876,37.6337731400925,38.11514320364927,37.87094821373516,0.15852773391713915,0.48137006355676704,0.2441949899141065,0.6147765818094088,37.85114100121251,37.809158578325366,38.11514320364927,37.6337731400925,37.945525145396175
P_0054_0019,54,19,15.673500000000004,-11.731499999999999,19.57770912287748,20,0.783,1.0,157.53636455309075,161.79883615752564,38.09866616184127,37.865238832533066,38.32583105712592,38.102834632878924,0.1529706895577875,0.4605922245928511,0.2375958003458578,0.5882403890074727,38.12700657592683,38.02666596397114,38.32583105712592,37.865238832533066,38.16943073483765
P_0054_0020,54,20,15.673500000000004,-10.9485,19.118793228130276,25,0.783,1.0,162.08535469765766,166.61101902043404,38.325884027791446,38.078275384317465,38.56605539772812,38.32451880572737,0.1575786655171195,0.48778001341065647,0.24624342140990763,0.6229629800902381,38.32815778234749,38.27423138344756,38.56605539772812,38.078275384317465,38.37587408079622
P_0054_0021,54,21,15.673500000000004,-10.165499999999998,18.681434433683087,20,0.783,1.0,166.24454223607881,170.1183209059149,38.53345619790948,38.32068740667529,38.74098162843797,38.53683098038122,0.1422366094642398,0.4202942217626813,0.21614357370592785,0.5367742295819684,38.55707451565513,38.454229893307456,38.74098162843797,38.32068740667529,38.61118145783024
P_0054_0022,54,22,15.673500000000004,-9.3825,18.267181186488518,25,0.783,1.0,170.01205843953386,174.10195960370294,38.72129720980349,38.496850106858005,38.93947109973504,38.72006329036769,0.14538943484189937,0.44262099287703194,0.2232131835096851,0.5652886243640255,38.72335282405629,38.658210130114696,38.93947109973504,38.496850106858005,38.78243229107443
P_0054_0023,54,23,15.673500000000004,-8.599499999999999,17.8776397351552,20,0.783,1.0,173.43758189489557,176.98552253959798,38.89191678228785,38.69632950398801,39.08299195675352,38.8873922219599,0.13383821472675167,0.38666245276550626,0.19559973479361759,0.4938217787554358,38.87551373501236,38.80553204707758,39.08299195675352,38.69632950398801,38.97659386696802
P_0054_0024,54,24,15.673500000000004,-7.816499999999998,17.51445901248452,20,0.783,1.0,176.19372040070874,179.61223559497148,39.02904264423929,38.840247545094826,39.21358749867113,39.03140151702272,0.13093621783080756,0.37333995357630556,0.1911539719278963,0.4768070926900454,39.046875336405606,38.93946576643799,39.21358749867113,38.840247545094826,39.11683143850405
P_0054_0025,54,25,15.673500000000004,-7.0335,17.179310943690382,25,0.783,1.0,178.98472025597138,182.54950383125689,39.16772766508079,38.97092387837688,39.359420095901385,39.16661760341192,0.132325689337073,0.388496217524505,0.19569372503504212,0.4961637516277203,39.169577146835536,39.08888903397178,39.359420095901385,38.97092387837688,39.24427786197401
P_0054_0026,54,26,15.673500000000004,-6.250499999999999,16.873865961895042,20,0.783,1.0,181.47811899367719,184.63261663995397,39.29144245302457,39.11644873383688,39.4626738743313,39.288010876966474,0.12521875698550516,0.3462251404944183,0.17466299736482682,0.4421777017808663,39.28000360870556,39.19459489939169,39.4626738743313,39.11644873383688,39.38633326856694
P_0054_0027,54,27,15.673500000000004,-5.467499999999998,16.599763808560656,20,0.783,1.0,183.43898595415965,186.48629694272424,39.3885631485398,39.21915215676182,39.55439291258614,39.39000386203605,0.12329356875753407,0.3352407558243158,0.17085170527423088,0.4281491134410163,39.40137692669799,39.28842486404477,39.55439291258614,39.21915215676182,39.48667245008954
P_0054_0028,54,28,15.673500000000004,-4.6845,16.358580088137238,25,0.783,1.0,185.3665142794282,188.4896451052865,39.483825272680214,39.310065853552885,39.65327204358721,39.4827890846319,0.1234618798927459,0.34320619003432284,0.17272323107901144,0.43832208178074433,39.48555176105015,39.38949924106004,39.65327204358721,39.310065853552885,39.5755565239092
P_0054_0029,54,29,15.673500000000004,-3.9014999999999986,16.151789513858834,20,0.783,1.0,187.02258164528135,189.84719636399052,39.565443252232186,39.4075950286757,39.72005779564279,39.56297692843191,0.1196531923232798,0.3124627669670872,0.15708086721087966,0.39905845078810626,39.558536777894574,39.45771022215712,39.72005779564279,39.4075950286757,39.67098481778936
P_0054_0030,54,30,15.673500000000004,-3.1184999999999974,15.980727283199602,20,0.783,1.0,188.2584250095389,190.99108803003483,39.6261223184706,39.473035111522165,39.77610911999648,39.626698848026344,0.118520969800425,0.30307400847431154,0.15366373650417842,0.3870676992009087,39.634370524389794,39.51490924560733,39.77610911999648,39.473035111522165,39.73507023861595
P_0054_0031,54,31,15.673500000000004,-2.3354999999999997,15.84655049214182,25,0.783,1.0,189.38778386472083,192.12509861021832,39.68127466266588,39.52750888551549,39.83131169268967,39.68027852303544,0.11812246459086119,0.3038028071741792,0.15276963751995254,0.3879984765953757,39.68293471466541,39.57117354064292,39.83131169268967,39.52750888551549,39.78846378166372
P_0054_0032,54,32,15.673500000000004,-1.5524999999999984,15.750201855849346,20,0.783,1.0,190.25958180635877,192.79836457262095,39.72348826768736,39.58041541616308,39.86372363500016,39.721912438454034,0.11665198874930113,0.28330821883708524,0.14181119654612928,0.3618240342746938,39.72088674735289,39.60414685155274,39.86372363500016,39.58041541616308,39.84038954220131
P_0054_0033,54,33,15.673500000000004,-0.7695000000000007,15.692378165848545,20,0.783,1.0,190.8077142575519,193.26532421097048,39.74961938207771,39.61072987373376,39.8857744858953,39.74935286944132,0.11622452859627322,0.27504461216153686,0.1386229957075571,0.3512702581884251,39.753545292775925,39.62650917482404,39.8857744858953,39.61072987373376,39.87020551997756
P_0054_0034,54,34,15.673500000000004,0.013500000000000512,15.673505813952415,25,0.783,1.0,191.17071788794485,193.56007932552475,39.7662771945572,39.63044775875653,39.89882753375781,39.765293774529844,0.11600843408171567,0.26837977500127863,0.1348460157733129,0.3427583333349663,39.76791525097747,39.63960448558959,39.89882753375781,39.63044775875653,39.88967384356784
P_0054_0035,54,35,15.673500000000004,0.7965000000000018,15.693725322561248,20,0.783,1.0,191.2805319147712,193.58815235723247,39.77021879373958,39.63820023109247,39.89953772482846,39.769494514483576,0.1160002161979207,0.26130480356329144,0.1312942833911066,0.33372260991480385,39.77185626467934,39.63820023109247,39.89766676310563,39.640244278884666,39.89950503465576
P_0054_0036,54,36,15.673500000000004,1.5794999999999995,15.752886164128787,20,0.783,1.0,191.15268182555073,193.5338587060732,39.76239886988699,39.62619993555194,39.89576183382553,39.76128058945834,0.11625270118319768,0.26956189827359367,0.13508065390639956,0.3442680693149344,39.762086635421554,39.62619993555194,39.88615885680241,39.63619568569027,39.89576183382553
P_0054_0037,54,37,15.673500000000004,2.3625000000000007,15.850552308989116,25,0.783,1.0,190.75370154113207,193.28087510564325,39.74078649943225,39.59618739983546,39.88165814694668,39.73979008611228,0.11705197633677833,0.2854707471112192,0.1436026862768216,0.36458588392237445,39.74244677940243,39.59618739983546,39.85712137899094,39.62153672538591,39.88165814694668
P_0054_0038,54,38,15.673500000000004,3.145500000000002,15.986018031392312,20,0.783,1.0,190.0971603431694,192.6722174779256,39.706237500862414,39.56003334513878,39.84934474855754,39.70635643609412,0.11767894070034188,0.2893114034187647,0.14632309095534168,0.3694909366778604,39.71219608092423,39.56003334513878,39.82204057193678,39.58816743391327,39.84934474855754
P_0054_0039,54,39,15.673500000000004,3.9284999999999997,16.158332664603737,20,0.783,1.0,189.28159934088453,191.948608173854,39.66387490530819,39.51291506301868,39.81160658659098,39.66186733933714,0.11864003816953791,0.2986915235723018,0.1497392472538408,0.3814706559033228,39.6592566048115,39.51291506301868,39.776269730656566,39.54928871160797,39.81160658659098
P_0054_0040,54,40,15.673500000000004,4.711500000000001,16.3663323472304,25,0.783,1.0,188.0983496322507,191.01133927712263,39.60286629846154,39.43829104209976,39.763135932975445,39.60183102530492,0.12136663121837034,0.32484489087568136,0.16353998320515473,0.4148721467122367,39.604590545912686,39.43829104209976,39.70373764353167,39.49939996200504,39.763135932975445
P_0054_0041,54,41,15.673500000000004,5.494500000000002,16.60867642228002,20,0.783,1.0,186.64363896420136,189.5333440670262,39.528217597943616,39.36570487537023,39.68715370486456,39.52555244360351,0.12178411326885555,0.3214488294943365,0.16160126126105467,0.4105349035687567,39.52049862748834,39.36570487537023,39.63317337861872,39.42123163167571,39.68715370486456
P_0054_0042,54,42,15.673500000000004,6.277500000000003,16.88388606038314,25,0.783,1.0,184.88854397026196,188.09994612622864,39.43847250494784,39.25835785114771,39.613755396567285,39.43738994019164,0.12643448990806924,0.3553975454195779,0.17903208904393608,0.4538921397440331,39.440276524330045,39.25835785114771,39.52882990035016,39.34573002856303,39.613755396567285
P_0054_0043,54,43,15.673500000000004,7.060500000000005,17.190382849139812,20,0.783,1.0,182.84546600937043,185.98476765729708,39.33425136654243,39.15873565716282,39.50575668859125,39.335862421773164,0.12640136896444001,0.3470210314284259,0.1771267646103425,0.44319416529811734,39.34818217581221,39.15873565716282,39.43202001277547,39.23461757452407,39.50575668859125
P_0054_0044,54,44,15.673500000000004,7.843499999999999,17.526525454293562,20,0.783,1.0,180.76429108716175,184.0252003956847,39.22828100779127,39.04640732694333,39.40591342538772,39.224570403351606,0.12881792568266728,0.35950609844439185,0.18134302203611696,0.4591393339008836,39.21575674284611,39.04640732694333,39.322910468615305,39.13186405296557,39.40591342538772
P_0054_0045,54,45,15.673500000000004,8.6265,17.890642931432065,25,0.783,1.0,178.11175306569007,181.81876970228387,39.09341208046517,38.88731212004967,39.29365597275728,39.092223954824235,0.1372270244810024,0.4063438527076073,0.20491183477456332,0.5189576662932405,39.09539197873056,38.88731212004967,39.16848004307019,39.016279659513486,39.29365597275728
P_0054_0046,54,46,15.673500000000004,9.409500000000001,18.2810637682822,20,0.783,1.0,175.1334050426822,178.69820811769804,38.94215242314649,38.74432074059496,39.135101642831785,38.94474270176405,0.1359101270151102,0.39078090223682693,0.2004219611690914,0.49908161205214163,38.96158705379372,38.74432074059496,39.02979862628354,38.85290544531625,39.135101642831785
P_0054_0047,54,47,15.673500000000004,10.192500000000003,18.696140203261212,20,0.783,1.0,172.18103059894304,175.89720338303937,38.792353829921716,38.58653891335467,38.99293824804454,38.787416331682394,0.13953532838624794,0.40639933468986555,0.20552191636214445,0.5190285245081296,38.77439794166156,38.58653891335467,38.87691155549163,38.70629499985955,38.99293824804454
P_0054_0048,54,48,15.673500000000004,10.975500000000004,19.13426775447653,25,0.783,1.0,168.49466071774114,172.81018385953118,38.60545922369545,38.36711490952905,38.83637756533204,38.604095232944346,0.15317683493941828,0.46926265580299287,0.2369803234152954,0.5993137366577176,38.60773187390129,38.36711490952905,38.66457242495676,38.5446793910026,38.83637756533204
P_0054_0049,54,49,15.673500000000004,11.758499999999998,19.593900186027284,20,0.783,1.0,164.4184882303935,168.52335394908866,38.39893669748702,38.172498753770014,38.61912773218512,38.40264687972825,0.1500678340662917,0.44662897841510585,0.23014812595823742,0.5704073798404927,38.4249755764597,38.172498753770014,38.47652605853728,38.32010627768915,38.61912773218512
P_0054_0050,54,50,15.673500000000004,12.5415,20.073560334429967,20,0.783,1.0,160.42216957971723,164.72669274589146,38.19657141844268,37.95947004064334,38.42683934567396,38.1900979081272,0.15548582786667028,0.4673693050306227,0.2367414375467618,0.5968956641514976,38.17212583617152,37.95947004064334,38.2710277738081,38.12102654433909,38.42683934567396
P_0054_0051,54,51,15.673500000000004,13.3245,20.57184732832713,25,0.783,1.0,155.46782006489408,160.57708582865652,37.94580929844579,37.66478443070548,38.216763516869605,37.94414005017745,0.17659853306512743,0.551979086164124,0.2793556194719713,0.7049541330320869,37.94859262987018,37.66478443070548,37.98740862135401,37.90315105208799,38.216763516869605
P_0054_0052,54,52,15.673500000000004,14.107500000000002,21.08744077644322,20,0.783,1.0,150.00945062170564,154.8476415555505,37.66964835523895,37.40380202361598,37.92684795368376,37.67471332932096,0.1714812063646618,0.5230459300677808,0.2709113057049777,0.6680024649652372,37.70424974865949,37.40380202361598,37.73691278508943,37.60175413555612,37.92684795368376
P_0054_0053,54,53,15.673500000000004,14.890500000000003,21.619102490621582,20,0.783,1.0,144.6589415954543,149.7844664574609,37.3990378362296,37.117562839394736,37.67072828595258,37.39044609588601,0.17998996908333034,0.5531654465578413,0.28028219006656485,0.7064692804059275,37.36620482953208,37.117562839394736,37.46301200496771,37.33472251958296,37.67072828595258
P_0054_0054,54,54,15.673500000000004,15.673500000000004,22.16567626985471,25,0.783,1.0,138.00077800523482,144.24386973005343,37.06240071648625,36.71896111403464,37.39055812362778,37.060125026447224,0.21283331713032716,0.6715970095931354,0.3411639124125827,0.8577228730435956,37.06618315279411,36.71896111403464,37.083241645827286,37.0416810959523,37.39055812362778
P_0054_0055,54,55,15.673500000000004,16.4565,22.72608621166434,20,0.783,1.0,130.60622906677136,136.55286765329043,36.688650459350654,36.36183813571199,37.00174746102607,36.69548470163263,0.20643187554044615,0.6399093253140791,0.33364656592063824,0.8172532890345837,36.735832336875376,36.36183813571199,36.74486746912595,36.63313810542377,37.00174746102607
P_0054_0056,54,56,15.673500000000004,17.2395,23.299333949707663,20,0.783,1.0,123.26135771892375,129.68839265164775,36.31753631126745,35.96371618788294,36.654823830331054,36.30550732708027,0.2216466853470739,0.6911076424481166,0.34931650325078323,0.8826406672389739,36.27244494505703,35.96371618788294,36.37011150236316,36.26644016976718,36.654823830331054
P_0054_0057,54,57,15.673500000000004,18.0225,23.8844951485268,25,0.783,1.0,113.92855546128361,122.07024357931122,35.84619440516649,35.39365537646893,36.26993847342237,35.842385920473745,0.2773015201699034,0.8762830969534434,0.4487305440048175,1.1191355005791104,35.85252980611881,35.39365537646893,35.83905411365231,35.85675183270632,36.26993847342237
P_0054_0058,54,58,15.673500000000004,18.805500000000002,24.480715522631282,20,0.783,1.0,103.23465209800653,111.23752224912528,35.30648784682562,34.86099533462442,35.722869135624364,35.31582290767045,0.27561279578592746,0.8618738009999447,0.45482757304603183,1.1007328237547187,35.37714117444136,34.86099533462442,35.35032040826519,35.26778848539692,35.722869135624364
P_0054_0059,54,59,15.673500000000004,19.588500000000003,25.087206590212475,20,0.783,1.0,92.09411160442855,101.21552219896546,34.744959388041835,34.231099790476435,35.2170980648084,34.72487138315038,0.31371114322496246,0.985998274331962,0.4937715926739443,1.2592570553409475,34.677245841560136,34.231099790476435,34.78480385922785,34.71410935967907,35.2170980648084
P_0054_0060,54,60,15.673500000000004,20.371500000000005,25.703241322837094,25,0.783,1.0,76.72405180024339,89.52792688108173,33.972732758481115,33.21485355897437,34.62792344971172,33.960671578738946,0.45011967171477696,1.4130698907373542,0.7458180197645774,1.8046869613503884,33.99213812227606,33.21485355897437,33.91541118360783,34.05303157912476,34.62792344971172
P_0054_0061,54,61,15.673500000000004,21.1545,26.32814981156101,20,0.783,1.0,55.98651054795228,71.23836917463139,32.942510544756644,31.96961776591905,33.70930277939016,32.8927969865854,0.5540215747729546,1.7396850134711066,0.923179220666352,2.221819940576126,32.8402215488066,31.96961776591905,32.98494472077061,32.9598981180406,33.70930277939016
P_0054_0062,54,62,15.673500000000004,21.9375,26.961315036548203,13,0.783,1.0,33.03401591369018,50.72670125368951,31.85717549559167,31.077609596263585,32.691300147291884,31.544753994563667,0.5959161375262446,1.6136905510282986,1.1465461527282166,2.0609074725776484,31.077609596263585,31.077609596263585,31.406705384297425,31.470545248701853,32.691300147291884
P_0055_0007,55,7,16.4565,-21.127499999999998,26.780359379590106,13,0.783,1.0,22.404011895216136,39.99673736084786,31.419795428890648,30.761362978235468,32.194147319700335,31.433218672912858,0.45613710221840376,1.330743777161846,0.7609286467874767,1.6995450538465466,31.61084140834822,31.384994852669134,32.194147319700335,30.86340354253849,31.112706241308103
P_0055_0008,55,8,16.4565,-20.3445,26.167060830364573,20,0.783,1.0,49.16186326590619,63.83855516047484,32.63797257036967,31.749714002177484,33.37514801026015,32.640509185170025,0.5323490187138548,1.6254340080826637,0.8907951829925409,2.075905502021282,32.767229839969275,32.83863337875232,33.37514801026015,31.749714002177484,32.471820694690905
P_0055_0009,55,9,16.4565,-19.5615,25.56303335873894,16,0.783,1.0,68.36536535146759,77.88569225492941,33.59250814490994,33.056553570349934,34.08060907629931,33.58544651679326,0.3248329701439287,1.0240555059493772,0.5288929464433281,1.307861437994096,33.59156974047926,33.63279120550294,34.08060907629931,33.056553570349934,33.56570899133487
P_0055_0010,55,10,16.4565,-18.7785,24.968949807711176,16,0.783,1.0,81.49741162269842,89.58772895047619,34.25194283595066,33.80459280584711,34.669050029365735,34.2770236944829,0.28058204921165514,0.8644572235186274,0.47243088863579175,1.104032213944607,34.400033124542006,34.274654458570694,34.669050029365735,33.80459280584711,34.23678805408895
P_0055_0011,55,11,16.4565,-17.9955,24.38553695328442,20,0.783,1.0,93.8134223547355,102.03053448837272,34.871116865336674,34.41853923293661,35.29464041120531,34.87958970220673,0.2822483516945181,0.8761011782686978,0.46105046927011983,1.1189031650941224,34.93824420036594,34.94385132874777,35.29464041120531,34.41853923293661,34.802673337778
P_0055_0012,55,12,16.4565,-17.2125,23.813579077912667,16,0.783,1.0,104.43603024281333,110.70591796135324,35.405050538244154,35.06437875204415,35.73055987918207,35.40340812320245,0.21072709512286378,0.6661811271379179,0.3390293711583041,0.8508060372131774,35.40930924837221,35.404437458895586,35.73055987918207,35.06437875204415,35.40835527751824
P_0055_0013,55,13,16.4565,-16.429499999999997,23.253921443489908,16,0.783,1.0,112.74733278007392,118.49538492779703,35.822573195249916,35.51128744285273,36.12171420721489,35.84125791734698,0.19777333977696035,0.6104267643621597,0.329970474494246,0.7795999544855168,35.92639138525129,35.81469753173394,36.12171420721489,35.51128744285273,35.83219901968204
P_0055_0014,55,14,16.4565,-15.6465,22.707473538463056,20,0.783,1.0,121.09748507352154,127.21342010543316,36.24176640109113,35.91057108482755,36.55917476494187,36.249644197328315,0.2071342999470201,0.64860368011432,0.33907311250076333,0.8283571904397445,36.2942240242765,36.27078669957547,36.55917476494187,35.91057108482755,36.213464413020176
P_0055_0015,55,15,16.4565,-14.8635,22.17521193810783,16,0.783,1.0,128.61798854956413,133.50050528382036,36.61904360070191,36.35547895251693,36.87441830552132,36.61936894751348,0.1647302868977863,0.5189393530043844,0.2638899949965463,0.662757794386187,36.62831027978592,36.59796116398769,36.87441830552132,36.35547895251693,36.64067603575552
P_0055_0016,55,16,16.4565,-14.080499999999999,21.658182576107347,16,0.783,1.0,134.67375374003845,139.25985134155937,36.92262098696423,36.67513856158348,37.16300397522929,36.93780051371397,0.1588105190523238,0.4878654136458067,0.26266195213048604,0.6230720480789358,37.005393539040426,36.896530742003335,37.16300397522929,36.67513856158348,36.9489357507133
P_0055_0017,55,17,16.4565,-13.2975,21.157502180077874,20,0.783,1.0,140.8735526937982,145.80433596919954,37.233193851140825,36.96711997765124,37.49068422931492,37.24050439358221,0.16668054339318886,0.5235642516636858,0.27338441593097684,0.6686644337978107,37.27877068663588,37.23460016970967,37.49068422931492,36.96711997765124,37.23134690459938
P_0055_0018,55,18,16.4565,-12.5145,20.674358575298047,16,0.783,1.0,146.52832013675524,150.5707423443314,37.51625347882549,37.29794378847441,37.72914831484343,37.51783306821932,0.1383881656760312,0.4312045263690152,0.2198892797449048,0.5507082073678354,37.529836217028105,37.4800557997533,37.72914831484343,37.29794378847441,37.55218122099734
P_0055_0019,55,19,16.4565,-11.731499999999999,20.210009512615276,16,0.783,1.0,151.11782397371314,154.95869382893497,37.745813404480444,37.5382204808929,37.94852202666658,37.758662615780125,0.1352167176336069,0.4103015457736774,0.22044213488722164,0.5240121912818357,37.8153719198437,37.70547932673338,37.94852202666658,37.5382204808929,37.785719324764045
P_0055_0020,55,20,16.4565,-10.9485,19.765779632991965,20,0.783,1.0,155.8343912984206,159.95480546966982,37.98154249991342,37.758901604244784,38.19809159158984,37.98844423549524,0.14051169337344271,0.43918998734505266,0.22954263125045316,0.5609067526756739,38.02314650469504,37.96152183263047,38.19809159158984,37.758901604244784,38.00055964431607
P_0055_0021,55,21,16.4565,-10.165499999999998,19.343055149070942,16,0.783,1.0,160.13856268804258,163.58909571925247,38.19647994516079,38.00950850532422,38.3794709807853,38.20808753594448,0.12366342421081077,0.3699624754610795,0.19857903062025883,0.47249358296434163,38.25919844784187,38.14734975837416,38.3794709807853,38.00950850532422,38.24490998739685
P_0055_0022,55,22,16.4565,-9.3825,18.94327581227703,20,0.783,1.0,164.03052151113803,167.7101183510403,38.39064384453718,38.19131095501439,38.5849426321181,38.397336668992736,0.12723399430880972,0.3936316771037127,0.2060257139783488,0.5027224484083176,38.43040463986131,38.35761596621495,38.5849426321181,38.19131095501439,38.42240915175495
P_0055_0023,55,23,16.4565,-8.599499999999999,18.567923753074815,16,0.783,1.0,167.56414498979575,170.68873034395443,38.56675713480742,38.39687358320271,38.73329490908185,38.56993407559272,0.1126546011099419,0.33642132587913665,0.17306049239000743,0.4296568657460238,38.586894851980674,38.50927470850462,38.73329490908185,38.39687358320271,38.62333232519376
P_0055_0024,55,24,16.4565,-7.816499999999998,18.218508844030016,16,0.783,1.0,170.40364616726262,173.3988633033297,38.708120256688964,38.54498774944557,38.86813150991736,38.718260881056835,0.11140566019047457,0.32314376047179394,0.17327313161126767,0.41269956637521577,38.76293134747186,38.64700632363355,38.86813150991736,38.54498774944557,38.76824747481584
P_0055_0025,55,25,16.4565,-7.0335,17.896550351953305,20,0.783,1.0,173.2758151142829,176.42581641002127,38.8509318169154,38.679336668246776,39.01852468696393,38.85740297053485,0.11286398139972272,0.3391880187171523,0.17806630228807308,0.43319031764642696,38.88885099643369,38.800505390909336,39.01852468696393,38.679336668246776,38.89979711012052
P_0055_0026,55,26,16.4565,-6.250499999999999,17.6035548256595,16,0.783,1.0,175.83905375459176,178.57014653377755,38.978198065106,38.82879800114705,39.12489223415025,38.98220356056621,0.10368393833871938,0.2960942330032026,0.15340555941916278,0.37815355428250647,39.00207942290922,38.90898924591909,39.12489223415025,38.82879800114705,39.046258898705446
P_0055_0027,55,27,16.4565,-5.467499999999998,17.340990412891642,16,0.783,1.0,177.85285515234364,180.4765053571151,39.078011198623436,38.93417878678122,39.21929144090672,39.086940371881894,0.10297426942711065,0.28511265412550557,0.15276158510067717,0.3641285493301476,39.12642447399367,39.00520697816819,39.21929144090672,38.93417878678122,39.14960017955968
P_0055_0028,55,28,16.4565,-4.6845,17.110258107346013,20,0.783,1.0,179.83052945310067,182.5346162622906,39.175824622357354,39.027387480855054,39.32095758256372,39.18215089162908,0.10295808758973299,0.29357010170866715,0.15476341077402367,0.3749298872396771,39.21258709770859,39.10876117558144,39.32095758256372,39.027387480855054,39.24106112143659
P_0055_0029,55,29,16.4565,-3.9014999999999986,16.912660775289023,16,0.783,1.0,181.5280025920685,183.92770137670183,39.25954984382362,39.12728934787828,39.38955226660738,39.26436331513689,0.0979159679112554,0.2622629187290997,0.13707396725860832,0.33494625635900344,39.28723859220594,39.1785797464521,39.38955226660738,39.12728934787828,39.33915662254077
P_0055_0030,55,30,16.4565,-3.1184999999999974,16.749371167300577,16,0.783,1.0,182.79335302583584,185.10018603265647,39.3217312644899,39.1942568052462,39.44705988088265,39.3296162696912,0.09755970613315901,0.2528030756364501,0.1353594644450027,0.32286471984220955,39.36473115486092,39.23707231863017,39.44705988088265,39.1942568052462,39.40496118883607
P_0055_0031,55,31,16.4565,-2.3354999999999997,16.621400437387937,20,0.783,1.0,183.94812974426898,186.2606202103073,39.37817876952211,39.249947971922666,39.50360939099164,39.38442308163568,0.09688375329064804,0.2536614190689761,0.13447510971301568,0.3239609438939669,39.41430012975587,39.29453255862734,39.50360939099164,39.249947971922666,39.45972535688088
P_0055_0032,55,32,16.4565,-1.5524999999999984,16.529568914524052,16,0.783,1.0,184.83787052733362,186.94783047098497,39.42130774166236,39.3039591355905,39.536733315091794,39.42694152128686,0.09487592275026811,0.2327741795012912,0.12298238569635345,0.29728503129155964,39.4529819088886,39.328137951654185,39.536733315091794,39.3039591355905,39.512895295209205
P_0055_0033,55,33,16.4565,-0.7695000000000007,16.474480947817444,16,0.783,1.0,185.39549577965326,187.4224929880976,39.44792447732011,39.3348348434389,39.55917900399089,39.45487701816893,0.09478019498527024,0.22434416055199335,0.12004217473003109,0.2865187235657642,39.486176812110216,39.35085099211148,39.55917900399089,39.3348348434389,39.543343439193166
P_0055_0034,55,34,16.4565,0.013500000000000512,16.456505537324745,20,0.783,1.0,185.7620460663937,187.718208769537,39.46476649160069,39.35483377036303,39.57228515649524,39.47098421059646,0.09441609734240884,0.21745138613221116,0.11615044023343302,0.2777156911011637,39.50067993146905,39.36399416074437,39.57228515649524,39.35483377036303,39.56312803391063
P_0055_0035,55,35,16.4565,0.7965000000000018,16.475764155267576,16,0.783,1.0,185.86831343687254,187.7439753835359,39.46853198749263,39.362316196405686,39.57291470175926,39.47502600949201,0.09436658812333615,0.21059850535357327,0.112709813086326,0.26896360836982536,39.5044925725768,39.362316196405686,39.57081498483643,39.36459159188189,39.57291470175926
P_0055_0036,55,36,16.4565,1.5794999999999995,16.532126678077443,16,0.783,1.0,185.7309705465256,187.6833246044372,39.46023361543852,39.34976199761394,39.56878353605049,39.466324494795934,0.09450277431716345,0.21902153843655014,0.11656249718199518,0.27972099417183927,39.49419517528196,39.34976199761394,39.558682148674734,39.36019961635856,39.56878353605049
P_0055_0037,55,37,16.4565,2.3625000000000007,16.62521574296105,20,0.783,1.0,185.3140474206802,187.4163967057322,39.43771435523115,39.318654049343706,39.55397579362688,39.44395782937839,0.0955396177918378,0.23532174428317632,0.12530378003468456,0.3005386261598676,39.47383258043186,39.318654049343706,39.52841079719684,39.344915926292686,39.55397579362688
P_0055_0038,55,38,16.4565,3.145500000000002,16.75441919315617,16,0.783,1.0,184.63208835946637,186.78131548054725,39.40187846117048,39.28128747152812,39.52032531976056,39.409304718847224,0.09637926911482735,0.23903784823244223,0.12801724731910724,0.30528460821512415,39.44258423748232,39.28128747152812,39.49196729093876,39.31035927452638,39.52032531976056
P_0055_0039,55,39,16.4565,3.9284999999999997,16.918909672316357,16,0.783,1.0,183.7870202876717,186.02911318656533,39.35802115938695,39.2326503111513,39.48113883206997,39.36329248043934,0.09677313373043987,0.24848852091867002,0.13064216928803773,0.31735443284632187,39.387995075019376,39.2326503111513,39.44448538915634,39.2701927947997,39.48113883206997
P_0055_0040,55,40,16.4565,4.711500000000001,17.11766994949955,20,0.783,1.0,182.56236480592315,185.05631043412671,39.294914612240696,39.15566533872959,39.430867373616366,39.301240666794925,0.10036420005359889,0.2752020348867745,0.14557532806533402,0.35147130892308365,39.33166886174615,39.15566533872959,39.36929662990076,39.21870512998174,39.430867373616366
P_0055_0041,55,41,16.4565,5.494500000000002,17.349522255670326,16,0.783,1.0,181.05750816238537,183.52355248141703,39.217725020248935,39.08079397586192,39.35210881543571,39.222436887025594,0.09994249331105741,0.2713148395737903,0.14164291116367167,0.34650681937904254,39.24504850907033,39.08079397586192,39.29616430451358,39.138068830246425,39.35210881543571
P_0055_0042,55,42,16.4565,6.277500000000003,17.613159810210092,20,0.783,1.0,179.2420878121342,182.03747602005217,39.12492315083212,38.97004775473795,39.27604036097432,39.13134078692384,0.10601239801160048,0.3059926062363729,0.1612930321858954,0.3907951548357253,39.16241431071671,38.97004775473795,39.18801215240211,39.06018935578811,39.27604036097432
P_0055_0043,55,43,16.4565,7.060500000000005,17.907178797901135,16,0.783,1.0,177.1283395408342,179.84435735210093,39.01711998667545,38.86723190474845,39.16409128015584,39.02640574581594,0.10608553952619239,0.2968593754073865,0.1591738410674921,0.37913074764672605,39.067528321918815,38.86723190474845,39.087628289843394,38.9455489324132,39.16409128015584
P_0055_0044,55,44,16.4565,7.843499999999999,18.230109283819445,16,0.783,1.0,174.9742168537156,177.81182810404292,38.907452846663055,38.75124480601176,39.060549359786194,38.91134701426144,0.10716669490738728,0.30930455377443167,0.16010220824967547,0.39502497289199445,38.93102218104912,38.75124480601176,38.97442724466879,38.83949147979132,39.060549359786194
P_0055_0045,55,45,16.4565,8.6265,18.580443872523603,20,0.783,1.0,172.22682803623363,175.52197750664035,38.76777866009119,38.586833889180014,38.944062650252704,38.77439168725773,0.11793250027509056,0.3572287610726903,0.18755779807771944,0.4562308570532443,38.8068683009825,38.586833889180014,38.814070453015006,38.72012314285843,38.944062650252704
P_0055_0046,55,46,16.4565,9.409500000000001,18.956663274426752,16,0.783,1.0,169.13920326390803,172.28062596732255,38.61098330078559,38.4389090081026,38.779387936532885,38.62164268478132,0.11642901474458404,0.3404789284302865,0.18273367667872265,0.43483898905528284,38.66875013282339,38.4389090081026,38.66991140881396,38.55125493763376,38.779387936532885
P_0055_0047,55,47,16.4565,10.192500000000003,19.357258289850865,16,0.783,1.0,166.07505105090678,169.36797819637692,38.45552299472074,38.27551127280282,38.63156802442165,38.45854821710924,0.11826269219704416,0.35605675161883,0.1830369443064228,0.45473403782736904,38.47531927780358,38.27551127280282,38.51079440199459,38.39954810852356,38.63156802442165
P_0055_0048,55,48,16.4565,10.975500000000004,19.780748026806265,20,0.783,1.0,162.2436973185041,166.15397030876696,38.261288736240296,38.04792436825011,38.46857284120364,38.268187493697724,0.13536995610149513,0.4206484729535305,0.22026312544761595,0.5372266576673441,38.30286940378318,38.04792436825011,38.28944355994588,38.232127295305816,38.46857284120364
P_0055_0049,55,49,16.4565,11.758499999999998,20.22569441329518,16,0.783,1.0,157.99994765101593,161.68321162049796,38.04628471041568,37.84569058509527,38.24201144358392,38.058670666757074,0.1316893001505716,0.3963208584886502,0.21298008166180438,0.5061569073929121,38.11351421577968,37.84569058509527,38.093028961008656,37.99910812831786,38.24201144358392
P_0055_0050,55,50,16.4565,12.5415,20.690713242901992,16,0.783,1.0,153.83072617603065,157.71554249786706,37.83517315192644,37.623887936525705,38.0410656014613,37.83720946062556,0.13486518646505932,0.4171776649355934,0.21332152409985383,0.5327939526635931,37.85102463970816,37.623887936525705,37.87792613686344,37.7921429885692,38.0410656014613
P_0055_0051,55,51,16.4565,13.3245,21.174482107007954,20,0.783,1.0,148.64877639029288,153.36941848470795,37.57290544843337,37.31620896075884,37.82104387380019,37.580213148838865,0.16086386438597214,0.5048349130413499,0.2640041880800226,0.6447444611000637,37.61844699242096,37.31620896075884,37.580200624197005,37.565165293017344,37.82104387380019
P_0055_0052,55,52,16.4565,14.107500000000002,21.675745627313493,16,0.783,1.0,142.92179509375245,147.3502868095336,37.28317512478074,37.04280043444237,37.51648405218396,37.297882994603995,0.15477404008809967,0.4736836177415924,0.25508256016162534,0.6049599204873466,37.36356914895282,37.04280043444237,37.31629851114474,37.25026282629608,37.51648405218396
P_0055_0053,55,53,16.4565,14.890500000000003,22.193318420191243,16,0.783,1.0,137.2863122652508,142.01122311376733,36.99818395991382,36.741796325944506,37.24642642368463,36.99897005323476,0.1606721521495344,0.5046300977401259,0.257173727290251,0.6444828834484366,37.00972243852146,36.741796325944506,37.02663561607864,36.97026946194456,37.24642642368463
P_0055_0054,55,54,16.4565,15.673500000000004,22.72608621166434,20,0.783,1.0,130.23862644642753,136.1444202973528,36.64191568592811,36.320332000094936,36.94978844912606,36.649790620046204,0.20069707339189655,0.6294564490311245,0.3294586199512679,0.8039035108954335,36.69429242361139,36.320332000094936,36.622758962073135,36.66178126532549,36.94978844912606
P_0055_0055,55,55,16.4565,16.4565,23.273005489192837,16,0.783,1.0,122.3612918101992,127.95173807218256,36.24387655260527,35.93999444536581,36.53570124778889,36.262073612676375,0.19318596857769393,0.5957068024230807,0.3220791673105623,0.7608005139502946,36.34521487343102,35.93999444536581,36.260266793484845,36.2291907033113,36.53570124778889
P_0055_0056,55,56,16.4565,17.2395,23.833102032677154,16,0.783,1.0,114.47027163491123,120.58255346771136,35.845359164106426,35.51231107006839,36.16337876746087,35.844173682301914,0.20603377291518626,0.6510676973924774,0.33186261223352176,0.8315040835152968,35.851842562711965,35.51231107006839,35.855432795820604,35.83790321544774,36.16337876746087
P_0055_0057,55,57,16.4565,18.0225,24.405468618733792,20,0.783,1.0,104.32048140405269,112.32745235670356,35.33317788174198,34.89102487605868,35.74648323762756,35.34161414079367,0.274946157159674,0.8554583615688784,0.45058926473499383,1.0925394145196403,35.4000848340155,34.89102487605868,35.27389083128162,35.396586924985,35.74648323762756
P_0055_0058,55,58,16.4565,18.805500000000002,24.989262143968958,16,0.783,1.0,92.47728832923485,100.4099997712729,34.736401290681286,34.29769374962302,35.145246951420006,34.760964662424655,0.27495796598592315,0.847553201796984,0.463270912801633,1.0824434250280766,34.8816107126371,34.29769374962302,34.72802275408651,34.752249144356654,35.145246951420006
P_0055_0059,55,59,16.4565,19.588500000000003,25.583700367616878,16,0.783,1.0,79.76552441997677,89.12824543769892,34.09774966526966,33.57063337013574,34.57698932052358,34.09113510634586,0.31900230433709037,1.0063559503878423,0.5205017362101216,1.285256641619211,34.09909644872761,33.57063337013574,34.07786507003789,34.131091322304485,34.57698932052358
P_0055_0060,55,60,16.4565,20.371500000000005,26.188058433186683,20,0.783,1.0,61.03483999163467,75.50139070521689,33.16563569444922,32.27760194343625,33.892638874221745,33.16698504189958,0.528285094504,1.615036930785493,0.8893830984633269,2.0626269869546525,33.29621544467773,32.27760194343625,33.01023110810996,33.35823783905221,33.892638874221745
P_0055_0061,55,61,16.4565,21.1545,26.801665293410405,13,0.783,1.0,34.721518042262076,52.18492585805613,31.915244893758924,31.10375451494133,32.735515581009906,31.847055952696643,0.48867218344466234,1.4613863603401,0.8884596283132637,1.8663938190805875,31.719254146838807,31.274129220669806,31.607515803978345,31.89886501098636,32.735515581009906
P_0056_0008,56,8,17.2395,-20.3445,26.666440341747904,19,0.783,1.0,29.672558878267637,49.53290270269747,31.722299653549378,30.7641287477814,32.63737252477193,31.685387789818844,0.5956603254963475,1.8123829487810212,0.9519847349530899,2.3146653241136925,31.57221777805779,31.935402986970075,32.63737252477193,30.824989575990912,31.45695608330351
P_0056_0009,56,9,17.2395,-19.5615,26.073984016640033,16,0.783,1.0,54.70353061843528,66.25921405301928,32.88553492020958,32.21900448730838,33.46996466433279,32.83529310364402,0.40330716548663464,1.2509601770244103,0.6346715606887727,1.5976502899417755,32.69092806875449,32.92899809709286,33.46996466433279,32.21900448730838,32.86757020073156
P_0056_0010,56,10,17.2395,-18.7785,25.49181089095084,16,0.783,1.0,70.15237746375888,79.48379941362383,33.65534463623531,33.13233652961566,34.133518135225415,33.65169513705845,0.31709689418668563,1.0011816056097587,0.5193586074427898,1.2786482830265116,33.66934709298761,33.67498172756183,34.133518135225415,33.13233652961566,33.64829219990173
P_0056_0011,56,11,17.2395,-17.9955,24.92064165506177,20,0.783,1.0,83.9656383733594,93.13796980499392,34.348518623624635,33.8379672414726,34.819786518839294,34.32978189223896,0.3145803127382721,0.9818192773666965,0.491814650766365,1.2539198944657681,34.2868471525079,34.422770285794286,34.819786518839294,33.8379672414726,34.28153826258074
P_0056_0012,56,12,17.2395,-17.2125,24.361250306583198,16,0.783,1.0,95.58222975465117,102.48976478825276,34.932228677473596,34.55513859398502,35.28980143737783,34.905354566712866,0.23696216560750752,0.7346628433928117,0.3844468706649664,0.9382667220853279,34.8132654605094,34.92560824244299,35.28980143737783,34.55513859398502,34.942959099249094
P_0056_0013,56,13,17.2395,-16.429499999999997,23.814466832158974,16,0.783,1.0,104.5295547200358,110.79944243857568,35.381788348541996,35.04120222965736,35.70724000128922,35.378983718589154,0.21088607302390802,0.6660377716318635,0.33778148893179605,0.8506229522756877,35.38022122917022,35.3676310636132,35.70724000128922,35.04120222965736,35.39862406921577
P_0056_0014,56,14,17.2395,-15.6465,23.281179577074695,20,0.783,1.0,113.42585584092376,120.02218721904038,35.82856990245648,35.47027603205919,36.170244355713805,35.81547658286344,0.22271542123325155,0.6999683236546161,0.35476777285036576,0.8939569906189222,35.778225902767986,35.8539800358181,36.170244355713805,35.47027603205919,35.80465658795811
P_0056_0015,56,15,17.2395,-14.8635,22.76233714933508,16,0.783,1.0,121.37759673833025,126.63139179278218,36.22766726729917,35.94380326081728,36.501802260802265,36.207712410493684,0.1808796101373384,0.5579989999849815,0.2940898503085805,0.7126424010025306,36.136644454518944,36.200194016702085,36.501802260802265,35.94380326081728,36.25611805962785
P_0056_0016,56,16,17.2395,-14.080499999999999,22.25894967198587,16,0.783,1.0,127.7436523855028,132.6597116256191,36.54696153462646,36.28157614640469,36.804028744047685,36.54366314099656,0.16653902054062963,0.5224525976429959,0.26208699459186846,0.6672446968620637,36.53824439254424,36.51451064085842,36.804028744047685,36.28157614640469,36.57995578112775
P_0056_0017,56,17,17.2395,-13.2975,21.772089162503445,20,0.783,1.0,134.2322286619837,139.48341151805144,36.87217162056945,36.58861628372654,37.14586861344952,36.86128235563799,0.17704175191144333,0.557252329722985,0.284586257811533,0.7116887991353575,36.82772037918659,36.86877196886962,37.14586861344952,36.58861628372654,36.87543453295768
P_0056_0018,56,18,17.2395,-12.5145,21.302888782979647,16,0.783,1.0,140.12916785963574,144.43745311746352,37.16751352433997,36.93497918879899,37.39385661348234,37.15124843589173,0.15047205071823316,0.4588774246833509,0.24260817759061126,0.5860503508088772,37.09248310982372,37.12504126090533,37.39385661348234,36.93497918879899,37.209882006448254
P_0056_0019,56,19,17.2395,-11.731499999999999,20.852540672541558,16,0.783,1.0,144.90108353940346,148.98756601250238,37.40632862899032,37.18566023254266,37.62146054934863,37.40238720646629,0.14099691903332873,0.43580031680597386,0.21907334288234637,0.5565776715274251,37.39246157500105,37.35975645250648,37.62146054934863,37.18566023254266,37.45259722293264
P_0056_0020,56,20,17.2395,-10.9485,20.422292048151697,20,0.783,1.0,149.79322581660057,154.15697437817158,37.65096805092493,37.415296645476246,37.87982750329888,37.641249459691906,0.14856250724864817,0.4645308578226306,0.23857804360697088,0.5932705719318399,37.61006222225865,37.625680737288576,37.87982750329888,37.415296645476246,37.67538019013716
P_0056_0021,56,21,17.2395,-10.165499999999998,20.013439247165888,16,0.783,1.0,154.24841598079064,157.91025925809015,37.87357273318075,37.67544557716349,38.067251134132334,37.869165397751466,0.12884253327824916,0.39180555696884767,0.19808573638086813,0.500390238785246,37.85662738962475,37.81826930651334,38.067251134132334,37.67544557716349,37.92823358132341
P_0056_0022,56,22,17.2395,-9.3825,19.627319391603123,20,0.783,1.0,158.26931556111475,162.15943568156496,38.07428477365283,37.86378135696276,38.27923326838896,38.065087990322716,0.13439063901361042,0.41545191142619586,0.2141452780662405,0.5305899251930981,38.03505502467903,38.03579150252392,38.27923326838896,37.86378135696276,38.11157879905892
P_0056_0023,56,23,17.2395,-8.599499999999999,19.265299387759327,16,0.783,1.0,161.9144859740983,165.22636581947924,38.25606379989259,38.07635930490165,38.432073038485214,38.24350680275228,0.12153697012456521,0.3557137335835634,0.18856623573293518,0.4542959560454194,38.19786437556695,38.19243621504325,38.432073038485214,38.07635930490165,38.31880107976434
P_0056_0024,56,24,17.2395,-7.816499999999998,18.928762043514624,16,0.783,1.0,164.83970456150968,168.01378400924915,38.401781908642405,38.22929397419949,38.57083716714715,38.396682299586054,0.11624330263865203,0.341543192947654,0.17415486756109289,0.43619820299828094,38.38070133127746,38.33452158061158,38.57083716714715,38.22929397419949,38.46805744469458
P_0056_0025,56,25,17.2395,-7.0335,18.61908919630603,20,0.783,1.0,167.79508916586718,171.1235941506531,38.5488222072881,38.36785008985021,38.72544185187746,38.540132403666476,0.11925438874101751,0.35759176202725484,0.18530944821098672,0.4566944598049232,38.51128705636256,38.49267863027853,38.72544185187746,38.36785008985021,38.6034043899636
P_0056_0026,56,26,17.2395,-6.250499999999999,18.33764190129145,16,0.783,1.0,170.42974762514962,173.32434506787845,38.67971840457856,38.52180720871809,38.83467784162127,38.668663096888906,0.11148538524173766,0.3128706329031843,0.16601474473236522,0.3995793523667743,38.62856853756762,38.60432893378618,38.83467784162127,38.52180720871809,38.75393296275138
P_0056_0027,56,27,17.2395,-5.467499999999998,18.085737930756377,16,0.783,1.0,172.497564173818,175.27916793129046,38.78227771348108,38.63023857926083,38.93154155508216,38.77645704873802,0.1078376660216551,0.30130297582132926,0.15508450634414572,0.3848058439608292,38.75720221515007,38.703264413809904,38.93154155508216,38.63023857926083,38.86003848038712
P_0056_0028,56,28,17.2395,-4.6845,17.86462707419329,20,0.783,1.0,174.5263175480747,177.3875760984522,38.88268887038457,38.726058362580375,39.03576627329216,38.874311358082636,0.10894717298786209,0.3097079107117864,0.16145491520952504,0.395540115851579,38.8462278185641,38.8096363732775,39.03576627329216,38.726058362580375,38.95386796269906
P_0056_0029,56,29,17.2395,-3.9014999999999986,17.67546498681152,16,0.783,1.0,176.26590454877268,178.81325209430094,38.96855666057265,38.8286553645637,39.106019560202185,38.95872836686637,0.10490386184670204,0.2773641956384836,0.14729119333581764,0.3542326891934656,38.92327603214625,38.88127954024418,39.106019560202185,38.8286553645637,39.05441133717551
P_0056_0030,56,30,17.2395,-3.1184999999999974,17.519286586502314,16,0.783,1.0,177.56123031345987,180.01193586976393,39.03226377317242,38.89735597389426,39.16486123071536,39.0256796129089,0.10267809804561208,0.26750525682110293,0.13918161780645733,0.34164145187880324,39.003151144952085,38.94123792799394,39.16486123071536,38.89735597389426,39.12179178698887
P_0056_0031,56,31,17.2395,-2.3354999999999997,17.39698021209428,20,0.783,1.0,178.74180453632061,181.19656112258977,39.09002536690036,38.95442628801089,39.22264376371203,39.08181916500199,0.10268951823363495,0.2682174757011353,0.14082459871004005,0.3425510545352941,39.05416173983349,39.00005273179744,39.22264376371203,38.95442628801089,39.17781130165611
P_0056_0032,56,32,17.2395,-1.5524999999999984,17.309263892494098,16,0.783,1.0,179.64974366123303,181.89652972015307,39.13408267526239,39.00968842756072,39.25641924177859,39.12529824044613,0.10121562408713612,0.24673081421786947,0.13112100133245974,0.31510959670225985,39.09388975696811,39.03437370620367,39.25641924177859,39.00968842756072,39.23212006971954
P_0056_0033,56,33,17.2395,-0.7695000000000007,17.25666510366357,16,0.783,1.0,180.21699240901768,182.3782376811905,39.161191777708346,39.04119950021692,39.2792263849945,39.153781909980445,0.1003169034332946,0.23802688477758238,0.12544447501405642,0.3039934671488919,39.12785312701868,39.05748380737907,39.2792263849945,39.04119950021692,39.263146730293045
P_0056_0034,56,34,17.2395,0.013500000000000512,17.239505285825345,20,0.783,1.0,180.58713741602298,182.67483202244085,39.17822050870105,39.06151665346317,39.29238176164324,39.17006993360435,0.10018245554025688,0.230865108180069,0.12231182803888885,0.29484688145602683,39.14254879044961,39.07068151247887,39.29238176164324,39.06151665346317,39.283220949986855
P_0056_0035,56,35,17.2395,0.7965000000000018,17.257890152043498,16,0.783,1.0,180.68981006623696,182.6984893027279,39.1818078713283,39.06869426485457,39.29296761676847,39.17394063192869,0.10018016810057419,0.22427335191390085,0.11902698483978469,0.28642829107777884,39.14618081921628,39.06869426485457,39.29062934825322,39.07123111055091,39.29296761676847
P_0056_0036,56,36,17.2395,1.5794999999999995,17.31170645834777,16,0.783,1.0,180.542843680425,182.6320238536053,39.17302489766733,39.055513661689645,39.288482382863776,39.164699733124976,0.10058935915864985,0.2329687211741316,0.12378264973879993,0.2975334880895678,39.135126556492935,39.055513661689645,39.2779250439811,39.06645102059741,39.288482382863776
P_0056_0037,56,37,17.2395,2.3625000000000007,17.40062546289644,20,0.783,1.0,180.1077222127319,182.35233761801464,39.149586333788804,39.0231659807439,39.27302945625934,39.141381215055766,0.1013825562184378,0.24986347551543986,0.1316482412035711,0.31911044127131527,39.11372722195637,39.0231659807439,39.24652270053656,39.05046071578266,39.27302945625934
P_0056_0038,56,38,17.2395,3.145500000000002,17.524112830611426,16,0.783,1.0,179.3999656470904,181.69306531765463,39.11244608979514,38.98442830445737,39.23815482050338,39.10540470865685,0.10178521928158796,0.25372651604601515,0.13275011184653351,0.32404408179567706,39.081046967761154,38.98442830445737,39.20883269509864,39.01456075546372,39.23815482050338
P_0056_0039,56,39,17.2395,3.9284999999999997,17.681444299038468,16,0.783,1.0,178.5249222443759,180.91466390416437,39.06707147953719,38.934065174181455,39.19764317684951,39.057703061933765,0.10354288570163993,0.263578002668055,0.13994011491574554,0.33662580161948275,39.02408771409517,38.934065174181455,39.15978397445684,38.97293527008583,39.19764317684951
P_0056_0040,56,40,17.2395,4.711500000000001,17.871726063813757,20,0.783,1.0,177.2581529008972,179.90927027028837,39.00183275780806,38.85440017185056,39.145722237038,38.99345771467044,0.10642204458895575,0.29132206518744397,0.1522645223675596,0.37205883165701653,38.96537503153331,38.85440017185056,39.08215900386085,38.9196321290695,39.145722237038
P_0056_0041,56,41,17.2395,5.494500000000002,18.093918605432048,16,0.783,1.0,175.70221718385974,178.32621505559243,38.92205669205234,38.77693042060128,39.06441684180038,38.91186527788633,0.10727861630849041,0.2874864211990982,0.15255156391405222,0.3671601803309044,38.87511803145361,38.77693042060128,39.00666775599325,38.83619333958313,39.06441684180038
P_0056_0042,56,42,17.2395,6.277500000000003,18.346862579198657,20,0.783,1.0,173.82522932472978,176.7916745541531,38.826137344611276,38.66231314746,38.98589222099992,38.81756411974355,0.11232852161303883,0.3235790735399249,0.1683281012563711,0.41325552176235614,38.78900173263355,38.66231314746,38.89500453645309,38.75560896117122,38.98589222099992
P_0056_0043,56,43,17.2395,7.060500000000005,18.629305421834708,16,0.783,1.0,171.63919908512798,174.52670340586351,38.714674497137224,38.55584570717775,38.87030258632831,38.70890015497654,0.11117662567152412,0.31445687915055487,0.16140243135176746,0.40160520964310964,38.690077311354855,38.55584570717775,38.79132450376187,38.63695066625991,38.87030258632831
P_0056_0044,56,44,17.2395,7.843499999999999,18.93992746818213,16,0.783,1.0,169.41027524796266,172.4267488099624,38.60121987888316,38.43567060874278,38.76334747951182,38.58962497587051,0.11552280876533909,0.3276768707690394,0.17372250364131503,0.4184889792708038,38.54765445403257,38.43567060874278,38.67434051372322,38.527111823342125,38.76334747951182
P_0056_0045,56,45,17.2395,8.6265,19.277366586232674,20,0.783,1.0,166.56532922439007,170.05961298216516,38.45660720864902,38.26515447776541,38.64294777764127,38.44759715007366,0.12488601808515222,0.3777932998758615,0.19535062756760624,0.48249463585678354,38.41799560464386,38.26515447776541,38.50847870378385,38.40340918653391,38.64294777764127
P_0056_0046,56,46,17.2395,9.409500000000001,19.640240591703552,16,0.783,1.0,163.36491032548597,166.7059770748385,38.29410423239537,38.11154235049679,38.47258265571054,38.28902988939393,0.12170123648664428,0.3610403052137485,0.183552766316609,0.46109872951947445,38.27357874750089,38.11154235049679,38.35921988795548,38.228225805305954,38.47258265571054
P_0056_0047,56,47,17.2395,10.192500000000003,20.0271669614052,16,0.783,1.0,160.18490434365484,163.6891417352146,38.132782528951424,37.94164155378565,38.31949289353844,38.11940836100625,0.12803421173929427,0.3778513397527874,0.2000845325321876,0.48256876085924316,38.07099124149124,37.94164155378565,38.194280919249536,38.07063519696641,38.31949289353844
P_0056_0048,56,48,17.2395,10.975500000000004,20.436779601982305,20,0.783,1.0,156.20253183668405,160.3561392172687,37.93091141405513,37.70455498490912,38.15047793806832,37.92120116591261,0.14349655319299823,0.4459229531591973,0.22927677215570696,0.569505687304211,37.89003225116176,37.70455498490912,37.9644523959991,37.89648825942476,38.15047793806832
P_0056_0049,56,49,17.2395,11.758499999999998,20.867742630672822,16,0.783,1.0,151.78320721670622,155.71208380406546,37.707034007041656,37.49339964209804,37.9151468405297,37.70263923480525,0.13768522520237128,0.4217471984316603,0.21250760572445415,0.5386298830544831,37.69089050069414,37.49339964209804,37.76013099195251,37.653628198751846,37.9151468405297
P_0056_0050,56,50,17.2395,12.5415,21.31876127968039,16,0.783,1.0,147.43157389891115,151.58225327099916,37.48670885838516,37.261252445600405,37.70600802486007,37.47091883652091,0.14683838820401285,0.44475557925966314,0.2350891883391597,0.5680147883265174,37.414029301626215,37.261252445600405,37.53589213992552,37.43741227059235,37.70600802486007
P_0056_0051,56,51,17.2395,13.3245,21.788590144844157,20,0.783,1.0,142.00745235847842,147.04849403355982,37.212220124559096,36.938113275461546,37.4765003423629,37.20134544949402,0.1712718641562701,0.5383870669013504,0.2751548928688763,0.6875952323133466,37.16781276147924,36.938113275461546,37.22461895831088,37.19968190985554,37.4765003423629
P_0056_0052,56,52,17.2395,14.107500000000002,22.276039066674308,16,0.783,1.0,135.99169373921683,140.75014709359334,36.907933232094706,36.6497451150837,37.15785430430179,36.904184890646476,0.1626629486053878,0.5081091892180964,0.25443977556277986,0.6489261675837757,36.89693839720718,36.6497451150837,36.94771392547824,36.86867271116148,37.15785430430179
P_0056_0053,56,53,17.2395,14.890500000000003,22.779976964430848,16,0.783,1.0,130.04592045401694,135.14210962272912,36.60732323506545,36.33075231223813,36.87423237395791,36.587855546490424,0.17669798752101146,0.5434800617197766,0.2863768274674854,0.6940996956829841,36.51869391803132,36.33075231223813,36.642572219084514,36.57302690914025,36.87423237395791
P_0056_0054,56,54,17.2395,15.673500000000004,23.299333949707663,20,0.783,1.0,122.56699721382975,128.95318741095997,36.22939040329385,35.880910619632175,36.56137720028704,36.21633977179207,0.21624493153737628,0.6804665806548655,0.3450374284949689,0.8690505500062139,36.17914051739791,35.880910619632175,36.21462085889493,36.24564966274829,36.56137720028704
P_0056_0055,56,55,17.2395,16.4565,23.833102032677154,16,0.783,1.0,114.1435137501611,120.25579558296124,35.803991769116195,35.4710309112823,36.121936455244224,35.80075265993365,0.2063532589315321,0.650905543961926,0.32972174865135173,0.8312969910113998,35.80015914467481,35.4710309112823,35.82757632916412,35.78306045930282,36.121936455244224
P_0056_0056,56,56,17.2395,17.2395,24.38033470853097,16,0.783,1.0,105.61647114674908,112.36640029461093,35.37373944015566,35.00453565890501,35.723569050777144,35.34740006128819,0.23205325440120045,0.7190333918721308,0.37616898948895283,0.9183057367460162,35.25739248623677,35.00453565890501,35.39117036404457,35.36033274647747,35.723569050777144
P_0056_0057,56,57,17.2395,18.0225,24.940145679205646,20,0.783,1.0,94.47269742267659,103.43488767332477,34.81231482674891,34.31279716488092,35.27295286587156,34.79369286640599,0.30701446793124176,0.9601557009906401,0.4808957015250712,1.226252491686641,34.7508830074533,34.31279716488092,34.754604119480064,34.877227174344114,35.27295286587156
P_0056_0058,56,58,17.2395,18.805500000000002,25.511706930348666,16,0.783,1.0,81.13225417029533,90.30607023442047,34.14222447885449,33.62796125653,34.61168944904017,34.13809615766596,0.311472880950266,0.9837281925101706,0.510134901135963,1.2563578448405754,34.153884310803164,33.62796125653,34.14199461131511,34.15495116064136,34.61168944904017
P_0056_0059,56,59,17.2395,19.588500000000003,26.094246348572707,16,0.783,1.0,66.10368968694452,77.50176723578873,33.392954586432865,32.73237929264957,33.9689327800474,33.34296996443827,0.3984627625229357,1.2365534873978348,0.6259628156091352,1.5792509417596867,33.20119163590806,32.73237929264957,33.38248662207735,33.42985949150898,33.9689327800474
P_0056_0060,56,60,17.2395,20.371500000000005,26.687045031250655,19,0.783,1.0,41.534475541838994,61.19573824743965,32.215612217349,31.08669205155138,33.15701119015205,32.17060904422673,0.6397350684019949,1.9597449622679584,0.986402145925318,2.5028671293332803,32.08054791804864,31.19726622788409,31.9694813629302,32.448738522118674,33.15701119015205
P_0057_0009,57,9,18.0225,-19.5615,26.598172653398578,19,0.783,1.0,33.93526864546857,51.83425810510204,31.877963744602397,31.02399997591561,32.72679269892774,31.83577328424642,0.5463643940428379,1.7027927230121271,0.8910194146813168,2.174703349951631,31.713886226681723,31.747747580748808,32.72679269892774,31.02399997591561,31.966439938958217
P_0057_0010,57,10,18.0225,-18.7785,26.02772691765457,20,0.783,1.0,54.10324373797012,67.55584134058554,32.82931030715227,32.03442318608512,33.508443133431285,32.837371204338716,0.4748619776968589,1.4740199473461644,0.8029480182535949,1.882528668385906,32.9542892800651,32.7483496209984,33.508443133431285,32.03442318608512,32.941350801113686
P_0057_0011,57,11,18.0225,-17.9955,25.468579200654283,25,0.783,1.0,70.78449839950363,82.96565095655865,33.657326906051985,32.95179448469696,34.281049181554124,33.64775975255503,0.42118821798588774,1.3292546968571628,0.695965267858071,1.6976432910053163,33.67289328925597,33.655621893341504,34.281049181554124,32.95179448469696,33.677439913926605
P_0057_0012,57,12,18.0225,-17.2125,24.921489973514827,20,0.783,1.0,84.07085341023478,93.2314942822165,34.32297175778764,33.81022125697973,34.79672504163477,34.304855058217164,0.3179833473578136,0.9865037846550422,0.49463380123743406,1.2599026623946898,34.26416744440388,34.236112899356385,34.79672504163477,33.81022125697973,34.417048648711045
P_0057_0013,57,13,18.0225,-16.429499999999997,24.38727078826165,20,0.783,1.0,94.01216186883336,102.21758344281784,34.82209556899924,34.36725025191663,35.248169881763374,34.830025126790964,0.28589753501895404,0.8809196298467441,0.46277487487433433,1.1250569985271317,34.8862292181887,34.73353118589148,35.248169881763374,34.36725025191663,34.91494509619463
P_0057_0014,57,14,18.0225,-15.6465,23.866785885409872,25,0.783,1.0,103.72545096293975,112.0772802619537,35.30989853464313,34.84763941111692,35.74330448675528,35.306079960228864,0.28456553135132107,0.8956650756383553,0.4584405491119412,1.143888985489598,35.31622899369023,35.27044039019978,35.74330448675528,34.84763941111692,35.35278651938211
P_0057_0015,57,15,18.0225,-14.8635,23.360953287483795,20,0.783,1.0,112.30261769838803,119.08406121379558,35.7405170710584,35.36862275168744,36.09496396949828,35.72909376524022,0.23767378429302746,0.726341217810841,0.3658702042580586,0.9276388477788519,35.699771932671524,35.647519359138926,36.09496396949828,35.36862275168744,35.834590813204954
P_0057_0016,57,16,18.0225,-14.080499999999999,22.870745210858345,20,0.783,1.0,119.1084516903829,125.43946376288356,36.082027183894844,35.735628554978575,36.41373480492399,36.087978939546474,0.22359538863839398,0.6781062499454151,0.3523503845678988,0.8660360791129184,36.12613853199503,35.98684499544692,36.41373480492399,35.735628554978575,36.17754781038786
P_0057_0017,57,17,18.0225,-13.2975,22.397187602464733,25,0.783,1.0,125.9993806011686,132.59829677377436,36.42759038956279,36.06647941114932,36.772558953678185,36.42517561371733,0.22666594959848316,0.7060795425288688,0.35869620256801227,0.9017618678529614,36.4316092305815,36.3663950684562,36.772558953678185,36.06647941114932,36.48883540472144
P_0057_0018,57,18,18.0225,-12.5145,21.94135858373405,20,0.783,1.0,132.22917813527684,137.77517377495843,36.73978631028317,36.43702662887796,37.03183823869796,36.731506862738925,0.19877963760152959,0.5948116098199989,0.3003313759590327,0.7596572283780318,36.70980494042715,36.63930088649136,37.03183823869796,36.43702662887796,36.83956361920019
P_0057_0019,57,19,18.0225,-11.731499999999999,21.504385564344776,20,0.783,1.0,137.24906193684495,142.51640581511066,36.991165717147986,36.7036693247145,37.26913864745308,36.995585092405875,0.19073407249255794,0.5654693227385863,0.2919157676913784,0.7221830430888714,37.02380447123648,36.88817198868156,37.26913864745308,36.7036693247145,37.09314102994375
P_0057_0020,57,20,18.0225,-10.9485,21.087440776443216,25,0.783,1.0,142.3777807538939,147.8886192319454,37.247800232997406,36.94692615556039,37.53779375841344,37.24597016862538,0.1932981870482857,0.5908676028530522,0.29904401306498585,0.7546201824432339,37.25084191779251,37.16902240829745,37.53779375841344,36.94692615556039,37.325266603063085
P_0057_0021,57,21,18.0225,-10.165499999999998,20.69173498042153,20,0.783,1.0,147.03496387786146,151.78033175098554,37.480648947308126,37.2214553116342,37.73224036693944,37.484183655293535,0.17580251240037478,0.5107850553052415,0.26272834365933306,0.6523436210794911,37.50744429384957,37.3717310287625,37.73224036693944,37.2214553116342,37.58804727528195
P_0057_0022,57,22,18.0225,-9.3825,20.318509111152817,25,0.783,1.0,151.22719201448174,156.17786157101412,37.69005377018649,37.41955548127584,37.95175569741764,37.68845219145955,0.17749284364757745,0.5322002161417956,0.26889671018370365,0.6796937626331999,37.69272243130956,37.60004835866073,37.95175569741764,37.41955548127584,37.778178988633954
P_0057_0023,57,23,18.0225,-8.599499999999999,19.96902367418097,20,0.783,1.0,155.0198231596502,159.34660251035945,37.87931798369912,37.642559479877775,38.10976610569071,37.87411641943238,0.1646058464990308,0.4672066258129348,0.23564968625832705,0.5966879001442335,37.86149759751589,37.7640762397329,38.10976610569071,37.642559479877775,37.99268267434462
P_0057_0024,57,24,18.0225,-7.816499999999998,19.644545769755023,20,0.783,1.0,158.0578640575289,162.22283345997096,38.030764219205494,37.80262444244744,38.25304143920005,38.03318107143465,0.16080246199999096,0.45041699675260816,0.23055662898720897,0.5752452065805979,38.05072067331571,37.9125818325337,38.25304143920005,37.80262444244744,38.14693696967635
P_0057_0025,57,25,18.0225,-7.0335,19.346333722439507,25,0.783,1.0,161.1223820584182,165.42757537741556,38.18334682871765,37.94737882198376,38.41246908189032,38.18194903081199,0.16126368817972517,0.4650902599065603,0.23457020882823088,0.5939850062663605,38.18567354233159,38.07758127515001,38.41246908189032,37.94737882198376,38.2866424327043
P_0057_0026,57,26,18.0225,-6.250499999999999,19.075619426377745,20,0.783,1.0,163.85041523777386,167.69280423791923,38.31898628218862,38.107935053425024,38.524981591957896,38.31506959406138,0.15348885883203303,0.41704653853287255,0.20991199789651915,0.5326264859934515,38.30673834261978,38.193867557302895,38.524981591957896,38.107935053425024,38.4418254250013
P_0057_0027,57,27,18.0225,-5.467499999999998,18.833588678210003,20,0.783,1.0,165.98866628876476,169.7029069689589,38.425124289752354,38.22082915465501,38.62465510298756,38.426541108746164,0.15105176026597708,0.40382594833255325,0.20571195409115717,0.5157419518934269,38.4393644046092,38.29677003629462,38.62465510298756,38.22082915465501,38.55108684518444
P_0057_0028,57,28,18.0225,-4.6845,18.621359953021692,25,0.783,1.0,168.0838825460574,171.86858473339686,38.52891344186783,38.32045823105983,38.73179175899924,38.52763216509881,0.15066696643890337,0.41133352793941214,0.20717393403897688,0.5253301761678316,38.53104916160106,38.40724610780888,38.73179175899924,38.32045823105983,38.647615566025024
P_0057_0029,57,29,18.0225,-3.9014999999999986,18.439962269484177,20,0.783,1.0,169.87816915266066,173.33131496770727,38.61756267139658,38.426979103408485,38.80392999154111,38.614743031575564,0.14653305182404172,0.376950888132626,0.18918695996554646,0.4814187587900715,38.61031982452215,38.48154231639143,38.80392999154111,38.426979103408485,38.75094392201464
P_0057_0030,57,30,18.0225,-3.1184999999999974,18.290312968891485,20,0.783,1.0,171.21237151663976,174.55975509340578,38.68324775567709,38.498199135707296,38.86428626004096,38.68372636479792,0.14513864619379965,0.3660871243336672,0.18552722909062425,0.46754422009408325,38.692401076725446,38.54363053016283,38.86428626004096,38.498199135707296,38.82011482135306
P_0057_0031,57,31,18.0225,-2.3354999999999997,18.173196375431594,25,0.783,1.0,172.4263668804298,175.7718318310875,38.74271111667097,38.55727259841348,38.92346755053455,38.74149086179766,0.14447720344911955,0.3661949521210701,0.18421826338417446,0.4676819311891061,38.74474511626556,38.604409771581686,38.92346755053455,38.55727259841348,38.87755927219303
P_0057_0032,57,32,18.0225,-1.5524999999999984,18.089244387204236,20,0.783,1.0,173.357862842392,176.4862690028198,38.787969778970705,38.6143485201905,38.957981791337545,38.78613957241059,0.14288605915283048,0.34363327114704845,0.17184221892695462,0.43886752381487665,38.78544030907733,38.63976747781493,38.957981791337545,38.6143485201905,38.93315976363266
P_0057_0033,57,33,18.0225,-0.7695000000000007,18.038920048051658,20,0.783,1.0,173.93756175653235,176.97596409831803,38.8157160651224,38.64677992749705,38.98119876909146,38.81527748973299,0.14238342950931712,0.33441884159441315,0.1684975622359417,0.42709941455225175,38.82011404707265,38.66345236442408,38.98119876909146,38.64677992749705,38.96484234057971
P_0057_0034,57,34,18.0225,0.013500000000000512,18.022505056179067,25,0.783,1.0,174.31235615782333,177.27355429071085,38.83298663021428,38.66755761479584,38.994410304881285,38.831785386054,0.14214103606463277,0.3268526900854454,0.16422777125816168,0.4174363858051665,38.83498556123561,38.67672845301962,38.994410304881285,38.66755761479584,38.985244996337656
P_0057_0035,57,35,18.0225,0.7965000000000018,18.040091975929613,20,0.783,1.0,174.41037941375163,177.2948205817094,38.8363442427742,38.6742926380544,38.99494674665931,38.83544725474817,0.14217891724817452,0.32065410860490573,0.1611546166937643,0.40951993436131,38.83844979683528,38.6742926380544,38.99233845513663,38.67720863705523,38.99494674665931
P_0057_0036,57,36,18.0225,1.5794999999999995,18.091581647274513,20,0.783,1.0,174.250962861584,177.221763136272,38.82693487995581,38.66020369198287,38.99006068127176,38.82556311868289,0.14252461376882225,0.32985698928888496,0.16535942670001447,0.42127329411096415,38.82669823499941,38.66020369198287,38.97898725210405,38.671865733056336,38.99006068127176
P_0057_0037,57,37,18.0225,2.3625000000000007,18.176685960317407,25,0.783,1.0,173.79228455684105,176.9276083265123,38.8023073955609,38.62605727993355,38.97387801592049,38.80108617090946,0.14350978598321998,0.34782073598694296,0.17502889097590923,0.44421549934475474,38.80434250191428,38.62605727993355,38.9463023597022,38.65485069707677,38.97387801592049
P_0057_0038,57,38,18.0225,3.145500000000002,18.294935815684077,20,0.783,1.0,173.0511068502703,176.24088454129654,38.7634779084517,38.58533150111532,38.93761295176,38.76349657699476,0.14437232881580264,0.3522814506446821,0.1781650758794413,0.4499124529306284,38.77033988488438,38.58533150111532,38.90719717958365,38.61700136763045,38.93761295176
P_0057_0039,57,39,18.0225,3.9284999999999997,18.44569376575465,20,0.783,1.0,172.13718684826387,175.4327267775707,38.71613869379032,38.53246918641258,38.89559788114303,38.71377782084119,0.1456122326922695,0.36312869473045595,0.1818200603018454,0.4637658936532004,38.71118880210548,38.53246918641258,38.85636942559415,38.573263808950685,38.89559788114303
P_0057_0040,57,40,18.0225,4.711500000000001,18.628170562349915,25,0.783,1.0,170.81571789887985,174.39027890523298,38.64813400092993,38.4489004311688,38.84180349625382,38.64685396406645,0.14876293827150738,0.39290306508501516,0.1979535328976496,0.5017919094316924,38.65026551176936,38.4489004311688,38.7759742332384,38.51732614790188,38.84180349625382
P_0057_0041,57,41,18.0225,5.494500000000002,18.841444650026176,20,0.783,1.0,169.19331929880653,172.74995409326084,38.564996100866566,38.3676376146978,38.75760103681563,38.5618928126661,0.1496541436554349,0.3899634221178303,0.19570822414952715,0.49803757614026856,38.55662603745407,38.3676376146978,38.69779597699352,38.42980339736948,38.75760103681563
P_0057_0042,57,42,18.0225,6.277500000000003,19.08448355340013,25,0.783,1.0,167.2360321095544,171.16013372419394,38.465013946124316,38.2473541168506,38.67627894743231,38.46365915186027,0.15495684916560004,0.42892483058170683,0.21630503500966825,0.5477967184951555,38.46727162873913,38.2473541168506,38.58212278346792,38.34526828281139,38.67627894743231
P_0057_0043,57,43,18.0225,7.060500000000005,19.356166110570555,20,0.783,1.0,164.95547933241016,168.81302607545817,38.34877025024646,38.13554582938366,38.55652811879702,38.35041058593772,0.1556350810528947,0.42098228941335947,0.21486475655406423,0.5376529877565255,38.36458211683362,38.13554582938366,38.474671948214336,38.22072491645997,38.55652811879702
P_0057_0044,57,44,18.0225,7.843499999999999,19.655304589346866,20,0.783,1.0,162.62843474398193,166.6357982606842,38.2303549105752,38.009200434969046,38.4456659007808,38.22603785539585,0.15881884897749615,0.43646546581175727,0.21962804538495106,0.5574271594019888,38.21662382629216,38.009200434969046,38.35334881160048,38.10535030333676,38.4456659007808
P_0057_0045,57,45,18.0225,8.6265,19.980665867282802,25,0.783,1.0,159.65503860171077,164.1798496730453,38.079248058689814,37.8296480927487,38.32077462347797,38.07772402062369,0.16842184477422098,0.49112653072927515,0.24807592787499289,0.6272369485686783,38.08178593545364,37.8296480927487,38.18115562667873,37.975255824759415,38.32077462347797
P_0057_0046,57,46,18.0225,9.409500000000001,20.3309910358546,20,0.783,1.0,156.30545635609573,160.6967156144256,37.90920510369973,37.66759859678939,38.1438556231991,37.91191962553249,0.16826880116086512,0.4762570264097121,0.24432102874310146,0.6082465215960563,37.93143226886508,37.66759859678939,38.02599665084239,37.79071498796651,38.1438556231991
P_0057_0047,57,47,18.0225,10.192500000000003,20.705012979952464,20,0.783,1.0,152.97145224072565,157.55921422811,37.740106632320575,37.48797623137892,37.98466706485925,37.734300718552824,0.17322765188331457,0.4966908334803293,0.2503663463064285,0.6343433377781983,37.72016570078216,37.48797623137892,37.85430229316938,37.62439230257439,37.98466706485925
P_0057_0048,57,48,18.0225,10.975500000000004,21.10147166668714,25,0.783,1.0,148.7870867739774,154.08778407104256,37.52803683331491,37.23656508326968,37.80865885971741,37.52620947458778,0.18916033377222521,0.5720937764477299,0.2896443913180988,0.7306433926535503,37.5310788797616,37.23656508326968,37.614579543901016,37.44016500628919,37.80865885971741
P_0057_0049,57,49,18.0225,11.758499999999998,21.519127038520868,20,0.783,1.0,144.13118561414774,149.24092360667368,37.29222640629591,37.01189188934978,37.56307880940153,37.29618786037406,0.1879702834063304,0.5511869200517481,0.28429597102427806,0.703942426630585,37.322542071480655,37.01189188934978,37.40097115104936,37.182455380588976,37.56307880940153
P_0057_0050,57,50,18.0225,12.5415,21.956769536978793,20,0.783,1.0,139.53158417455228,144.9199739284941,37.05940486265325,36.76384707380737,37.34430071777075,37.05159623360568,0.1958701876108253,0.5804536439633807,0.2927044841650712,0.7413201072329255,37.03174043700216,36.76384707380737,37.1659223165355,36.95217062291261,37.34430071777075
P_0057_0051,57,51,18.0225,13.3245,22.413228381917676,25,0.783,1.0,133.77460429766327,140.16337928928272,36.76816234720761,36.41671293773021,37.10355038374706,36.765753932361314,0.22175303616821157,0.6868374460168525,0.3490409946311033,0.8771870319500031,36.772165041177686,36.41671293773021,36.83846717647003,36.69787412268158,37.10355038374706
P_0057_0052,57,52,18.0225,14.107500000000002,22.887377798690704,20,0.783,1.0,127.35649304409692,133.52989923085784,36.44365577263359,36.10469654696254,36.76803294184253,36.44915178517441,0.2202408269649203,0.663336394879984,0.3444552382118644,0.8471729181098134,36.48541714397896,36.10469654696254,36.54584334110416,36.34176895198385,36.76803294184253
P_0057_0053,57,53,18.0225,14.890500000000003,23.3781414252716,20,0.783,1.0,120.97094141407472,127.59477904374252,36.121001561352145,35.75670070779887,36.46796889936297,36.11006220767987,0.23411940117239186,0.7112681915641019,0.3579066916831053,0.9083884949733102,36.08257791492253,35.75670070779887,36.2217301437538,36.02133337256117,36.46796889936297
P_0057_0054,57,54,18.0225,15.673500000000004,23.8844951485268,25,0.783,1.0,112.86659233584572,121.00828045387333,35.71181144557441,35.25981636937746,36.13514931142214,35.70800418563658,0.2787577828186453,0.8753329420446789,0.4481878162591215,1.1179220204912885,35.718095563917416,35.25981636937746,35.76369153732958,35.66326814613632,36.13514931142214
P_0057_0055,57,55,18.0225,16.4565,24.405468618733792,20,0.783,1.0,103.62612089895865,111.67393658720331,35.245776064614496,34.79913891187533,35.66384996222854,35.253233080529455,0.28168747636314984,0.8647110503532076,0.4540941686541231,1.1043563861471362,35.30744962366032,34.79913891187533,35.345162822420434,35.150564082462665,35.66384996222854
P_0057_0056,57,56,18.0225,17.2395,24.940145679205646,20,0.783,1.0,94.1050948023327,103.10812978857464,34.76643907327817,34.26225585634023,35.231827491398064,34.74882758055878,0.31345320592181425,0.9695716350578323,0.48657172421854966,1.2382779502654306,34.71003713281067,34.26225585634023,34.86701805452077,34.672999367724174,35.231827491398064
P_0057_0057,57,57,18.0225,18.0225,25.487663927869107,25,0.783,1.0,81.29155744882081,93.26256882488946,34.12365930551884,33.42925723498399,34.736014075898254,34.11402639603885,0.41422550467091734,1.306756840914261,0.6847691610548594,1.668910397080793,34.13915212994692,33.42925723498399,34.15280527986272,34.11290325950239,34.736014075898254
P_0057_0058,57,58,18.0225,18.805500000000002,26.047213603378005,20,0.783,1.0,65.08312044450655,78.37811216138223,33.31775980026841,32.52461745389854,33.98913431076403,33.32458243732259,0.4726004105868539,1.4645168568654867,0.7999649834240472,1.8703918989342103,33.441107851035724,32.52461745389854,33.43752997780439,33.230522593110265,33.98913431076403
P_0057_0059,57,59,18.0225,19.588500000000003,26.61803596248228,19,0.783,1.0,45.327132667359955,63.07681128787169,32.36591129620433,31.44813239065695,33.227687312895455,32.31892315784141,0.5705604359213156,1.7795549222385034,0.908764155054044,2.272739364289276,32.20944348143132,31.44813239065695,32.47514378999023,32.234208814233114,33.227687312895455
P_0058_0010,58,10,18.805500000000002,-18.7785,26.57590812183095,16,0.783,0.9375,30.32383968537849,48.35588250242231,31.716586379601093,30.709177027331293,32.527414753440326,31.75518995618861,0.5949534230037501,1.8182377261090323,1.0460129288573157,2.322142689794422,32.03679558799405,31.746731240536462,32.527414753440326,30.709177027331293,31.75583117164092
P_0058_0011,58,11,18.805500000000002,-17.9955,26.028539154166914,20,0.783,1.0,54.2084587748455,67.67274693711376,32.80767393755883,32.01994829306659,33.48148576377338,32.81613957865943,0.46970026372262813,1.4615374707067872,0.7961912855928404,1.866586808054645,32.93408150002875,32.90162292314227,33.48148576377338,32.01994829306659,32.743559413286164
P_0058_0012,58,12,18.805500000000002,-17.2125,25.49346948730204,16,0.783,1.0,70.36280753750964,79.69422948737459,33.606391448829626,33.08615570666643,34.08286070363505,33.60393195646985,0.31617731517353953,0.9967049969686173,0.5177762498034184,1.272931030611261,33.6255630686548,33.58288061389209,34.08286070363505,33.08615570666643,33.6421996895009
P_0058_0013,58,13,18.805500000000002,-16.429499999999997,24.971489753316682,16,0.783,1.0,81.80136617367165,89.89168350144944,34.1784301805118,33.73284933852102,34.594350808789045,34.20347555260192,0.280266617429048,0.8615014702680241,0.47062621408090166,1.100257305578575,34.32594560946268,34.146317892760635,34.594350808789045,33.73284933852102,34.21791411347624
P_0058_0014,58,14,18.805500000000002,-15.6465,24.463437871648377,20,0.783,1.0,92.66394497931877,100.83611157583006,34.723196077139555,34.27362051415065,35.14381513781831,34.73358054124528,0.27737046519625597,0.8701946236676577,0.45996002709463113,1.1113596726279151,34.79900469666876,34.74009570055739,35.14381513781831,34.27362051415065,34.711366657031306
P_0058_0015,58,15,18.805500000000002,-14.8635,23.97019946725517,16,0.783,1.0,102.0820704802215,108.49621371310896,35.1958656641703,34.84743078597285,35.52833413813357,35.197107704097945,0.21757478211898404,0.6809033521607262,0.34967691812509827,0.8696083680213617,35.215267537082354,35.15045981633841,35.52833413813357,34.84743078597285,35.244046242962554
P_0058_0016,58,16,18.805500000000002,-14.080499999999999,23.492707602573187,16,0.783,1.0,109.46058420568107,115.37689502626073,35.56615284909705,35.245707346052484,35.87358996194342,35.585292305153054,0.20591291428345665,0.6278826158909396,0.33958495910056996,0.8018935068849803,35.67304107426031,35.51605866877321,35.87358996194342,35.245707346052484,35.61806447473583
P_0058_0017,58,17,18.805500000000002,-13.2975,23.03194165718557,20,0.783,1.0,116.86357604718641,123.06347259781292,35.93752209358378,35.60140131319821,36.25908312238863,35.94698736064972,0.20984507473135422,0.6576818091904215,0.345586047451512,0.8399512250196954,35.99835006941424,35.92156696500706,36.25908312238863,35.60140131319821,35.95453533324047
P_0058_0018,58,18,18.805500000000002,-12.5145,22.588925173633207,16,0.783,1.0,123.50950523203076,128.58580862644308,36.27072786056227,35.996671010546834,36.53584212474766,36.27349752319968,0.1749243873721256,0.5391711142008262,0.2768265126528462,0.6885965698605698,36.29301579753758,36.21122378574012,36.53584212474766,35.996671010546834,36.33073489742623
P_0058_0019,58,19,18.805500000000002,-11.731499999999999,22.164722477396374,16,0.783,1.0,128.8350211437816,133.62007362849448,36.53756179028099,36.27934638524641,36.78797509723324,36.55331119336072,0.16950331579571254,0.5086287119868302,0.27396480811430735,0.6495896704812647,36.62396243612648,36.47419318961062,36.78797509723324,36.27934638524641,36.601078858586845
P_0058_0020,58,20,18.805500000000002,-10.9485,21.760433876648694,20,0.783,1.0,134.25209239808484,139.30011305522743,36.80878626154478,36.53611477139498,37.07222491824132,36.8175628863713,0.17277292584670254,0.5361101468463403,0.28144811497632105,0.6846872884372162,36.86231012464668,36.76970422532395,37.07222491824132,36.53611477139498,36.84746039224956
P_0058_0021,58,21,18.805500000000002,-10.165499999999998,21.377189256307762,16,0.783,1.0,139.15321442367843,143.4001698499956,37.05399048052996,36.82474628364048,37.2772372727278,37.06806866229683,0.1533136319161495,0.4524909890873232,0.24332237865635165,0.5778939835087141,37.13081310681389,36.982280379013616,37.2772372727278,36.82474628364048,37.125266269288375
P_0058_0022,58,22,18.805500000000002,-9.3825,21.016139904844565,20,0.783,1.0,143.55066613354452,148.0194555214241,37.27379464911126,37.03234857968323,37.50799428953178,37.28222594093988,0.155431383525291,0.4756457098485498,0.24987736125665094,0.6074657852471901,37.32417084792672,37.22102942626231,37.50799428953178,37.03234857968323,37.32558656129538
P_0058_0023,58,23,18.805500000000002,-8.599499999999999,20.678448454852703,16,0.783,1.0,147.51882633743807,151.33949639441033,37.47195589383837,37.2654060356648,37.673675846110655,37.476420649975,0.13903060260248143,0.40826981044585153,0.2110146143101943,0.5214173824340377,37.499945049038445,37.39213511277581,37.673675846110655,37.2654060356648,37.5509412062853
P_0058_0024,58,24,18.805500000000002,-7.816499999999998,20.365276882478177,16,0.783,1.0,150.6904531346837,154.34713947547814,37.630177645049834,37.43230121058542,37.82362203890551,37.64238539537988,0.13711016892393413,0.3913208283200902,0.21008418479446078,0.4997711728225928,37.69662600856998,37.54677487301007,37.82362203890551,37.43230121058542,37.71260284582843
P_0058_0025,58,25,18.805500000000002,-7.0335,20.07777259807472,20,0.783,1.0,153.883623545592,157.6917728097139,37.789287889784326,37.582970931783166,37.9901535369811,37.7973609884556,0.1376211125744177,0.4071826051979315,0.2143900566724355,0.5200288699845868,37.83665136190723,37.71828088233809,37.9901535369811,37.582970931783166,37.85874822926843
P_0058_0026,58,26,18.805500000000002,-6.250499999999999,19.817052770278433,16,0.783,1.0,156.72132266767693,160.05168478616827,37.930493434370575,37.7497964243384,38.1074751630249,37.935821768438814,0.12756289777963942,0.35767873868650213,0.1860253441004147,0.45680554110664384,37.96209817448778,37.83895793373,38.1074751630249,37.7497964243384,38.02078114661299
P_0058_0027,58,27,18.805500000000002,-5.467499999999998,19.584187154436613,16,0.783,1.0,158.9420365522161,162.1427540091919,38.040818447693454,37.86691410320162,38.21126201109047,38.051558543198894,0.1265030299385597,0.34434790788884584,0.1846444399972711,0.4397802144174276,38.09933797237102,37.9456071914824,38.21126201109047,37.86691410320162,38.134671437848965
P_0058_0028,58,28,18.805500000000002,-4.6845,19.380179836626905,20,0.783,1.0,161.11486592623805,164.39211153180506,38.14854954626981,37.97013855078626,38.32265118309897,38.15639515561689,0.12590274834054793,0.3525126323127097,0.186256604830632,0.4502077041030775,38.19408813353135,38.05994858553333,38.32265118309897,37.97013855078626,38.23514932513456
P_0058_0029,58,29,18.805500000000002,-3.9014999999999986,19.205950445109455,16,0.783,1.0,162.97289269577732,165.9088761524221,38.24043739441606,38.08035290407179,38.39753656065636,38.24661720521095,0.12046092336339763,0.31718365658457515,0.16626430113916513,0.4050876840160602,38.27591620478472,38.13673752665159,38.39753656065636,38.08035290407179,38.34254282989031
P_0058_0030,58,30,18.805500000000002,-3.1184999999999974,19.062315507303936,16,0.783,1.0,164.35231828899595,167.18064796300533,38.30842173172608,38.153939030781146,38.460097038432366,38.31794276301626,0.11993732329933128,0.30615800765122003,0.16400373223511622,0.39100639546771393,38.36053206783998,38.200823539573776,38.460097038432366,38.153939030781146,38.41432213845405
P_0058_0031,58,31,18.805500000000002,-2.3354999999999997,18.94997072557106,20,0.783,1.0,165.60513973213853,168.43265256449791,38.369860943781035,38.21489099943949,38.52131136831957,38.37757842641704,0.11897525620344139,0.30642036888008306,0.16268742697754845,0.39134146727979957,38.41440620690298,38.26344389922036,38.52131136831957,38.21489099943949,38.47383965820279
P_0058_0032,58,32,18.805500000000002,-1.5524999999999984,18.86947499269654,16,0.783,1.0,166.56397541215392,169.16811590110277,38.41651310475383,38.27366653410752,38.55689826877352,38.42357301440619,0.116831579402429,0.2832317346660034,0.14990648029866804,0.36172635334100045,38.45621039472627,38.299772715155655,38.55689826877352,38.27366653410752,38.53131715926799
P_0058_0033,58,33,18.805500000000002,-0.7695000000000007,18.821236954568107,16,0.783,1.0,167.15811423246882,169.6694127787075,38.44499814125742,38.30696002283844,38.58070981130447,38.45346327885228,0.11669297257458096,0.27374978846603426,0.14650325601384395,0.34961658807922635,38.491698368503705,38.32399627717552,38.58070981130447,38.30696002283844,38.56395191443926
P_0058_0034,58,34,18.805500000000002,0.013500000000000512,18.805504845656234,20,0.783,1.0,167.53829944444962,169.96844923657395,38.46254955586522,38.32816952403863,38.59400223701613,38.47022461110957,0.11629905930648438,0.2658327129774989,0.1420550870709434,0.33950538055874696,38.50677318170034,38.33734720250692,38.59400223701613,38.32816952403863,38.58483091028586
P_0058_0035,58,35,18.805500000000002,0.7965000000000018,18.82236017347453,16,0.783,1.0,167.6309318896881,169.98624301633663,38.46564151461793,38.334493262359786,38.5944668168197,38.47364657898335,0.11630286104228843,0.2599735544599113,0.13915331662356323,0.33202241948903105,38.51004391281072,38.334493262359786,38.59146609211115,38.33776281081538,38.5944668168197
P_0058_0036,58,36,18.805500000000002,1.5794999999999995,18.871715621532665,16,0.783,1.0,167.45707543134588,169.903610034555,38.45550767141607,38.31955594842674,38.58899823640667,38.46302366341833,0.11650410776689187,0.26944228797992764,0.14346771499159416,0.3441153103191924,38.497494425891375,38.31955594842674,38.577174781600775,38.33189492476612,38.58899823640667
P_0058_0037,58,37,18.805500000000002,2.3625000000000007,18.953317295397135,20,0.783,1.0,166.9710574085497,169.58842905992276,38.429502887137836,38.28372712645711,38.57175499135042,38.43721669535559,0.11775432183842492,0.28802786489330856,0.15348956889847898,0.3678516793017989,38.47404324772725,38.28372712645711,38.542635609742206,38.31392250150094,38.57175499135042
P_0058_0038,58,38,18.805500000000002,3.145500000000002,19.06675117842576,16,0.783,1.0,166.19105362262644,168.86177741089605,38.38871461715591,38.24113423792983,38.53348166246656,38.39777271134717,0.1188488158224442,0.2923474245367359,0.15663847341734538,0.37336835828446474,38.43852455044964,38.24113423792983,38.5014738318402,38.27424927404962,38.53348166246656
P_0058_0039,58,39,18.805500000000002,3.9284999999999997,19.2114534197702,16,0.783,1.0,165.23191039138052,168.01028796228553,38.33909128956158,38.18592332146619,38.48927765093947,38.345727308904486,0.11943201932123014,0.30335432947327945,0.15980398743829483,0.38742570813956506,38.37685707984872,38.18592332146619,38.44805333156637,38.22852516070168,38.48927765093947
P_0058_0040,58,40,18.805500000000002,4.711500000000001,19.386723872279198,20,0.783,1.0,163.8467012790605,166.91380570364117,38.267866821402755,38.09868575140604,38.432751919680186,38.27571127446815,0.12352911255193227,0.33406616827414837,0.17702552306211317,0.4266490016272648,38.31339155495618,38.09868575140604,38.3636133560957,38.17011379020266,38.432751919680186
P_0058_0041,58,41,18.805500000000002,5.494500000000002,19.591742150712378,16,0.783,1.0,162.14668956225785,165.18980113349386,38.18080852541911,38.01384826280992,38.34431749284181,38.18685448801964,0.1234596590522821,0.33046923003188766,0.17300622520971842,0.4220552107686943,38.21585313508592,38.01384826280992,38.28150290459348,38.07875064476707,38.34431749284181
P_0058_0042,58,42,18.805500000000002,6.277500000000003,19.82558540119308,20,0.783,1.0,160.0953665386521,163.51901427244294,38.07607732074084,37.88820660239162,38.25889919645528,38.084064161086644,0.13033962065361188,0.3706925940636623,0.19585755869502464,0.47342604605831706,38.12275905067861,37.88820660239162,38.15996628076039,37.99048967514733,38.25889919645528
P_0058_0043,58,43,18.805500000000002,7.060500000000005,20.087246961691893,16,0.783,1.0,157.7037705849084,161.05124619241028,37.9542249614577,37.77131581322806,38.133058853661055,37.96548480327247,0.13114242381479027,0.361743040432998,0.19416899004441035,0.4619962202209425,38.01570937261784,37.77131581322806,38.04696342468134,37.860376552174046,38.133058853661055
P_0058_0044,58,44,18.805500000000002,7.843499999999999,20.37565514284142,16,0.783,1.0,155.2610238211367,158.76010427619138,37.829967268484616,37.63909249215692,38.01643908885006,37.835161587785706,0.1327879055872916,0.37734659669314397,0.19606909562878627,0.48192413370771897,37.861317387700296,37.63909249215692,37.91922863064326,37.73973033957799,38.01643908885006
P_0058_0045,58,45,18.805500000000002,8.6265,20.689691454925086,20,0.783,1.0,152.1354741485947,156.17274355709625,37.67118176073039,37.450882747386174,37.88490439210108,37.67948105779935,0.14510898795199012,0.43402164471490323,0.2285983104131759,0.5543060596614345,37.72043531339216,37.450882747386174,37.73764309843381,37.60353973768355,37.88490439210108
P_0058_0046,58,46,18.805500000000002,9.409500000000001,21.02820773389877,16,0.783,1.0,148.60825774910714,152.4970403881846,37.492179294879506,37.2806843780898,37.69826726539861,37.50515972172688,0.14476804625345854,0.41758288730881077,0.22447534363708144,0.5333114780444582,37.56312372481125,37.2806843780898,37.573702099432126,37.41002114090264,37.69826726539861
P_0058_0047,58,47,18.805500000000002,10.192500000000003,21.39004176012754,16,0.783,1.0,145.08970278654263,149.17905232712005,37.31377677449413,37.09162461112544,37.52997154578833,37.31806614311663,0.14767457524372593,0.43834693466288854,0.22644153199119188,0.5598300570407261,37.34162249254575,37.09162461112544,37.391862003432095,37.235250062691534,37.52997154578833
P_0058_0048,58,48,18.805500000000002,10.975500000000004,21.7740311035876,20,0.783,1.0,140.66139841816832,145.49927789432454,37.089422230178556,36.826182650877456,37.34344296638409,37.09819040699375,0.16787109348834883,0.5172603155066327,0.27200775611629524,0.6606134297658144,37.14289021616071,36.826182650877456,37.13721500365534,37.04122119789116,37.34344296638409
P_0058_0049,58,49,18.805500000000002,11.758499999999998,22.179025057472657,16,0.783,1.0,135.7171448210844,140.3445914200575,36.83910598096223,36.58809773063075,37.082372180486345,36.8543848224435,0.16609715891706056,0.4942744498555953,0.26628709181274957,0.6312572795090617,36.92311346869951,36.58809773063075,36.90941171490056,36.76892901750034,37.082372180486345
P_0058_0050,58,50,18.805500000000002,12.5415,22.603894631235566,16,0.783,1.0,130.8119112713062,135.73060877997878,36.59092956748182,36.32410441257372,36.84882316192381,36.59415264590403,0.1715271612772432,0.5247187493500931,0.27004823333031425,0.6701388880588672,36.61547361074804,36.32410441257372,36.65771098000232,36.52465106427229,36.84882316192381
P_0058_0051,58,51,18.805500000000002,13.3245,23.04754066055639,20,0.783,1.0,124.6387997436811,130.6285551133213,36.278827375792744,35.95247112231084,36.59073928166424,36.28828126399336,0.2041315431785805,0.6382681593534016,0.3358101416825221,0.8151572916390826,36.33953928286667,35.95247112231084,36.30493530640803,36.25372132671703,36.59073928166424
P_0058_0052,58,52,18.805500000000002,14.107500000000002,23.508900155047666,16,0.783,1.0,117.70862555939507,123.46733049423496,35.92871463563557,35.61584923221159,36.22868220311887,35.94736981337174,0.20184183444199627,0.6128329709072844,0.3315205811601558,0.7826730152072597,36.0331103209092,35.61584923221159,35.98737634314375,35.87183096747532,36.22868220311887
P_0058_0053,58,53,18.805500000000002,14.890500000000003,23.986951046350185,16,0.783,1.0,110.7503941959082,117.00693154305594,35.577522057369706,35.23681765802047,35.90239502023303,35.57923488936766,0.21344953347886128,0.6655773622125594,0.3424172313471914,0.8500349453544819,35.59915658121787,35.23681765802047,35.632402086953505,35.52540310041343,35.90239502023303
P_0058_0054,58,54,18.805500000000002,15.673500000000004,24.480715522631282,20,0.783,1.0,101.80508635222475,109.76711176774968,35.126663428085195,34.68760800821394,35.53701186855017,35.13703713193066,0.27069856072382054,0.8494038603362242,0.44942912371671895,1.0848069736094816,35.2021867707025,34.68760800821394,35.12396548386647,35.13441352832024,35.53701186855017
P_0058_0055,58,55,18.805500000000002,16.4565,24.989262143968958,16,0.783,1.0,91.41532520379695,99.348036645835,34.604156747975225,34.16703001809867,35.01193299020196,34.628696741055066,0.27528970184959095,0.8449029721032915,0.46166672295639444,1.0790587127755957,34.74882678317141,34.16703001809867,34.650363188856886,34.56533072494642,35.01193299020196
P_0058_0056,58,56,18.805500000000002,17.2395,25.511706930348666,16,0.783,1.0,80.39704892960756,89.57086499373273,34.0522868837959,33.540184158178874,34.52035980834808,34.050300369908754,0.3112977170948107,0.9801756501692083,0.5101162117298799,1.2518207537282353,34.073922703589915,33.540184158178874,34.09501319325335,34.02202198617357,34.52035980834808
P_0058_0057,58,57,18.805500000000002,18.0225,26.047213603378005,20,0.783,1.0,64.71551782416267,77.96966480544458,33.27480308689219,32.490389319700284,33.93933615819026,33.282659056932616,0.4654091365446428,1.4489468384899737,0.7922697372323313,1.8505068179948578,33.402160260421454,32.490389319700284,33.22105505921053,33.36035448714057,33.93933615819026
P_0058_0058,58,58,18.805500000000002,18.805500000000002,26.594993147207244,16,0.783,1.0,41.286887967525374,59.17815332321899,32.1669129332883,30.932821641216776,33.00849557209477,32.181900273679744,0.6870663180286318,2.075673930877997,1.2490786324629681,2.6509245605082974,32.51774415367731,30.932821641216776,32.237449068102364,32.21299093330748,33.00849557209477
P_0059_0011,59,11,19.588500000000003,-17.9955,26.599762263975222,19,0.783,1.0,34.13462345217995,52.0446881788531,31.85171196764419,31.016049837433115,32.68388766327206,31.80967740314237,0.5343769293741074,1.6678378258389444,0.8742102601296899,2.1300610802540794,31.689561669106013,31.925610448033524,32.68388766327206,31.016049837433115,31.73327739786714
P_0059_0012,59,12,19.588500000000003,-17.2125,26.076416327785537,16,0.783,1.0,55.0074851694087,66.56316860399265,32.822542162006016,32.16741573956659,33.40025019395881,32.77334344443543,0.3980380191300185,1.2328344543922185,0.6269067495233784,1.5745012188917222,32.63025081278943,32.789236635640066,33.40025019395881,32.16741573956659,32.87956384022226
P_0059_0013,59,13,19.588500000000003,-16.429499999999997,25.566341202839332,16,0.783,1.0,68.76284437966343,78.28317128312528,33.500755198537775,32.970715302830456,33.985193949078166,33.49282242305539,0.3225981676614376,1.01447864624771,0.5221071202249306,1.2956304549779183,33.49403782169156,33.45751364807728,33.985193949078166,32.970715302830456,33.55665139359945
P_0059_0014,59,14,19.588500000000003,-15.6465,25.07034691622755,20,0.783,1.0,81.19664660099063,90.48735364092016,34.1211253125352,33.60479495033502,34.59666561539814,34.10015440922492,0.3149658705101531,0.9918706650631179,0.4965112061732171,1.2667569157894225,34.04841294593126,34.13428917268891,34.59666561539814,33.60479495033502,34.11660936177128
P_0059_0015,59,15,19.588500000000003,-14.8635,24.589285563025214,16,0.783,1.0,91.68435283688024,98.867397311625,34.646389957575266,34.25435231962791,35.01704277147934,34.61832676501426,0.24864558921044586,0.7626904518514266,0.39871600646507943,0.9740618797591655,34.523087707390914,34.59039113900008,35.01704277147934,34.25435231962791,34.70675988757307
P_0059_0016,59,16,19.588500000000003,-14.080499999999999,24.124050499449716,16,0.783,1.0,99.7573323291437,106.30863863116188,35.051217650173044,34.69526856247427,35.39037613804982,35.045119947227775,0.22335982056922007,0.6951075755755483,0.3498513847535065,0.8877491386660897,35.03466143865285,34.9908911059195,35.39037613804982,34.69526856247427,35.114402491042426
P_0059_0017,59,17,19.588500000000003,-13.2975,23.67557472375275,20,0.783,1.0,107.7615360825102,114.54366282585454,35.452670351107585,35.08374905048822,35.803424986668176,35.437479595130505,0.2292084916979094,0.7196759361799536,0.3659453915376716,0.9191263552745257,35.39287337584466,35.42993691333294,35.803424986668176,35.08374905048822,35.47741364931852
P_0059_0018,59,18,19.588500000000003,-12.5145,23.24482829577367,16,0.783,1.0,114.88430394631732,120.41767368358872,35.80983038324591,35.510754932098905,36.097910708900656,35.788715785264536,0.1944240891428764,0.587155776801751,0.3091949236361202,0.7498796638591967,35.714257133514536,35.740824038372466,36.097910708900656,35.510754932098905,35.87983211343612
P_0059_0019,59,19,19.588500000000003,-11.731499999999999,22.832814642527104,16,0.783,1.0,120.55348349298632,125.74601277582634,36.09396738424442,35.81362539406996,36.364890016679965,36.08782361993747,0.18050016303151584,0.551264622610006,0.277066396742498,0.7040416636143115,36.07219541507453,36.02131523257816,36.364890016679965,35.81362539406996,36.16709204128472
P_0059_0020,59,20,19.588500000000003,-10.9485,22.440565601160774,20,0.783,1.0,126.29010891041585,131.7310276497082,36.38131697914163,36.08716429080954,36.66455412297921,36.36851082296418,0.18604055245906426,0.577389832169672,0.2960433000150289,0.7374071930647151,36.32825477133616,36.33486449705464,36.66455412297921,36.08716429080954,36.427716432641375
P_0059_0021,59,21,19.588500000000003,-10.165499999999998,22.069135064610034,16,0.783,1.0,131.45838630934253,136.03531889112418,36.64001210434921,36.393075944145664,36.879893502290656,36.633585710932984,0.16240404186921326,0.48681755814499184,0.24630779135767256,0.6217337907343446,36.61522779194337,36.559407596364565,36.879893502290656,36.393075944145664,36.72032371992066
P_0059_0022,59,22,19.588500000000003,-9.3825,21.719591121842054,20,0.783,1.0,136.07828198513226,140.87013946468412,36.87106682232236,36.61219056318936,37.12157022880342,36.85921109914676,0.1665888604553358,0.5093796656140626,0.26235912965665875,0.6505487428021233,36.82096531234066,36.81073693050024,37.12157022880342,36.61219056318936,36.93059246090013
P_0059_0023,59,23,19.588500000000003,-8.599499999999999,21.393006625998137,16,0.783,1.0,140.23521158791362,144.33618228361382,37.07878110602199,36.85735291287551,37.29464943677749,37.063232530859864,0.1516806652944431,0.4372965239019777,0.23141690591762654,0.5584885362732793,37.0073816972012,36.99030937261631,37.29464943677749,36.85735291287551,37.16646923482881
P_0059_0024,59,24,19.588500000000003,-7.816499999999998,21.09044818158211,16,0.783,1.0,143.54955647374962,147.4699642146549,37.24422750869954,37.03239745555032,37.45098064569726,37.23724393600911,0.14488645671029246,0.4185831901469399,0.21373670968814906,0.5345890040190803,37.21535464999352,37.152224787388434,37.45098064569726,37.03239745555032,37.33526214141602
P_0059_0025,59,25,19.588500000000003,-7.0335,20.812963616457896,20,0.783,1.0,146.87943342188623,150.94820740616984,37.410263460348006,37.19008010898074,37.624286278463785,37.39927556078029,0.14704045100437826,0.4342061694830477,0.2250107176834959,0.5545417234777109,37.363018617531054,37.33143099735912,37.624286278463785,37.19008010898074,37.48756180156676
P_0059_0026,59,26,19.588500000000003,-6.250499999999999,20.561568094384246,16,0.783,1.0,149.83313348587018,153.39816902197586,37.55734944825023,37.3643170665822,37.746177455618806,37.543785479492726,0.1383123123774253,0.38186038903660346,0.20239197612607995,0.48768887488710533,37.49502855583876,37.45728099324538,37.746177455618806,37.3643170665822,37.65612332617849
P_0059_0027,59,27,19.588500000000003,-5.467499999999998,20.337229125424145,16,0.783,1.0,152.14073907220038,155.56600285478527,37.67208052371092,37.48640634778741,37.85386065293943,37.66442960579191,0.13382546256850664,0.36745430515202315,0.18943104714752224,0.46929030032186864,37.6391427829019,37.56832997247557,37.85386065293943,37.48640634778741,37.774408272855226
P_0059_0028,59,28,19.588500000000003,-4.6845,20.140850838532124,20,0.783,1.0,154.39509514501157,157.89446911600618,37.783948342838116,37.59384961882358,37.9692665887552,37.773476482803666,0.13440764479676473,0.37541696993161366,0.1957901059515308,0.4794597317134274,37.73844521491304,37.68719657797652,37.9692665887552,37.59384961882358,37.87862441354997
P_0059_0029,59,29,19.588500000000003,-3.9014999999999986,19.973257984114664,16,0.783,1.0,156.3199034843701,159.46219489349107,37.87922622571256,37.70838543199221,38.04674082332076,37.86718816045099,0.1299407477181041,0.3383553913285482,0.17955266286976723,0.43212693656264134,37.82406240165619,37.76689658025066,38.04674082332076,37.70838543199221,37.98985556503516
P_0059_0030,59,30,19.588500000000003,-3.1184999999999974,19.83518022353213,16,0.783,1.0,157.74661081090028,160.77476574341733,37.949612224709504,37.78473343721191,38.11137525727548,37.9411877519772,0.12728836288386453,0.32664182006357123,0.17018750529827997,0.41716707543240256,37.91242646696236,37.83331167023744,38.11137525727548,37.78473343721191,38.06409192819882
P_0059_0031,59,31,19.588500000000003,-2.3354999999999997,19.72723732558617,20,0.783,1.0,159.03996146236412,162.06431129713133,38.013112114879206,37.84787461362703,38.17450016296698,38.00291403806218,0.12703715533809434,0.32662554933995125,0.17158612490479896,0.41714629545332216,37.96856060555996,37.898075427184665,38.17450016296698,37.84787461362703,38.12555938097228
P_0059_0032,59,32,19.588500000000003,-1.5524999999999984,19.649925915890883,16,0.783,1.0,160.02730257725818,162.81952346587602,38.061216147861174,37.9086283177478,38.21109448333783,38.05041189388701,0.12542252077394847,0.30246616559003314,0.16068258945082192,0.3862913992209874,38.01200243378838,37.93553375260831,38.21109448333783,37.9086283177478,38.18480048195272
P_0059_0033,59,33,19.588500000000003,-0.7695000000000007,19.603608405087066,16,0.783,1.0,160.63648502361278,163.33171133116727,38.090470510900225,37.94292438845639,38.23546467090489,38.08115938416696,0.12439886767463458,0.29254028244849906,0.1543052867379302,0.37361466468518395,38.04869463593309,37.96038373413319,38.23546467090489,37.94292438845639,38.218329491407246
P_0059_0034,59,34,19.588500000000003,0.013500000000000512,19.588504651963614,20,0.783,1.0,161.02228439200184,163.6321051497082,38.108314802294636,37.96463610205569,38.2488344598878,38.09820457953124,0.12423714831306716,0.28419835783211056,0.15062988035656133,0.3629608656859649,38.06407381401897,37.97382226541612,38.2488344598878,37.96463610205569,38.23965625627761
P_0059_0035,59,35,19.588500000000003,0.7965000000000018,19.604686799334495,16,0.783,1.0,161.10930268083206,163.6469231026468,38.11113113274115,37.97048309247453,38.24923199240277,38.10136165778008,0.12428318413836564,0.2787488999282388,0.14787033462268795,0.3560011493336383,38.06706589992831,37.97048309247453,38.24586430821762,37.97416299587718,38.24923199240277
P_0059_0036,59,36,19.588500000000003,1.5794999999999995,19.65207756192714,16,0.783,1.0,160.92040259645017,163.5550175993282,38.10024393998302,37.95456020582253,38.24321853400448,38.08989907412621,0.1248351389591292,0.2886583281819455,0.15331945987826856,0.36865686868703124,38.05333842399989,37.95456020582253,38.23069253133855,37.96768567546559,38.24321853400448
P_0059_0037,59,37,19.588500000000003,2.3625000000000007,19.730452060203795,20,0.783,1.0,160.4058791387753,163.2200877925562,38.0728053325195,37.91677454887605,38.2249816660904,38.06260665496912,0.12584143741868084,0.30820711721435146,0.16237501112127717,0.39362339363263277,38.0282694151104,37.91677454887605,38.19440688222562,37.94860076254315,38.2249816660904
P_0059_0038,59,38,19.588500000000003,3.145500000000002,19.839443099542894,16,0.783,1.0,159.58534614453077,162.4558951913081,38.02997578080423,37.8720096048296,38.18481590640226,38.021090769712146,0.12647954365159086,0.31280630157265676,0.16372513669011113,0.3994971923022436,37.99050949010132,37.8720096048296,38.15131335433176,37.906805492895785,38.18481590640226
P_0059_0039,59,39,19.588500000000003,3.9284999999999997,19.97854960951871,16,0.783,1.0,158.5789211799733,161.56360670335457,37.977969116865495,37.814058412354825,38.13855631133379,37.96639070614609,0.12867778921297998,0.32449789897896153,0.17216560518769342,0.4144289897560173,37.92511583328741,37.814058412354825,38.0954547554519,37.858768218302544,38.13855631133379
P_0059_0040,59,40,19.588500000000003,4.711500000000001,20.147147800619326,20,0.783,1.0,157.12693049783405,160.4161632878423,37.9033777367175,37.72253188971007,38.07946087869544,37.892909192153034,0.13208203085001805,0.3569289889853735,0.1865516865424084,0.45584800636701595,37.85788052479302,37.72253188971007,38.007201980904085,37.79747068666256,38.07946087869544
P_0059_0041,59,41,19.588500000000003,5.494500000000002,20.344504479097058,16,0.783,1.0,155.34539208224214,158.61304997908726,37.81220867155644,37.63350308566061,37.98703480205296,37.79962009506143,0.1335495065413248,0.3535317163923537,0.1874147069915324,0.4515092163376165,37.754573204939504,37.63350308566061,37.9213741386672,37.70161524398685,37.98703480205296
P_0059_0042,59,42,19.588500000000003,6.277500000000003,20.56979189248156,20,0.783,1.0,153.19495257040506,156.86549850825054,37.70248015910229,37.50155570658512,37.89774124821855,37.69168745096857,0.13946410052659605,0.3961855416334288,0.20605379724997874,0.5059840889315821,37.65589505432831,37.50155570658512,37.79426283592983,37.60898240978105,37.89774124821855
P_0059_0043,59,43,19.588500000000003,7.060500000000005,20.822103460025364,16,0.783,1.0,150.6858612087782,154.28292121199138,37.574705703696495,37.37866430517323,37.76610777123318,37.56707325480981,0.1389718077329627,0.38744346605994906,0.19903451642336734,0.49481924145587364,37.542310543679946,37.37866430517323,37.67597508383835,37.47230857012437,37.76610777123318
P_0059_0044,59,44,19.588500000000003,7.843499999999999,21.10046976965205,16,0.783,1.0,148.12012716020257,151.88292901536815,37.444252434646714,37.2394656444763,37.6440017011214,37.429851230357926,0.1445673809125288,0.4045360566450995,0.21415047076347093,0.5166488590614298,37.378246447055005,37.2394656444763,37.54210977587746,37.34543258325948,37.6440017011214
P_0059_0045,59,45,19.588500000000003,8.6265,21.40387428714718,20,0.783,1.0,144.83193788367032,149.1694294462997,37.27727801295349,37.04091637298944,37.50610706318065,37.26575015209803,0.1556553296620569,0.46519069019120707,0.24035691108262114,0.594113269720571,37.22824502136229,37.04091637298944,37.35148403194688,37.20199827101089,37.50610706318065
P_0059_0046,59,46,19.588500000000003,9.409500000000001,21.731268313193322,16,0.783,1.0,141.11358314522278,145.30775360399335,37.08865907285404,36.860930194804325,37.31009786882521,37.0816251406621,0.15354796717652502,0.44916767402088453,0.22847272816311204,0.573649647536251,37.060323125908894,36.860930194804325,37.17903386800458,36.997740645767465,37.31009786882521
P_0059_0047,59,47,19.588500000000003,10.192500000000003,22.081584827634092,16,0.783,1.0,137.39487467220675,141.81420136824866,36.90019871298029,36.66043109182471,37.13296958931232,36.88332923222182,0.16211758398861364,0.472538497487605,0.2496403570904988,0.6034974425129055,36.82313989848444,36.66043109182471,36.98730115919773,36.8128044222899,37.13296958931232
P_0059_0048,59,48,19.588500000000003,10.975500000000004,22.453750967266032,20,0.783,1.0,132.69941493049936,137.9301924888054,36.66243418799347,36.37783042438713,36.936161438754766,36.64965062698532,0.18115452248575217,0.5583310143676385,0.28651081176944615,0.7130664295882995,36.609451359033415,36.37783042438713,36.717942377560064,36.60686753519121,36.936161438754766
P_0059_0049,59,49,19.588500000000003,11.758499999999998,22.84669898475489,16,0.783,1.0,127.43560717028907,132.47053056738935,36.39610943999806,36.12308916302982,36.65978524584091,36.38952032842565,0.1772662695839557,0.5366960828110905,0.27026491741526115,0.6854356102312777,36.3720411946702,36.12308916302982,36.47599646191605,36.31668957667125,36.65978524584091
P_0059_0050,59,50,19.588500000000003,12.5415,23.25937562575574,16,0.783,1.0,122.18670998559274,127.5624738371244,36.13075063060931,35.83910136183948,36.41147281317387,36.11013625459576,0.19081076068454653,0.5723714513343907,0.3013365585781145,0.73099802213843,36.03762949012253,35.83910136183948,36.20750226590525,36.05497534193768,36.41147281317387
P_0059_0051,59,51,19.588500000000003,13.3245,23.690749935365073,20,0.783,1.0,115.53675977900491,122.10874534136288,35.79488341029535,35.435866288472255,36.1358211939355,35.779731731381354,0.2234699255053211,0.6999549054632439,0.3560894625541451,0.893939853720618,35.73524435696368,35.435866288472255,35.828660522546386,35.76306629498896,36.1358211939355
P_0059_0052,59,52,19.588500000000003,14.107500000000002,24.139819562291684,16,0.783,1.0,108.00537368285771,114.39907409913624,35.41494620023934,35.066783441422785,35.74643212103109,35.40839757794437,0.21937222907720824,0.6796486796083059,0.341614136521585,0.8680059765112463,35.396048153969616,35.066783441422785,35.484823494719535,35.34790067857881,35.74643212103109
P_0059_0053,59,53,19.588500000000003,14.890500000000003,24.605615670005093,16,0.783,1.0,100.35267655256696,107.37811514157194,35.029502586181266,34.645551080948735,35.39222824448183,35.00197658002762,0.24421880896101134,0.7466771635330929,0.39025166445420467,0.9536106813960318,34.90876685449655,34.645551080948735,35.09658129682384,34.96675542338716,35.39222824448183
P_0059_0054,59,54,19.588500000000003,15.673500000000004,25.087206590212475,20,0.783,1.0,90.33778797389661,99.41835383283976,34.52641260510654,34.02058184724092,34.991348048919235,34.50544573785032,0.30826681757726,0.9707662016783161,0.48590231106891224,1.2398035781332262,34.45380042367623,34.02058184724092,34.53116055753111,34.530337811884124,34.991348048919235
P_0059_0055,59,55,19.588500000000003,16.4565,25.583700367616878,16,0.783,1.0,78.37680340978875,87.73952442751087,33.928447629164836,33.40603259508276,34.40457236232277,33.919972784452185,0.31803792167751016,0.998539767240004,0.5139401893694213,1.2752742876628405,33.919453518919795,33.40603259508276,33.99113106652544,33.87867437941014,34.40457236232277
P_0059_0056,59,56,19.588500000000003,17.2395,26.094246348572707,16,0.783,1.0,65.04172656150661,76.43980411035083,33.2687419242326,32.61597048920822,33.8399125419233,33.21939834029185,0.39553637899632565,1.2239420527150742,0.620514201631444,1.5631443840550117,33.07819991358406,32.61597048920822,33.333623287833234,33.22928546891046,33.8399125419233
P_0059_0057,59,57,19.588500000000003,18.0225,26.61803596248228,19,0.783,1.0,44.630622439339945,62.34160604718393,32.29605545301841,31.39540246861384,33.14247516784451,32.24829665144546,0.5581514958771531,1.7470726992306673,0.8941785163990517,2.231255043717327,32.13744774914392,31.39540246861384,32.193707067478954,32.37245080414607,33.14247516784451
P_0060_0012,60,12,20.371500000000005,-17.2125,26.669611330126283,19,0.783,1.0,30.08111317350317,49.93038173089349,31.67720617544153,30.771441361226834,32.55916715559255,31.643174217453566,0.5716757273272662,1.7341988154481065,0.9159929381389809,2.214813301977147,31.528934454230523,31.41436080776305,32.55916715559255,30.82496834014444,31.888440329537275
P_0060_0013,60,13,20.371500000000005,-16.429499999999997,26.17110013927577,20,0.783,1.0,49.66455733097739,64.32955866589317,32.54155220453846,31.685804735233944,33.26423816180028,32.545409682654665,0.5186662720437166,1.5784334265663347,0.8596049474207206,2.0158792165598145,32.662767694037655,32.3629651758543,33.26423816180028,31.685804735233944,32.75127264634716
P_0060_0014,60,14,20.371500000000005,-15.6465,25.68678599007669,25,0.783,1.0,65.45898417646158,78.47300043828632,33.3091916656683,32.5553573036367,33.96790929004038,33.2979549022282,0.451971205871766,1.4125519864036846,0.7425975985915017,1.804025525419776,33.32733701580372,33.22134923133996,33.96790929004038,32.5553573036367,33.41782167032022
P_0060_0015,60,15,20.371500000000005,-14.8635,25.217486879147973,20,0.783,1.0,77.89772330762874,87.87778097503981,33.92635945166345,33.36743656594541,34.43838431557913,33.908061504027614,0.35443859987416476,1.0709477496337172,0.5406249380822032,1.3677493609626017,33.87456500241609,33.767888578431155,34.43838431557913,33.36743656594541,34.09203305776629
P_0060_0016,60,16,20.371500000000005,-14.080499999999999,24.764056462946456,20,0.783,1.0,87.13160725705322,96.08249243002028,34.38755114079327,33.89074275420603,34.84947908295493,34.39360869232796,0.32024676815440245,0.9587363287488984,0.5028659381219285,1.2244397557457194,34.448728747672305,34.232978923448854,34.84947908295493,33.89074275420603,34.54611395335769
P_0060_0017,60,17,20.371500000000005,-13.2975,24.327382072471345,25,0.783,1.0,96.08892234878282,105.03908226611148,34.835964741170095,34.339178577252426,35.29849730296138,34.831388895180034,0.3109515836817946,0.9593187257089539,0.49221031792760783,1.2251835577381276,34.843548167527615,34.73117944862457,35.29849730296138,34.339178577252426,34.94454097953417
P_0060_0018,60,18,20.371500000000005,-12.5145,23.908381846122506,20,0.783,1.0,103.93974430669596,111.36390745186286,35.22930662275682,34.8217308043412,35.61554772268926,35.21802383103028,0.26898981276303613,0.7938169183480568,0.3975238916589774,1.0138147105339166,35.193700365755774,35.078166821522586,35.61554772268926,34.8217308043412,35.38097344084258
P_0060_0019,60,19,20.371500000000005,-11.731499999999999,23.50800086140887,20,0.783,1.0,110.11917264880722,117.0627003743125,35.53894545762693,35.15883055595725,35.90114094870313,35.54352614560992,0.25409793596317876,0.7423103927458783,0.38469558965266515,0.9480337072105725,35.58008654708186,35.38784236392996,35.90114094870313,35.15883055595725,35.68973031237738
P_0060_0020,60,20,20.371500000000005,-10.9485,23.127206154224513,25,0.783,1.0,116.32050743186417,123.4260478605169,35.84959830351919,35.46014055572607,36.21986298748385,35.846670350223505,0.25176040498956126,0.7597224317577798,0.3865297944974344,0.9702713049269217,35.854475016413346,35.73077265004321,36.21986298748385,35.46014055572607,35.968100541451065
P_0060_0021,60,21,20.371500000000005,-10.165499999999998,22.766980531023435,20,0.783,1.0,121.87094181224036,127.98055656985356,36.12750903018518,35.794092229995954,36.4478194264816,36.13112502794753,0.22852057587099797,0.6537271964856473,0.33703279795157925,0.8349006340812863,36.16017164734615,35.9745536449916,36.4478194264816,35.794092229995954,36.27898819092235
P_0060_0022,60,22,20.371500000000005,-9.3825,22.428315106133144,25,0.783,1.0,126.80457751169752,133.07684684759974,36.37436483206394,36.0316486326775,36.70269160400602,36.37196419252177,0.22711654895840513,0.671042971328518,0.34031555984427087,0.8570152890530242,36.3783671637438,36.24575172963051,36.70269160400602,36.0316486326775,36.50136183255103
P_0060_0023,60,23,20.371500000000005,-8.599499999999999,22.112200534998777,20,0.783,1.0,131.22495996655772,136.718556617809,36.5953666797856,36.295874751563815,36.88465948636633,36.58889059870694,0.21073648942865392,0.5887847348025161,0.295768887659392,0.7519600699904421,36.575393105692,36.438583805252506,36.88465948636633,36.295874751563815,36.74994184466004
P_0060_0024,60,24,20.371500000000005,-7.816499999999998,21.819616965015683,20,0.783,1.0,134.73675334099738,140.00319636441225,36.77078726217743,36.48367883533689,37.04862456389935,36.773179340556226,0.20489664449168643,0.5649457285624635,0.2895005052193369,0.7215143404373735,36.794459643633786,36.61184300602554,37.04862456389935,36.48367883533689,36.92729065388557
P_0060_0025,60,25,20.371500000000005,-7.0335,21.551522788424958,25,0.783,1.0,138.25442747843206,143.64033946741296,36.94631253083343,36.65226007324628,37.22996133195676,36.94433387053925,0.20359652942303838,0.5777012587104764,0.29207379729297145,0.7378049281104424,36.94960763457533,36.80290064347725,37.22996133195676,36.65226007324628,37.08693966944065
P_0060_0026,60,26,20.371500000000005,-6.250499999999999,21.308842354759683,20,0.783,1.0,141.36653906302936,146.196890665769,37.10140713342051,36.83788636088633,37.35724903064113,37.09660740817027,0.19405624481167533,0.5193626697547984,0.26064162247085676,0.6632984288056173,37.08801527346509,36.93666058712927,37.35724903064113,36.83788636088633,37.26322578872953
P_0060_0027,60,27,20.371500000000005,-5.467499999999998,21.09245288011805,20,0.783,1.0,143.79221735346394,148.45527501722506,37.22211303402427,36.96756815126889,37.469523633044105,37.22340009437115,0.1905196820369102,0.5019554817752123,0.2558319431022582,0.6410670265328382,37.23879896131592,37.05440936809197,37.469523633044105,36.96756815126889,37.38670035813488
P_0060_0028,60,28,20.371500000000005,-4.6845,20.903170871903626,25,0.783,1.0,146.15691371417745,150.8767601591119,37.339568813705846,37.08143491878042,37.58964781187558,37.33781177018197,0.18912166291355378,0.5082128930951626,0.256376851401555,0.6490586118712166,37.34249860737157,37.18015931936162,37.58964781187558,37.08143491878042,37.49531819352069
P_0060_0029,60,29,20.371500000000005,-3.9014999999999986,20.7417384637836,20,0.783,1.0,148.17180873842182,152.50425083549896,37.439413496814346,37.20253843842596,37.6701550825307,37.43595666211685,0.18411171766721038,0.46761664410473713,0.23419842041384697,0.5972115505807626,37.43176414971532,37.26427127384284,37.6701550825307,37.20253843842596,37.61105436606943
P_0060_0030,60,30,20.371500000000005,-3.1184999999999974,20.60881011849059,20,0.783,1.0,149.66212805762342,153.8645813573561,37.513026615980685,37.28306938785852,37.73721492864598,37.51327720343092,0.18215694783206848,0.45414554078746505,0.230207815572399,0.5800070763569157,37.52372657722782,37.33420719207288,37.73721492864598,37.28306938785852,37.68816793134937
P_0060_0031,60,31,20.371500000000005,-2.3354999999999997,20.5049401974256,25,0.783,1.0,151.00989682538307,155.19800452360693,37.57928995834272,37.34951809504025,37.8025708582702,37.57764652144804,0.18099852560344942,0.45305276322994814,0.2281284264077854,0.5786114472923987,37.58202501003933,37.40220376104696,37.8025708582702,37.34951809504025,37.75191488284344
P_0060_0032,60,32,20.371500000000005,-1.5524999999999984,20.43057190829469,20,0.783,1.0,152.03545502137072,155.97627298355235,37.629338220562076,37.41325409773145,37.840340406848725,37.62704081733515,0.1790746579434144,0.4270863091172714,0.21378671960369644,0.5454486706478562,37.62703220429307,37.44136253922432,37.840340406848725,37.41325409773145,37.813214838578176
P_0060_0033,60,33,20.371500000000005,-0.7695000000000007,20.386028119768703,20,0.783,1.0,152.66478614708637,156.50116818550734,37.659621914608756,37.4490589787253,37.86536213033094,37.65884701340333,0.17840419941472183,0.41630315160563924,0.2097880346780343,0.5316770774018381,37.66487294049011,37.46715409128399,37.86536213033094,37.4490589787253,37.8477869261863
P_0060_0034,60,34,20.371500000000005,0.013500000000000512,20.37150447316055,25,0.783,1.0,153.05810139520122,156.80314535979,37.67785816302459,37.471525145313024,37.87882269714788,37.67624933079816,0.17809858477009527,0.4072975518348585,0.2047241854851336,0.520175672841454,37.68054040332726,37.48072244160255,37.87882269714788,37.471525145313024,37.86963596660007
P_0060_0035,60,35,20.371500000000005,0.7965000000000018,20.387065127182975,20,0.783,1.0,153.13760380430568,156.81637995698685,37.68030706865032,37.47665109601445,37.87914224302807,37.67907117455813,0.17821123386488869,0.4024911470136203,0.20242007854368183,0.5140372247938957,37.68326514622436,37.47665109601445,37.87534733397263,37.48095005355117,37.87914224302807
P_0060_0036,60,36,20.371500000000005,1.5794999999999995,20.432641349076732,20,0.783,1.0,152.92855504056269,156.71176711700457,37.66841216018658,37.45924172318888,37.8724943184846,37.666570882953486,0.17873753100775575,0.4132525952957167,0.20732915976460475,0.5277810923316943,37.66841534830519,37.45924172318888,37.85914957367197,37.4735534511168,37.8724943184846
P_0060_0037,60,37,20.371500000000005,2.3625000000000007,20.508033023671484,25,0.783,1.0,152.37581450179425,156.35378101903177,37.63905603233527,37.41852502317926,37.85309932803932,37.63740924648446,0.180099357797875,0.4345743048600639,0.21888422330520285,0.5550118836016141,37.64180199953864,37.41852502317926,37.82082945649466,37.452790425170406,37.85309932803932
P_0060_0038,60,38,20.371500000000005,3.145500000000002,20.612913003745984,20,0.783,1.0,151.50086339125392,155.54571080524687,37.593494382439154,37.37050462197567,37.810728430553695,37.59328650130095,0.18142712518232992,0.44022380857802546,0.22278187932528226,0.5622270863065459,37.60189888331416,37.37050462197567,37.77547999304596,37.40782057761527,37.810728430553695
P_0060_0039,60,39,20.371500000000005,3.9284999999999997,20.746834083782524,20,0.783,1.0,150.43082643402497,154.60566264536243,37.53829151010645,37.30840894805908,37.76206728370846,37.5352986473947,0.18323498175660993,0.4536583356493793,0.2268896993356151,0.5793848475726427,37.53293339144892,37.30840894805908,37.71676896533393,37.35631464842311,37.76206728370846
P_0060_0040,60,40,20.371500000000005,4.711500000000001,20.909238257287143,25,0.783,1.0,148.88874906699994,153.39845433094803,37.45916960137051,37.21036034473809,37.69996390019912,37.457416730474485,0.187332249361545,0.48960355546103074,0.24705638573639277,0.6252918971405246,37.46207565859578,37.21036034473809,37.62404393523724,37.29063981360218,37.69996390019912
P_0060_0041,60,41,20.371500000000005,5.494500000000002,21.099467825042417,20,0.783,1.0,146.9968703635057,151.50232214152706,37.36244900870238,37.11493186074267,37.60285276111392,37.35855303765713,0.18915335586137322,0.48792090037125035,0.24429972345679118,0.623142912351533,37.35319108879549,37.11493186074267,37.53384214385892,37.18794733377467,37.60285276111392
P_0060_0042,60,42,20.371500000000005,6.277500000000003,21.316777863926816,25,0.783,1.0,144.71169350315427,149.66422015204367,37.245943664316755,36.97336377783285,37.50899590420482,37.244050355022466,0.1959672573153792,0.5356321263719721,0.27068657718961475,0.6840767897470907,37.24910681570441,36.97336377783285,37.40015312867786,37.0886321486924,37.50899590420482
P_0060_0043,60,43,20.371500000000005,7.060500000000005,21.560349544940134,20,0.783,1.0,142.04208319068326,146.94567527576717,37.11010834081492,36.84124739223989,37.37052118188927,37.11169722052438,0.19804776829224335,0.5292737896493804,0.27044982828448383,0.6759563086198983,37.12916531702564,36.84124739223989,37.27559852600933,36.94195368545775,37.37052118188927
P_0060_0044,60,44,20.371500000000005,7.843499999999999,21.829303802457837,20,0.783,1.0,139.3073240274503,144.41616116512543,36.97116731732118,36.69120523527357,37.24190184049888,36.965726935207115,0.2029190653002101,0.5506966052253119,0.2761749052917679,0.7033162263413946,36.95563653404389,36.69120523527357,37.13442742258695,36.805463643632265,37.24190184049888
P_0060_0045,60,45,20.371500000000005,8.6265,22.122714898944935,25,0.783,1.0,135.79396998349432,141.5518037804949,36.79289119802712,36.47652482913378,37.096417554716766,36.790658135051274,0.215421567533487,0.6198927255829858,0.314133305917494,0.7916893047036856,36.79662946123864,36.47652482913378,36.932971355237896,36.65074747492929,37.096417554716766
P_0060_0046,60,46,20.371500000000005,9.409500000000001,22.43962349283072,20,0.783,1.0,131.8086608072935,137.46616722999784,36.590904504864966,36.28108367642904,36.88916341451994,36.593677369565945,0.21772238518334502,0.6080797380909004,0.312593693136904,0.776602475211878,36.618165224834,36.28108367642904,36.75023937445593,36.42973515759081,36.88916341451994
P_0060_0047,60,47,20.371500000000005,10.192500000000003,22.77904889366543,20,0.783,1.0,127.80743017510459,133.75943904697806,36.38830551754431,36.06223036227527,36.7013407960568,36.38078362063195,0.22585908462170834,0.639110433781525,0.3205571754248453,0.8162329933352809,36.36524014588719,36.06223036227527,36.54644847489203,36.22865832404847,36.7013407960568
P_0060_0048,60,48,20.371500000000005,10.975500000000004,23.14000027009508,25,0.783,1.0,122.72981345194768,129.62521269961408,36.13147077464193,35.75186134945761,36.49197217338008,36.128552402577114,0.247649200614756,0.7401108239224641,0.3766910531195009,0.9452245516251138,36.136315279742405,35.75186134945761,36.25898808382004,36.00362512648542,36.49197217338008
P_0060_0049,60,49,20.371500000000005,11.758499999999998,23.52148665582174,20,0.783,1.0,117.00129632611,123.78721816587552,35.842007807654326,35.46950809529551,36.1967091036334,35.84612940090119,0.25124539864119944,0.727201008337893,0.3766213056056813,0.9287369199717663,35.880789111303216,35.46950809529551,35.99935301751691,35.684287676756924,36.1967091036334
P_0060_0050,60,50,20.371500000000005,12.5415,23.92252567142525,20,0.783,1.0,111.24215034597137,118.50870760539854,35.551359724519294,35.15159865539795,35.929899749505466,35.54056007700001,0.2659104170230448,0.778301094107519,0.3893396725054572,0.9939988430491941,35.51806414579255,35.15159865539795,35.70959790074414,35.39363993355994,35.929899749505466
P_0060_0051,60,51,20.371500000000005,13.3245,24.342150942346905,25,0.783,1.0,103.86414604527755,112.60416478161989,35.17957911616635,34.693257029117774,35.63186218861756,35.17501468067941,0.30587398111826175,0.9386051594997866,0.48175765156163664,1.1987294501912984,35.18716162479808,34.693257029117774,35.297079864824696,35.06571269603893,35.63186218861756
P_0060_0052,60,52,20.371500000000005,14.107500000000002,24.779418243776433,20,0.783,1.0,95.37964861076722,104.17292789799453,34.75300093546697,34.26442603143113,35.206845320405534,34.7585482520707,0.316606057704727,0.9424192889744063,0.494122220639575,1.2036006244883861,34.8117655966949,34.26442603143113,34.91796337632019,34.591740935501775,35.206845320405534
P_0060_0053,60,53,20.371500000000005,14.890500000000003,25.233410441317684,20,0.783,1.0,86.56604702331543,96.38849880498672,34.31143247839433,33.76056526446047,34.81519698700856,34.29354626749571,0.35068912630388505,1.0546317225480948,0.5329810030352391,1.3469115230499293,34.26226052634252,33.76056526446047,34.48343546709219,34.1462730925748,34.81519698700856
P_0060_0054,60,54,20.371500000000005,15.673500000000004,25.703241322837094,25,0.783,1.0,74.60012554936756,87.40400063020591,33.71603205934136,32.97067504668331,34.36446637134901,33.70462961587337,0.4470105060337619,1.393791324665699,0.7339545691900611,1.7800655487429105,33.734511607422576,32.97067504668331,33.83432719885303,33.61916785505895,34.36446637134901
P_0060_0055,60,55,20.371500000000005,16.4565,26.188058433186683,20,0.783,1.0,59.278516361102746,73.78591181027875,32.965832833141576,32.09818244501861,33.68546539510538,32.96731030494105,0.5232092230176214,1.5872829500867738,0.8691278599224432,2.0271812900214226,33.08738621985441,32.09818244501861,33.18612287825607,32.7793945864708,33.68546539510538
P_0060_0056,60,56,20.371500000000005,17.2395,26.687045031250655,19,0.783,1.0,40.107059518983185,59.80701723725163,32.08108954954783,31.009406920332708,32.99780740005235,32.04159748526632,0.617414104058394,1.8770882744523156,0.9562099147860295,2.39730303250615,31.94747696182509,31.120719125600036,32.32892585696743,31.81305808188671,32.99780740005235
P_0061_0013,61,13,21.1545,-16.429499999999997,26.78509549170956,13,0.783,1.0,23.011920997162687,40.60464646279448,31.373333003949313,30.772139461207587,32.09301369571199,31.313798534823764,0.4197748102178484,1.2315623088205712,0.7792151608882243,1.5728765119036667,31.183569425542828,31.08709061554623,32.09301369571199,30.861451386891417,31.343867550426356
P_0061_0014,61,14,21.1545,-15.6465,26.31208529364406,20,0.783,1.0,44.353840303826544,59.77499537589826,32.269632783474655,31.37696924567439,33.00940873313078,32.22628519106816,0.5191223168630885,1.632439487456395,0.8493159453937693,2.084852474401526,32.16206712218906,32.28168134739815,33.00940873313078,31.37696924567439,32.3012995069484
P_0061_0015,61,15,21.1545,-14.8635,25.85413898198894,16,0.783,1.0,60.823396973246666,71.36919090455255,33.053481092611605,32.46780518773147,33.581294218983544,33.00992731421775,0.3643236281077926,1.1134890312520724,0.5713669047657959,1.422080499683362,32.87789862140289,32.95985955575924,33.581294218983544,32.46780518773147,33.162778987211595
P_0061_0016,61,16,21.1545,-14.080499999999999,25.412070960470732,16,0.783,1.0,72.02788100058919,81.06471781936787,33.605012533240114,33.10765146783973,34.06374641233384,33.594284801122456,0.30906803659046594,0.9560949444941116,0.4866333332827253,1.2210663403500785,33.58058480580513,33.51036063413386,34.06374641233384,33.10765146783973,33.709080685499714
P_0061_0017,61,17,21.1545,-13.2975,24.98672400495911,20,0.783,1.0,82.45704400778908,91.34272425255185,34.123564623266034,33.633398448676814,34.57742749376837,34.1019969021424,0.3014899101017593,0.944029045091554,0.47543059162596535,1.2056565071411929,34.044773410109826,34.080728081293955,34.57742749376837,33.633398448676814,34.17365707686304
P_0061_0018,61,18,21.1545,-12.5145,24.578966221141197,16,0.783,1.0,91.3657579128357,98.4565463165781,34.56835588057322,34.18276070349026,34.93343874348386,34.54069398258449,0.2502134274721153,0.7506780399936019,0.3927447608993688,0.9587203575908071,34.44718284209881,34.46954018368149,34.93343874348386,34.18276070349026,34.67054744016804
P_0061_0019,61,19,21.1545,-11.731499999999999,24.189687110419595,16,0.783,1.0,98.25571510606065,104.78514915977556,34.91297799610011,34.55903267050883,35.250380652124306,34.90411035437779,0.2282371479248743,0.6913479816154791,0.3462702977465142,0.8829476138128723,34.88308852059777,34.811944763060296,35.250380652124306,34.55903267050883,35.016105165597764
P_0061_0020,61,20,21.1545,-10.9485,23.81979266282559,20,0.783,1.0,105.08499982475067,111.77601626742656,35.25477106060486,34.89129993442839,35.60046231292756,35.23824998534875,0.2298189831220671,0.7091623784991725,0.36221232757880983,0.9056990785430045,35.188450030618924,35.18683383389077,35.60046231292756,34.89129993442839,35.3242038148781
P_0061_0021,61,21,21.1545,-10.165499999999998,23.470199413298555,16,0.783,1.0,111.14001046883894,116.73750025477337,35.55783728587004,35.2556657073539,35.848780264009804,35.549137547567774,0.19977091984898712,0.5931145566559053,0.29964271644202967,0.7574898552438126,35.52519548234602,35.45101965262364,35.848780264009804,35.2556657073539,35.6650266315055
P_0061_0022,61,22,21.1545,-9.3825,23.14182742352038,20,0.783,1.0,116.47995821724214,122.2526831682017,35.82501909499025,35.51262302583211,36.12473922875125,35.810188922093175,0.20175129050389995,0.6121162029191396,0.31455030665807726,0.7817576027064362,35.76363671810259,35.743038933475475,36.12473922875125,35.51262302583211,35.90690670430445
P_0061_0023,61,23,21.1545,-8.599499999999999,22.83559218632177,16,0.783,1.0,121.23673506516596,126.1723502688202,36.062899257105485,35.79681255919411,36.32067796172333,36.04407419635616,0.18347935656596573,0.5238654025292178,0.27660376536716313,0.669049045375757,35.97764923129768,35.94953253288202,36.32067796172333,35.79681255919411,36.175698696683696
P_0061_0024,61,24,21.1545,-7.816499999999998,22.552395493605548,16,0.783,1.0,124.99774625411615,129.6935634244936,36.25083398927626,35.99768257799724,36.49655562325143,36.24188581259981,0.17455059885960422,0.49887304525419296,0.2546698106516203,0.6371303259951379,36.21442659049984,36.13430190114218,36.49655562325143,35.99768257799724,36.366462370108366
P_0061_0025,61,25,21.1545,-7.0335,22.2931153610257,20,0.783,1.0,128.75027719473522,133.57784316049072,36.43818482214665,36.17732837783655,36.690388194862464,36.42479861040664,0.17551614741129792,0.513059817025912,0.2655895844558245,0.6552488084622119,36.381320071233176,36.33738245221207,36.690388194862464,36.17732837783655,36.53757395588895
P_0061_0026,61,26,21.1545,-6.250499999999999,22.058595161523773,16,0.783,1.0,132.0589846789871,136.29903266183263,36.6031900810337,36.37448530517446,36.82599070319418,36.58702612701327,0.16522051937133397,0.45150539801971945,0.23896457618091205,0.5766352465130516,36.529692500438216,36.479098374610544,36.82599070319418,36.37448530517446,36.725863751648944
P_0061_0027,61,27,21.1545,-5.467499999999998,21.84963218225881,16,0.783,1.0,134.6302679873492,138.69658172333752,36.731238729325064,36.51179110900728,36.945289624843554,36.72174765374585,0.15960050394456857,0.43349851583627697,0.22354197109770269,0.553637951259613,36.6908083936932,36.60353677529406,36.945289624843554,36.51179110900728,36.857312365891175
P_0061_0028,61,28,21.1545,-4.6845,21.66696588126727,20,0.783,1.0,137.13034335627592,141.26037079905666,36.85552772251916,36.6320511044953,37.07259999099824,36.84293915069401,0.1594972724306061,0.44054888650294544,0.22966084030423417,0.5626422560701729,36.801309987808224,36.7360777836314,37.07259999099824,36.6320511044953,36.97265688653687
P_0061_0029,61,29,21.1545,-3.9014999999999986,21.511266176122685,16,0.783,1.0,139.25530809829445,142.97894881402868,36.960930065515,36.75962769116149,37.15771055346988,36.946663989052034,0.15431304028921788,0.3980828623083923,0.21104656441784897,0.5084072315560566,36.89619574367862,36.82453736015441,37.15771055346988,36.75962769116149,37.09524859679578
P_0061_0030,61,30,21.1545,-3.1184999999999974,21.383122141071915,16,0.783,1.0,140.8230890505539,144.41187946960164,37.03846176776609,36.84428393453163,37.22844329821663,37.02821560551537,0.15108987977096697,0.3841593636850007,0.20022769270126162,0.4906249855491707,36.99368073599277,36.89794387953185,37.22844329821663,36.84428393453163,37.17672617930396
P_0061_0031,61,31,21.1545,-2.3354999999999997,21.28303151574042,20,0.783,1.0,142.2369574207736,145.81185449440954,37.108074171307166,36.91399090424761,37.29717771484332,37.095900568401795,0.15049067099157906,0.3831868105957099,0.2012771464415266,0.489382899866807,37.05529079198914,36.96911934427857,37.29717771484332,36.91399090424761,37.24392408665034
P_0061_0032,61,32,21.1545,-1.5524999999999984,21.21139143243554,16,0.783,1.0,143.30885012723053,146.62503788391894,37.16047541715072,36.980658237706,37.33672418819469,37.14767197720833,0.1486207014857346,0.3560659504886843,0.18905221098635394,0.4547457860647309,37.10268816574427,37.00994771478696,37.33672418819469,36.980658237706,37.30834157960976
P_0061_0033,61,33,21.1545,-0.7695000000000007,21.16849074686242,16,0.783,1.0,143.96257895794704,147.16915986356423,37.192003720160564,37.01794432350238,37.36272976587401,37.18082142194119,0.14742727253137664,0.3447854423716308,0.18190834393281818,0.44033900686032024,37.14227908426602,37.0366637530542,37.36272976587401,37.01794432350238,37.34449018300933
P_0061_0034,61,34,21.1545,0.013500000000000512,21.15450430759369,20,0.783,1.0,144.36498986379837,147.47353191402374,37.2107161815394,37.04115155650436,37.37633776048887,37.19867290482743,0.14722413830642966,0.33518620398451304,0.1776648556614404,0.4280794431475262,37.15838390691931,37.05036188415437,37.37633776048887,37.04115155650436,37.36712941607027
P_0061_0035,61,35,21.1545,0.7965000000000018,21.169489424641302,16,0.783,1.0,144.43539661516633,147.48437163504371,37.21272434824285,37.045575549875366,37.376542300778624,37.20108146450441,0.14733076108223883,0.3309667509032579,0.17546083627421183,0.422690614180406,37.16069845225093,37.045575549875366,37.3721117560853,37.05047926353183,37.376542300778624
P_0061_0036,61,36,21.1545,1.5794999999999995,21.213384701645325,16,0.783,1.0,144.20195014642252,147.36053201737116,37.19961649307575,37.02672857772649,37.36894930213731,37.18727479358721,0.14806564051952403,0.3422207244108222,0.1816745085501026,0.43706350499466434,37.14413247663805,37.02672857772649,37.35437935035566,37.04218426107855,37.36894930213731
P_0061_0037,61,37,21.1545,2.3625000000000007,21.286011286758256,20,0.783,1.0,143.60287509718484,146.96763098983442,37.16794766114073,36.98313447308328,37.347820410218105,37.15578091750008,0.14935931761236004,0.3646859371348228,0.192039492718024,0.465754708984448,37.115156236135874,36.98313447308328,37.31299023899987,37.01980322906326,37.347820410218105
P_0061_0038,61,38,21.1545,3.145500000000002,21.387076483240993,16,0.783,1.0,142.66182438418443,146.09300891749243,37.119074243438234,36.93189650551602,37.30211499911928,37.108379599315626,0.15031300537306472,0.37021849360326087,0.19373539980365706,0.4728205537717252,37.071968899158605,36.93189650551602,37.264213795055525,36.97170379772871,37.30211499911928
P_0061_0039,61,39,21.1545,3.9284999999999997,21.516179551676917,16,0.783,1.0,141.51432579389763,145.08036062389212,37.05998990826227,36.86571221543795,37.24980375051109,37.04620366180982,0.15307494755623172,0.3840915350731393,0.2036000887012719,0.4905383589695266,36.997574140153176,36.86571221543795,37.20115948026046,36.91676872268641,37.24980375051109
P_0061_0040,61,40,21.1545,4.711500000000001,21.672819440488123,20,0.783,1.0,139.86217870909837,143.7820649708928,36.97535077392567,36.7612070225191,37.18311711177944,36.962774900829515,0.15725097971260688,0.42191008926033646,0.2203422109499229,0.5388379173184373,36.92117330025059,36.7612070225191,37.10160089361597,36.84677617598248,37.18311711177944
P_0061_0041,61,41,21.1545,5.494500000000002,21.85640410726339,16,0.783,1.0,137.83492099739095,141.74362884763949,36.87184536862745,36.65940829834818,37.07884088186432,36.856788030988774,0.15953246803346952,0.41943258351614077,0.22205285087554927,0.5356737975940495,36.803650535073416,36.65940829834818,37.004732804267576,36.73730763539038,37.07884088186432
P_0061_0042,61,42,21.1545,6.277500000000003,22.06626104486213,20,0.783,1.0,135.38350477042167,139.76636214810728,36.747021474376915,36.50822273486887,36.97803740982687,36.73394139777137,0.1667443006167008,0.4698146749579948,0.24409601205550047,0.6000187419642334,36.69114568106892,36.50822273486887,36.86094807575199,36.63135308734019,36.97803740982687
P_0061_0043,61,43,21.1545,7.060500000000005,22.301648604979857,16,0.783,1.0,132.5145768679356,136.83764237603478,36.601212617561444,36.366773934148455,36.82902819705714,36.591680364752946,0.16718901041644704,0.46225426290868654,0.2373478323041951,0.5903630433061131,36.561314440667786,36.366773934148455,36.72666087144307,36.47462438044829,36.82902819705714
P_0061_0044,61,44,21.1545,7.843499999999999,22.561767716648443,16,0.783,1.0,129.5683169405691,134.10652822520677,36.45169752641789,36.20569327990171,36.69027661664785,36.434274888830984,0.1745322597334123,0.48458333674614096,0.2560017278168658,0.6188803789861315,36.37291633708583,36.20569327990171,36.57408614075183,36.32840206976772,36.69027661664785
P_0061_0045,61,45,21.1545,8.6265,22.84577362445842,20,0.783,1.0,125.77050264392827,131.0055974315061,36.25923605975365,35.97446010529404,36.532958608331455,36.24495834377499,0.18829997649879768,0.5584985030374128,0.2880002645564659,0.7132803359353931,36.19952834674552,35.97446010529404,36.35566189181674,36.16218276668718,36.532958608331455
P_0061_0046,61,46,21.1545,9.409500000000001,23.1527873160015,16,0.783,1.0,121.44399596229013,126.56510735992524,36.04025710818248,35.762823313772344,36.30800068389908,36.03108791658038,0.18792899565148793,0.5451773701267371,0.2769127673186986,0.6962673947978761,36.004228119640175,35.762823313772344,36.15649652454903,35.92389094104129,36.30800068389908
P_0061_0047,61,47,21.1545,10.192500000000003,23.481906364262677,16,0.783,1.0,117.07649883170319,122.51638273189782,35.81946604187925,35.52472124958882,36.10303325172714,35.79851422660039,0.19989703670107664,0.5783120021383183,0.30451902512675133,0.7385849324882737,35.72555826808326,35.52472124958882,35.933395259642964,35.70586310395976,36.10303325172714
P_0061_0048,61,48,21.1545,10.975500000000004,23.832214972595395,20,0.783,1.0,111.49430584483416,117.97518110652366,35.53766598089356,35.18399459718955,35.87354327569176,35.52116031136188,0.22494598957759693,0.6895486785022058,0.3523829643298768,0.880649653259522,35.47147172818319,35.18399459718955,35.61613247854473,35.46065947720018,35.87354327569176
P_0061_0049,61,49,21.1545,11.758499999999998,24.202793072288163,16,0.783,1.0,105.13783878336343,111.50966695133856,35.21729468308411,34.871144942118406,35.54704300615333,35.20797195329487,0.22487819138954895,0.675898064034925,0.33907105285845773,0.8632159183076947,35.185074541575034,34.871144942118406,35.327137551755015,35.10945972487258,35.54704300615333
P_0061_0050,61,50,21.1545,12.5415,24.59272438141004,16,0.783,1.0,98.66816395211114,105.6013464701137,34.891867377251884,34.51424739353939,35.24927133429094,34.8647684453699,0.2464574545817057,0.735023940751546,0.3845028889210411,0.9387278936801353,34.77329155227324,34.51424739353939,35.00070282547313,34.786329121272786,35.24927133429094
P_0061_0051,61,51,21.1545,13.3245,25.0011033856508,20,0.783,1.0,90.23226770428379,98.9078067680602,34.468882579399526,33.989034202776,34.91250039359386,34.447403867028655,0.2956679563372206,0.9234661908178623,0.4650965265652047,1.1793948797162992,34.39040269306008,33.989034202776,34.52807158585125,34.41701045986207,34.91250039359386
P_0061_0052,61,52,21.1545,14.107500000000002,25.427041245492955,16,0.783,1.0,80.27592235430322,89.15515328734212,33.97213809503829,33.48210482085335,34.42329057246593,33.960945826241186,0.3053973306799337,0.9411857516125792,0.47884100538783514,1.2020252255588495,33.94558948950191,33.48210482085335,34.083039831426674,33.87070441695806,34.42329057246593
P_0061_0053,61,53,21.1545,14.890500000000003,25.869670668564765,16,0.783,1.0,69.4917206889334,79.87990873449958,33.43906836384807,32.856859834988256,33.96033257097696,33.39548784743679,0.3619472227825311,1.1034727359887029,0.564844723540169,1.4092882962818682,33.26545043246665,32.856859834988256,33.555934286290665,33.33886211246141,33.96033257097696
P_0061_0054,61,54,21.1545,15.673500000000004,26.32814981156101,20,0.783,1.0,53.49498167673257,68.70599556781791,32.66759875644222,31.74786264781295,33.407283145238694,32.62093182635233,0.5282840296008252,1.6594204974257423,0.8730691785393816,2.1193109801095047,32.56193915983488,31.74786264781295,32.712839372836186,32.67473480603894,33.407283145238694
P_0061_0055,61,55,21.1545,16.4565,26.801665293410405,13,0.783,1.0,32.59759179138625,50.0609996071803,31.7340194131475,30.99329958366752,32.505458762041485,31.669887376702626,0.45864246909880557,1.3579751174585795,0.8355713853388593,1.734323266230625,31.54012449213945,31.147483644582906,31.73151847238228,31.424851512367013,32.505458762041485
P_0062_0014,62,14,21.9375,-15.6465,26.94562800344427,13,0.783,1.0,21.128022353880283,38.93656957020631,31.294254830901064,30.75432034950853,31.9986222783877,31.084398320536955,0.46637420342832864,1.244301928879171,0.9142239578507443,1.5891467801777408,30.75432034950853,30.92960795510203,31.9986222783877,30.75432034950853,30.98512067017799
P_0062_0015,62,15,21.9375,-14.8635,26.49863276661647,20,0.783,1.0,35.43454691016794,54.44657347672938,31.868981349507333,30.792247345093017,32.727380856441414,31.822288086709683,0.6449544761514322,1.935133511348397,1.0300407416166664,2.4714348803938657,31.808527374868905,31.58354737532829,32.727380856441414,30.792247345093017,32.19973748181678
P_0062_0016,62,16,21.9375,-14.080499999999999,26.067496744029718,20,0.783,1.0,52.137681288850374,66.33239013907996,32.61152287909857,31.801644458232943,33.30710244413916,32.61299679077589,0.5075748338977117,1.5054579859062187,0.8113523325429455,1.9226794200590276,32.71401857530378,32.35866994042965,33.30710244413916,31.801644458232943,32.88354853577391
P_0062_0017,62,17,21.9375,-13.2975,25.653019559108436,25,0.783,1.0,65.49786149029727,78.33750622650413,33.25594058797242,32.522512402797815,33.90144881252485,33.245034558820805,0.4502572479119871,1.3789364097270322,0.7225221560229897,1.7610937544406542,33.2738448708746,33.09161589788454,33.90144881252485,32.522512402797815,33.43575081002223
P_0062_0018,62,18,21.9375,-12.5145,25.256021390947545,20,0.783,1.0,76.23177705718618,86.40808323518549,33.78456728441311,33.21826051152891,34.303455575621626,33.767430945467254,0.37087300560036573,1.0851950640927157,0.5491704339383432,1.3859451648693686,33.742335953651605,33.56579987222688,34.303455575621626,33.21826051152891,34.00730281430725
P_0062_0019,62,19,21.9375,-11.731499999999999,24.877339055855632,20,0.783,1.0,84.24708106807043,93.467004624582,34.18263050030858,33.67294048002509,34.65588029306167,34.18660246947063,0.33969301770730903,0.9829398130365803,0.5136619894455379,1.255350974503934,34.23741618440624,33.97092156456603,34.65588029306167,33.67294048002509,34.395853825294125
P_0062_0020,62,20,21.9375,-10.9485,24.5178212429245,25,0.783,1.0,92.01804491858613,101.15955929097008,34.569971427734124,34.063629533827,35.04054058180651,34.56490422324663,0.326559779855123,0.9769110479795131,0.5012746894196312,1.247651402272686,34.57839414894835,34.404478547013525,35.04054058180651,34.063629533827,34.73747830463776
P_0062_0021,62,21,21.9375,-10.165499999999998,24.17832286367274,20,0.783,1.0,98.8002460127944,106.56358941565026,34.908613285322524,34.48317851980687,35.31088145092059,34.911937232783956,0.2921900049049203,0.8277029311137198,0.42875871297708557,1.0570918660456192,34.94971846543831,34.70494485459824,35.31088145092059,34.48317851980687,35.11096287315576
P_0062_0022,62,22,21.9375,-9.3825,23.859698499771532,25,0.783,1.0,104.70748227834889,112.52483590382084,35.20377924275175,34.77442188231555,35.60894303428927,35.200001883147465,0.28517438451001115,0.8345211519737177,0.42558000083191416,1.0657996832359102,35.209953641378945,35.03283216017013,35.60894303428927,34.77442188231555,35.373858697583444
P_0062_0023,62,23,21.9375,-8.599499999999999,23.562794963671013,20,0.783,1.0,109.92351116522566,116.73553656907224,35.46442988162884,35.09278870166639,35.81949405915748,35.45614048435975,0.2626462856766373,0.7267053574910847,0.3633535747977277,0.9281039048417429,35.44225456226786,35.26236407084588,35.81949405915748,35.09278870166639,35.663801027861155
P_0062_0024,62,24,21.9375,-7.816499999999998,23.28844302438443,20,0.783,1.0,114.01872416201586,120.50150572745376,35.66900819285472,35.31562195782988,36.00763326270118,35.671145478406835,0.25345530714942566,0.6920113048712935,0.355523520576952,0.8837947699505664,35.69750493941689,35.46641730696621,36.00763326270118,35.31562195782988,35.86854992512002
P_0062_0025,62,25,21.9375,-7.0335,23.03744839386515,25,0.783,1.0,118.08182162886592,124.63870193693018,35.87186120011109,35.51374240021295,36.214103913965744,35.86900677608317,0.24938460764295847,0.7003615137527959,0.3552643758702203,0.8944591491095732,35.87661026551177,35.68918439605852,36.214103913965744,35.51374240021295,36.05139290466684
P_0062_0026,62,26,21.9375,-6.250499999999999,22.810582116640514,20,0.783,1.0,121.6475448612371,127.5268685946956,36.049720404805036,35.72972284388317,36.35812197551297,36.04374153915769,0.23698191786457157,0.6283991316298057,0.3143804363552789,0.8025531693867249,36.035278225561854,35.84376426139784,36.35812197551297,35.72972284388317,36.25182038943262
P_0062_0027,62,27,21.9375,-5.467499999999998,22.608570554106244,20,0.783,1.0,124.4074055841065,130.06464647679678,36.187221929675545,35.879326170615855,36.48448914391173,36.188218209229134,0.2317606847133302,0.6051629732958759,0.30889203861327985,0.7728773605311313,36.206939289012894,35.97900659422737,36.48448914391173,35.879326170615855,36.39132984837784
P_0062_0028,62,28,21.9375,-4.6845,22.432085201781845,25,0.783,1.0,127.08151816613139,132.7709849560106,36.320256319857926,36.00993297540072,36.61898668812444,36.31782817086287,0.22888683903598148,0.6090537127237141,0.3078951954621445,0.7778463764032109,36.32427298049021,36.12251510261086,36.61898668812444,36.00993297540072,36.51343310768812
P_0062_0029,62,29,21.9375,-3.9014999999999986,22.281732618896584,20,0.783,1.0,129.34713282791648,134.58036980444825,36.432734271662866,36.14794670107421,36.708677884905,36.428442670559356,0.22249723656757156,0.5607311838307893,0.28049596948514477,0.7161317801159506,36.42480023657839,36.217915498678906,36.708677884905,36.14794670107421,36.64287303156027
P_0062_0030,62,30,21.9375,-3.1184999999999974,22.158044780620877,20,0.783,1.0,131.0134190575322,136.0854367180962,36.5152243814196,36.23916374342235,36.78305213317577,36.51510938677984,0.21971436518646037,0.5438883897534197,0.2759456433574883,0.6946211874245461,36.52783213351273,36.29681001304692,36.78305213317577,36.23916374342235,36.72868891074143
P_0062_0031,62,31,21.9375,-2.3354999999999997,22.061470179931344,25,0.783,1.0,132.5110422575835,137.55135360723926,36.589056932905656,36.31401871727508,36.855115417716206,36.58683851608455,0.2178568550896662,0.5410967004411233,0.27281979880946494,0.6910558115467731,36.59275667610109,36.37299725733931,36.855115417716206,36.31401871727508,36.79930451199107
P_0062_0032,62,32,21.9375,-1.5524999999999984,21.992366005048204,20,0.783,1.0,133.64148997162096,138.39906194092256,36.6444157651059,36.38530551333128,36.89641282287039,36.64150113980283,0.2154152559830786,0.5111073095391063,0.2561956264715448,0.6527551845965598,36.64254128922647,36.41645489324776,36.89641282287039,36.38530551333128,36.86679118033823
P_0062_0033,62,33,21.9375,-0.7695000000000007,21.950991697415404,20,0.783,1.0,134.3259963809317,138.96217552927277,36.677508709344735,36.42492454940407,36.92339289015945,36.676264103679046,0.21449733552516076,0.49846834075538027,0.2513395542749777,0.6366134620119799,36.68387847600695,36.44463018625805,36.92339289015945,36.42492454940407,36.90449441656671
P_0062_0034,62,34,21.9375,0.013500000000000512,21.93750415384576,25,0.783,1.0,134.7398721173778,139.2689121513027,36.696821165713196,36.44930368788732,36.937139352732,36.694665182904586,0.21409655219513102,0.487835664844674,0.24536149501726356,0.623034054718613,36.70042090451096,36.45854668626714,36.937139352732,36.44930368788732,36.92791528312552
P_0062_0035,62,35,21.9375,0.7965000000000018,21.951954776283593,20,0.783,1.0,134.79881403815097,139.27738730075222,36.69828064466803,36.45265381497171,36.93722901411263,36.696574793740425,0.2143038836682621,0.4845751991409202,0.24392097876871333,0.6188699861314434,36.70232955893937,36.45265381497171,36.93216687574284,36.45849470493556,36.93722901411263
P_0062_0036,62,36,21.9375,1.5794999999999995,21.994288497244007,20,0.783,1.0,134.5345899908129,139.1345560743748,36.68365224214144,36.43152186033609,36.92869747739434,36.68119899295969,0.21508147314010231,0.49717561705824664,0.24967713262360292,0.6349624738930353,36.68405701306392,36.43152186033609,36.91291278255886,36.44880583144527,36.92869747739434
P_0062_0037,62,37,21.9375,2.3625000000000007,22.064344823719555,25,0.783,1.0,133.87695993399475,138.7071301026641,36.64906915448595,36.38334590474068,36.90584948301154,36.64684925714813,0.21698346487278813,0.5225035782708574,0.26350335240745437,0.6673098062207629,36.65272595023725,36.38334590474068,36.868489381322206,36.42383556642898,36.90584948301154
P_0062_0038,62,38,21.9375,3.145500000000002,22.161860853727966,20,0.783,1.0,132.85215439116274,137.76656616598692,36.59602464861071,36.32698189014855,36.856849982582105,36.595446665216386,0.2189955620732147,0.5298680924335528,0.2684647750678337,0.6767153160070917,36.60631522662658,36.32698189014855,36.81632650436171,36.370759722363005,36.856849982582105
P_0062_0039,62,39,21.9375,3.9284999999999997,22.286476134642733,20,0.783,1.0,131.60615052351972,136.6817816143117,36.532022160105306,36.25425848620347,36.8009290231937,36.528191195428214,0.22163996210952142,0.5466705369902343,0.273932709224745,0.6981743767435942,36.52644587134279,36.25425848620347,36.7489658166009,36.3103567798002,36.8009290231937
P_0062_0040,62,40,21.9375,4.711500000000001,22.437739157499802,25,0.783,1.0,129.81335351895387,135.29267912784672,36.44037651306586,36.13952516391345,36.72969372303652,36.43794886607841,0.22711949020083363,0.5901685591230716,0.2984237021649605,0.7537274062874478,36.4444364385277,36.13952516391345,36.64262020932529,36.23346879558909,36.72969372303652
P_0062_0041,62,41,21.9375,5.494500000000002,22.615115221904134,20,0.783,1.0,127.61205859414824,133.1116936010988,36.32821877329553,36.02756547720958,36.618316219702365,36.32327835948105,0.23030332878984577,0.5907507424927871,0.29571288227147363,0.7544709354952581,36.31816445130539,36.02756547720958,36.53908332297266,36.11326232621525,36.618316219702365
P_0062_0042,62,42,21.9375,6.277500000000003,22.81799536550045,25,0.783,1.0,124.94518059449527,130.99419808097028,36.19267968651075,35.860606026609275,36.51051981483249,36.189992332225906,0.2394713629373634,0.6499137882232162,0.3293863056166302,0.8300303808725622,36.19710545321044,35.860606026609275,36.385091008856136,35.99663935762118,36.51051981483249
P_0062_0043,62,43,21.9375,7.060500000000005,23.045706031710115,20,0.783,1.0,121.81547281275698,127.85210677978164,36.033905967382374,35.70386233703056,36.35085292253007,36.03523341001983,0.24375270025587464,0.6469905854995162,0.3313710729892705,0.8262970440606847,36.05713961609808,35.70386233703056,36.240909060879176,35.823403113561255,36.35085292253007
P_0062_0044,62,44,21.9375,7.843499999999999,23.297519149042458,20,0.783,1.0,118.58929484846885,124.91447052816696,35.870533746733074,35.52464131778862,36.20177693885557,35.8635268604168,0.25128906834409986,0.6771356210669524,0.3388855426281765,0.8647964509156479,35.853220014668466,35.52464131778862,36.076733850808125,35.66126217996322,36.20177693885557
P_0062_0045,62,45,21.9375,8.6265,23.572662312517863,25,0.783,1.0,114.40948011708964,121.56878373175812,35.6591940798897,35.26516094130022,36.032367042780606,35.655793972847945,0.26868087060622897,0.767206101480383,0.390633031547722,0.9798289929506807,35.664812112891354,35.26516094130022,35.84059430098762,35.47603546627994,36.032367042780606
P_0062_0046,62,46,21.9375,9.409500000000001,23.870328789105525,20,0.783,1.0,109.61645529728155,116.75606263650066,35.417243301778974,35.02594949632214,35.78889149096034,35.419754777322495,0.27528304732708103,0.7629419946381972,0.39380528100035406,0.9743831349146835,35.45149934083719,35.02594949632214,35.62421499541159,35.20821856308123,35.78889149096034
P_0062_0047,62,47,21.9375,10.192500000000003,24.189687110419598,20,0.783,1.0,104.73673437565863,112.34247189277473,35.17136558903748,34.75351139461134,35.56599523934557,35.16117644848707,0.2892736915502096,0.8124838447342313,0.40766505387573204,1.037654974117792,35.14486061397446,34.75351139461134,35.38037321002787,34.961141784476126,35.56599523934557
P_0062_0048,62,48,21.9375,10.975500000000004,24.52989006294158,25,0.783,1.0,98.42735093866965,107.35872413006726,34.854177022393735,34.357890185548285,35.31462738701185,34.84910735761671,0.3224313510328479,0.956737201463568,0.4912171720684242,1.2218865919074942,34.862558631752165,34.357890185548285,35.03065941620281,34.67980116756843,35.31462738701185
P_0062_0049,62,49,21.9375,11.758499999999998,24.890082934775446,20,0.783,1.0,91.12920474537322,100.19152241614508,34.4884076083798,33.98646395929086,34.953943340242006,34.49187883243762,0.33683682039004537,0.967479380951147,0.505414873146762,1.2356058505123206,34.54097998307799,33.98646395929086,34.70800110612544,34.27000577345183,34.953943340242006
P_0062_0050,62,50,21.9375,12.5415,25.269410925069067,20,0.783,1.0,83.53418309646162,93.55288338872109,34.10952267872899,33.5505748821509,34.62058788779399,34.092799769126245,0.3680385586524988,1.0700130056430908,0.5422248869753474,1.366555562762568,34.069878688825895,33.5505748821509,34.338932641147494,33.88402474571296,34.62058788779399
P_0062_0051,62,51,21.9375,13.3245,25.66702566523827,25,0.783,1.0,73.27308518679197,85.9025887420125,33.60180850476217,32.8739085702382,34.237772546839665,33.59038744282153,0.447195722253559,1.3638639766014649,0.7164788725833304,1.7418441591334162,33.62018414321392,32.8739085702382,33.79143422539562,33.428637728420256,34.237772546839665
P_0062_0052,62,52,21.9375,14.107500000000002,26.08209083835113,20,0.783,1.0,60.385722642564396,74.42282560705421,32.97479701664774,32.155724761307056,33.66747045697082,32.97454092773374,0.5115640501399172,1.5117456956637625,0.8188161664266858,1.9307097007200031,33.07798336711869,32.155724761307056,33.25680308900132,32.714722964270834,33.66747045697082
P_0062_0053,62,53,21.9375,14.890500000000003,26.513786913604026,20,0.783,1.0,44.10287062585472,62.95729130667635,32.22497113940714,31.00325641002132,33.105337052944776,32.161175564707015,0.7021097685559541,2.1020806429234575,1.1579191546856968,2.6846496078205075,32.1777854659469,31.00325641002132,32.58598819529067,31.933510699331407,33.105337052944776
P_0062_0054,62,54,21.9375,15.673500000000004,26.961315036548203,13,0.783,1.0,30.21258725498237,47.86756976212591,31.623622561532766,30.94973610283995,32.384114881372284,31.35618815642324,0.5317869955052095,1.4343787785323343,1.0279267249490438,1.8319013774359314,30.94973610283995,30.94973610283995,31.292436328074302,31.20491736698972,32.384114881372284
P_0063_0016,63,16,22.7205,-14.080499999999999,26.729788635527967,13,0.783,1.0,23.760981169940614,41.07679497649284,31.384376034833732,30.727936156361864,32.07445048914843,31.397873594165027,0.4209773260394897,1.1720852931711079,0.6765768949834055,1.496916083232577,31.55082160591428,31.003216411267204,32.07445048914843,30.902365195977325,31.458514268517888
P_0063_0017,63,17,22.7205,-13.2975,26.32574075880867,20,0.783,1.0,42.1883248825325,57.77293298166003,32.131040303826396,31.254175773951147,32.86008066484948,32.144175051142405,0.5195707662809183,1.60590489089833,0.8899992771912579,2.050964100764151,32.30321595691805,32.05234841730157,32.86008066484948,31.254175773951147,32.25105444269178
P_0063_0018,63,18,22.7205,-12.5145,25.939040662676792,16,0.783,1.0,57.045234266877245,68.00826777066735,32.819265886459654,32.219086189077245,33.3588427950728,32.82397016320713,0.37730411701012045,1.139756605995558,0.6048839741298835,1.4556278492919004,32.88869866970225,32.65985592848,33.3588427950728,32.219086189077245,32.99336723370334
P_0063_0019,63,19,22.7205,-11.731499999999999,25.57047540621801,16,0.783,1.0,67.12622340174465,76.57654994226483,33.30745000345755,32.791101817924755,33.78140743585641,33.33474070553323,0.3368582638280985,0.9903056179316536,0.5436388876084735,1.2647581327351898,33.47837319348196,33.15235998750603,33.78140743585641,32.791101817924755,33.47046109289698
P_0063_0020,63,20,22.7205,-10.9485,25.220840043503706,20,0.783,1.0,76.45714843096061,85.62594926683614,33.766309347207645,33.26271615762715,34.230599770859726,33.78105212536209,0.31704574506895505,0.9678836132325728,0.5183359677349344,1.2361221114081389,33.87250875058919,33.66200650504118,34.230599770859726,33.26271615762715,33.8774294426932
P_0063_0021,63,21,22.7205,-10.165499999999998,24.89093229471327,16,0.783,1.0,84.36603050845963,91.845754003478,34.15807690343638,33.75301728580024,34.54032781261168,34.18103967300215,0.2728912424959396,0.7873105268114386,0.42802238720190644,1.0055051427987722,34.29337150675474,34.00678071412278,34.54032781261168,33.75301728580024,34.31170104572129
P_0063_0022,63,22,22.7205,-9.3825,24.581546462743145,20,0.783,1.0,91.10970225422676,98.6018276906149,34.49341748183133,34.08573566640257,34.87718480206314,34.507214318118166,0.26394489444229463,0.7914491356605708,0.42147865171559573,1.0107907224272934,34.58413403739121,34.377093451811334,34.87718480206314,34.08573566640257,34.61192363292258
P_0063_0023,63,23,22.7205,-8.599499999999999,24.29346662170716,16,0.783,1.0,96.98076167636607,103.31760209887642,34.78587681555213,34.44410430159786,35.11267937202058,34.793902531324385,0.23368728553680884,0.6685750704227189,0.34979822972652386,0.8538634360443409,34.84094234779093,34.633036812867715,35.11267937202058,34.44410430159786,34.938749822344846
P_0063_0024,63,24,22.7205,-7.816499999999998,24.027459135330975,16,0.783,1.0,101.54061729035557,107.50068570067424,35.01322079225529,34.69217403281601,35.32139023533085,35.03209201963127,0.22604631157891883,0.62921620251484,0.33991798681525864,0.8035966826498595,35.120985257974326,34.85866247582419,35.32139023533085,34.69217403281601,35.16724809621098
P_0063_0025,63,25,22.7205,-7.0335,23.784264598679524,20,0.783,1.0,106.0272104322698,112.06199620359396,35.23690008390846,34.91070115962145,35.54897998809321,35.249684994116805,0.22127457585419788,0.6382788284717549,0.33898383449535174,0.8151709175884481,35.3160215875011,35.103002463783184,35.54897998809321,34.91070115962145,35.369719771585096
P_0063_0026,63,26,22.7205,-6.250499999999999,23.564589334422955,16,0.783,1.0,109.93801330056087,115.22650875913338,35.4318397294844,35.14733032188923,35.70675123128052,35.44081093124944,0.2049584778379937,0.5594209093912923,0.29348060936020914,0.7144583772558011,35.48790016376921,35.27169987480062,35.70675123128052,35.14733032188923,35.59037306450762
P_0063_0027,63,27,22.7205,-5.467499999999998,23.36909661283465,16,0.783,1.0,112.9479196327365,117.99421063109264,35.58174453857975,35.31038438060165,35.84455860697409,35.597925695075084,0.20120650637886428,0.5341742263724427,0.28754131447343667,0.6822148484960954,35.6731741063432,35.4184896302163,35.84455860697409,35.31038438060165,35.74302175124018
P_0063_0028,63,28,22.7205,-4.6845,23.198397800279228,20,0.783,1.0,115.8505601643567,120.93232996791028,35.72612543083319,35.45195248821,35.9905924383545,35.73826939621979,0.1977387082800348,0.5386399501444998,0.2863169080097947,0.6879181994182628,35.799280287443935,35.57348067056358,35.9905924383545,35.45195248821,35.87604109652693
P_0063_0029,63,29,22.7205,-3.9014999999999986,23.053043671064348,16,0.783,1.0,118.29941999694736,122.8883681613524,35.84773035586743,35.600870656122936,36.08766844114291,35.85763293033847,0.18943254566356135,0.4867977850199736,0.2567622742155322,0.6217085377011157,35.906944380422715,35.67620300745813,36.08766844114291,35.600870656122936,36.01647816654565
P_0063_0030,63,30,22.7205,-3.1184999999999974,22.933516139048542,16,0.783,1.0,120.09324657061987,124.50939556783636,35.93660217905017,35.699040201815706,36.16788500050768,35.95079726522837,0.18764710699724754,0.4688447986919755,0.25175706341266135,0.598780074957823,36.01688967226244,35.76089248706887,36.16788500050768,35.699040201815706,36.109278964487146
P_0063_0031,63,31,22.7205,-2.3354999999999997,22.840220675378774,20,0.783,1.0,121.69881411515352,126.08090427853182,36.01584174682337,35.77932354350895,36.24527403650024,36.02764841293073,0.18527732543123537,0.4659504929912899,0.24832486942177923,0.5950836436670368,36.085929927398695,35.842341742755536,36.24527403650024,35.77932354350895,36.18537281449022
P_0063_0032,63,32,22.7205,-1.5524999999999984,22.773479674832302,16,0.783,1.0,122.90447395193891,126.98374235504224,36.074980424956195,35.855454911029994,36.28935853666468,36.085963019761245,0.18208435978986656,0.43390362563468443,0.23050810873125016,0.5541553328667744,36.13868950202362,35.888546041921416,36.28935853666468,35.855454911029994,36.2577661071665
P_0063_0033,63,33,22.7205,-0.7695000000000007,22.733527014082085,16,0.783,1.0,123.62842391912905,127.57713702147475,36.1100671159022,35.897508328844765,36.31787824982547,36.122755104465966,0.18158273495160054,0.42036992098070414,0.22524677562120132,0.5368709080213335,36.18221095482437,35.918237593751144,36.31787824982547,35.897508328844765,36.29794039508408
P_0063_0034,63,34,22.7205,0.013500000000000512,22.72050401069483,20,0.783,1.0,124.05697754750572,127.88764160184398,36.13013845115008,35.92310244194471,36.3318384826764,36.14184059716159,0.1809961655225228,0.40873604073169645,0.218738155216883,0.5220128234121283,36.19929966510176,35.9323677010122,36.3318384826764,35.92310244194471,36.322594695072894
P_0063_0035,63,35,22.7205,0.7965000000000018,22.73445694315129,16,0.783,1.0,124.10124157634831,127.89234879295428,36.130893640622965,35.92530440169867,36.33174395270436,36.14311310698075,0.1812064561443811,0.40643955100568974,0.2178087052820814,0.5190798863418771,36.20070964205689,35.92530440169867,36.32567203301858,35.932135505425265,36.33174395270436
P_0063_0036,63,36,22.7205,1.5794999999999995,22.77533623242476,16,0.783,1.0,123.79757397113087,127.71923648849446,36.11432901291193,35.90178268841646,36.321712244859896,36.12576364784551,0.18179442922953162,0.4199295564434351,0.22398095942904916,0.5363085012048979,36.18036194805683,35.90178268841646,36.30398642393192,35.92097493396244,36.321712244859896
P_0063_0037,63,37,22.7205,2.3625000000000007,22.84299731865326,20,0.783,1.0,123.06473179156478,127.23668077395668,36.07603016549885,35.848818130194104,36.29611671808812,36.087817949899645,0.1841734520860055,0.4472985878940179,0.23899981970554052,0.5712625643601761,36.14614624113716,35.848818130194104,36.25470600390037,35.89330265617849,36.29611671808812
P_0063_0038,63,38,22.7205,3.145500000000002,22.93720319698982,16,0.783,1.0,121.93198190425036,126.1905250157271,36.01764364845184,35.787137364556656,36.24184112462848,36.03136315438703,0.18661386143294337,0.45470376007182267,0.24422578983037369,0.5807200000917275,36.095637152079576,35.787137364556656,36.197179306919054,35.83502082375139,36.24184112462848
P_0063_0039,63,39,22.7205,3.9284999999999997,23.057628509888,16,0.783,1.0,120.55843769255056,124.98977997121582,35.94736310886091,35.70768694570933,36.180219803716966,35.95774679844099,0.18845507731056874,0.47253285800763933,0.25005985273166687,0.6034902401119276,36.00885941748112,35.70768694570933,36.12299123171567,35.7689765935819,36.180219803716966
P_0063_0040,63,40,22.7205,4.711500000000001,23.20386503365334,20,0.783,1.0,118.58239551717914,123.45402413974642,35.846675366656754,35.58200283343393,36.101762364190336,35.85883889392794,0.19554077604008818,0.5197595307564029,0.27683606049400566,0.6638052755509616,35.91973305135997,35.58200283343393,36.00575206567794,35.68494415497753,36.101762364190336
P_0063_0041,63,41,22.7205,5.494500000000002,23.37542834901641,16,0.783,1.0,116.15257264277824,121.04125775539464,35.723234450963645,35.459026286070525,35.97890466338964,35.73294329553753,0.1976597898878806,0.5198783773191167,0.2739170094670058,0.6639570591559599,35.78232332907254,35.459026286070525,35.89127480715791,35.55318739199703,35.97890466338964
P_0063_0042,63,42,22.7205,6.277500000000003,23.57176545148878,20,0.783,1.0,113.19971808138095,118.69383824540805,35.57360112177648,35.27513148742776,35.859640574364846,35.58614616274175,0.20961771790945438,0.5845090869370893,0.3110146753139915,0.7464994724611612,35.650402713466065,35.27513148742776,35.720565532271564,35.42499050617852,35.859640574364846
P_0063_0043,63,43,22.7205,7.060500000000005,23.792263038643465,16,0.783,1.0,109.71950539772851,115.19811045806124,35.397663526003655,35.10166562018395,35.68254517164257,35.41512551438571,0.2146209871709865,0.5808795514586222,0.31345989420175613,0.7418640503941536,35.497174806677606,35.10166562018395,35.56015480208771,35.23408717133668,35.68254517164257
P_0063_0044,63,44,22.7205,7.843499999999999,24.03625620807034,16,0.783,1.0,106.11118797680854,111.91365050138744,35.21558478970576,34.90179822847995,35.516475929610465,35.224346125711506,0.2207883439643072,0.6146777011305176,0.3225478972315585,0.7850289925038538,35.27287670008923,34.90179822847995,35.37628871776815,35.05429105260976,35.516475929610465
P_0063_0045,63,45,22.7205,8.6265,24.303037310179977,20,0.783,1.0,101.39920626142325,108.15084926156231,34.97835407995666,34.61059369545933,35.326372679516965,34.99178656722188,0.2438774377156026,0.7157789840576356,0.38119287176255057,0.9141494049267377,35.064516541124874,34.61059369545933,35.11005334772011,34.84739657228812,35.326372679516965
P_0063_0046,63,46,22.7205,9.409500000000001,24.59186472189533,16,0.783,1.0,95.93932309785222,102.69029168934122,34.70417306370871,34.33817121106716,35.05141990534679,34.725096698530805,0.2520593398924187,0.7132486942796277,0.3869254874636425,0.9109178726432026,34.8263791190397,34.33817121106716,34.86347937489961,34.546033882300776,35.05141990534679
P_0063_0047,63,47,22.7205,10.192500000000003,24.90197133762707,16,0.783,1.0,90.30251887132383,97.62463648060243,34.42206814917467,34.02441949107617,34.79658309233025,34.42972298939293,0.26543240290066195,0.7721636012540785,0.40530349831675494,0.9861604102861794,34.48094298276976,34.02441949107617,34.58256633489901,34.26410304588944,34.79658309233025
P_0063_0048,63,48,22.7205,10.975500000000004,25.232572609625045,20,0.783,1.0,82.8664544510441,91.82511410593328,34.051645317792165,33.55758615885907,34.50614955297567,34.06639224390375,0.31250624454147063,0.9485633941166043,0.5088060850446823,1.2114475020646287,34.15792292735836,33.55758615885907,34.1721984115087,33.93810416881695,34.50614955297567
P_0063_0049,63,49,22.7205,11.758499999999998,25.582874007820152,16,0.783,1.0,74.0083470790475,83.30106773382782,33.613718229291095,33.10373446702863,34.08087375496973,33.64053088205556,0.334230052331228,0.9771392879410996,0.5367964150269273,1.2479428964765,33.78255866967959,33.10373446702863,33.78400560716386,33.45148191143596,34.08087375496973
P_0063_0050,63,50,22.7205,12.5415,25.95207780698879,16,0.783,1.0,64.34764030615267,75.15306792420303,33.1423685236137,32.54180495859163,33.67708950546307,33.14669197540388,0.3776710114230274,1.1352845468714463,0.6048870168122562,1.4499164072432265,33.21530652066525,32.54180495859163,33.324617885846976,32.97464100645249,33.67708950546307
P_0063_0051,63,51,22.7205,13.3245,26.33938914439741,20,0.783,1.0,49.9635485790272,65.3380154971684,32.46359006471133,31.55188640699077,33.19602404202317,32.473983594576865,0.533887996259409,1.644137635032397,0.9220971875860933,2.0997926373338403,32.64363063640303,31.55188640699077,32.599492201536066,32.37888468593127,33.19602404202317
P_0063_0052,63,52,22.7205,14.107500000000002,26.744021322531136,13,0.783,1.0,31.980734287752625,49.16723044446708,31.685928193373968,30.875238955280395,32.42365463276184,31.702184206112644,0.4609226609140045,1.278322753113173,0.7214704266491943,1.63259610870137,31.88348992963347,31.145331879648666,31.79279486056481,31.26564972795444,32.42365463276184
P_0064_0018,64,18,23.503500000000003,-12.5145,26.627565087705637,16,0.783,1.0,30.729801099391697,48.38625866797485,31.647363815989074,30.73883557826304,32.391795521207314,31.573950582718293,0.5540248557619629,1.6529599429442747,0.835115004455254,2.1110599526746805,31.40235476750098,31.4222636281429,32.391795521207314,30.73883557826304,31.91450341847724
P_0064_0019,64,19,23.503500000000003,-11.731499999999999,26.268662023407284,16,0.783,1.0,46.59645268331606,59.45017885506681,32.309877762993054,31.613542677028647,32.91836133930741,32.28597613255607,0.43531494927875647,1.3048186622787625,0.6724334555274254,1.6664350731529534,32.25881172022332,32.104616131684736,32.91836133930741,31.613542677028647,32.53454879453625
P_0064_0020,64,20,23.503500000000003,-10.9485,25.928443156117186,20,0.783,1.0,58.91175354155778,70.45742477371225,32.88682055067666,32.25009812214415,33.45429061710729,32.85424056050789,0.3933345549886279,1.204192494963138,0.6041424383637377,1.5379214495059232,32.77754595505297,32.754336382494614,33.45429061710729,32.25009812214415,33.03493172574042
P_0064_0021,64,21,23.503500000000003,-10.165499999999998,25.60765320172858,16,0.783,1.0,68.66493251666165,77.75580708410979,33.358237430026634,32.865088129590845,33.81364727616938,33.34100979953282,0.3233519638726139,0.9485591465785319,0.47592166994197527,1.2114420773672183,33.30451881132774,33.17278543199279,33.81364727616938,32.865088129590845,33.549009348583354
P_0064_0022,64,22,23.503500000000003,-9.3825,25.30703100918794,20,0.783,1.0,76.6509306452584,85.50464268259431,33.74994450894327,33.26641690625979,34.19730084397918,33.725007157015725,0.31005029657647615,0.9308839377193863,0.47229368696345375,1.1888683751205444,33.65652831274963,33.609042040309134,34.19730084397918,33.26641690625979,33.895747681780904
P_0064_0023,64,23,23.503500000000003,-8.599499999999999,25.027303340551896,16,0.783,1.0,83.4393470133939,90.82523070550744,34.08513382238609,33.68667326132464,34.461624364498675,34.05613791909733,0.2746906017201212,0.7749511031740326,0.40548644540134404,0.9897204382810122,33.96113864496914,33.90453661764872,34.461624364498675,33.68667326132464,34.266716707045475
P_0064_0024,64,24,23.503500000000003,-7.816499999999998,24.769178115149483,16,0.783,1.0,88.62277965387013,95.49407657876132,34.342003556497914,33.972152319585405,34.69386888998463,34.327313296366505,0.2560512341274411,0.7217165703992237,0.3665555936181235,0.9217325292454963,34.28696021320479,34.16115313440213,34.69386888998463,33.972152319585405,34.522431924655564
P_0064_0025,64,25,23.503500000000003,-7.0335,24.533337206747888,20,0.783,1.0,93.66050417225578,100.537558431774,34.59213877302598,34.219956829541616,34.94492783796079,34.57194895993562,0.2513505478628226,0.7249710084191747,0.3729788780251724,0.925888899641347,34.51097315913756,34.43645043880804,34.94492783796079,34.219956829541616,34.74743653423008
P_0064_0026,64,26,23.503500000000003,-6.250499999999999,24.32042891274741,16,0.783,1.0,98.00979481355593,104.01028054617169,34.8082537497951,34.48597517861572,35.11767777933642,34.784947126259524,0.23419392700916777,0.6317026007207005,0.33273065307689365,0.8067721592856967,34.70639785783209,34.62435746380254,35.11767777933642,34.48597517861572,34.990327351710846
P_0064_0027,64,27,23.503500000000003,-5.467499999999998,24.131060244009173,16,0.783,1.0,101.33151726871847,107.031019276187,34.97332436475008,34.66723580064718,35.268053857187965,34.95899175575437,0.22426605019983276,0.6008180565407883,0.3090621014335966,0.7673282969869583,34.91538569598799,34.786955245222714,35.268053857187965,34.66723580064718,35.157328179725994
P_0064_0028,64,28,23.503500000000003,-4.6845,23.965789210873073,20,0.783,1.0,104.51508547090063,110.22122485140254,35.13148438906171,34.82394231441128,35.4266013983202,35.11343442564348,0.22136418843602002,0.6026590839089181,0.31316697267671856,0.7696795452221176,35.0565161053367,34.957807751013206,35.4266013983202,34.82394231441128,35.30230455913602
P_0064_0029,64,29,23.503500000000003,-3.9014999999999986,23.825117302964117,16,0.783,1.0,107.18666215229598,112.33526444616444,35.26402415054284,34.987876757533854,35.531437878555835,35.244096147605354,0.2132297855593692,0.5435611210219804,0.2873417309504802,0.6942032196960158,35.176303267957564,35.070268956664506,35.531437878555835,34.987876757533854,35.454593877315006
P_0064_0030,64,30,23.503500000000003,-3.1184999999999974,23.709482375201702,16,0.783,1.0,109.13412422281598,114.0804253807172,35.36044542338445,35.09518840777213,35.6177552474939,35.345660880295085,0.20797866691499706,0.522566839721776,0.2720943671988181,0.667390599900097,35.298105871666905,35.162532966084086,35.6177552474939,35.09518840777213,35.55472190845842
P_0064_0031,64,31,23.503500000000003,-2.3354999999999997,23.61925215793252,20,0.783,1.0,110.86887579628574,115.7643662958347,35.44605115081227,35.18255506824096,35.700680686119824,35.428955041099606,0.20609071791816824,0.5181256178788658,0.27172564502021856,0.661718541352319,35.37419365701061,35.25081659366873,35.700680686119824,35.18255506824096,35.636529200457915
P_0064_0032,64,32,23.503500000000003,-1.5524999999999984,23.55471860371081,16,0.783,1.0,112.1641194091128,116.72568108837632,35.50961658100714,35.26497218796732,35.747699255260386,35.491850306069104,0.20320765434445245,0.48272706729306947,0.2558489491912823,0.6165096644866788,35.431974249713505,35.30057643268003,35.747699255260386,35.26497218796732,35.71402940472427
P_0064_0033,64,33,23.503500000000003,-0.7695000000000007,23.516093266101837,16,0.783,1.0,112.93490096403623,117.35113042412034,35.547035822278154,35.3101764752397,35.777839880705244,35.53124334088709,0.20143109724275549,0.46766340546554375,0.24659653981815666,0.5972712713480762,35.47914170481215,35.332250722961135,35.777839880705244,35.3101764752397,35.75680792071722
P_0064_0034,64,34,23.503500000000003,0.013500000000000512,23.50350387708182,20,0.783,1.0,113.380856740647,117.6656204575161,35.56800002345157,35.33736767654375,35.79202679955239,35.551193524015694,0.2010467992252411,0.4546591230086392,0.2408332755366942,0.5806629923481982,35.49714977763119,35.34666270936083,35.79202679955239,35.33736767654375,35.78276065699032
P_0064_0035,64,35,23.503500000000003,0.7965000000000018,23.516992250285753,16,0.783,1.0,113.40771862125553,117.66634219559988,35.56793633957188,35.338117067311146,35.79173911810648,35.551681014236614,0.20131174885076095,0.4536220507953317,0.24005810386986326,0.5793385067628757,35.497720904606126,35.338117067311146,35.78462366846475,35.34620431269457,35.79173911810648
P_0064_0036,64,36,23.503500000000003,1.5794999999999995,23.556513589663478,16,0.783,1.0,113.05721942830478,117.46117522182855,35.549114061005625,35.311540951501,35.780165772049884,35.53182381780287,0.20263455043067433,0.4686248205488823,0.24834195424701733,0.5984991322463376,35.47377842750137,35.311540951501,35.76045999041639,35.333173947545674,35.780165772049884
P_0064_0037,64,37,23.503500000000003,2.3625000000000007,23.621937230041066,20,0.783,1.0,112.23479347269696,116.9201427912596,35.50647119642373,35.25241149610281,35.751765061154856,35.489398164025275,0.20499069646818638,0.4993535650520471,0.2623668971295814,0.637744016669281,35.4345793960112,35.25241149610281,35.706192230966735,35.30204263589076,35.751765061154856
P_0064_0038,64,38,23.503500000000003,3.145500000000002,23.713048781209054,16,0.783,1.0,110.9728595564465,115.76155482860791,35.44179674330091,35.18367779995805,35.69206328563661,35.42656748221451,0.20720922338917794,0.5083854856785592,0.2654958034220982,0.6492790366265124,35.37708299792081,35.18367779995805,35.6429659632924,35.2370473642647,35.69206328563661
P_0064_0039,64,39,23.503500000000003,3.9284999999999997,23.82955359422413,16,0.783,1.0,109.44567984789919,114.43667625602788,35.36401957402272,35.095002458363865,35.624327639840715,35.34458548910909,0.21200031043609371,0.5293251814768496,0.27974215073162156,0.6760219431377389,35.278758247847975,35.095002458363865,35.561422018152484,35.16341708134041,35.624327639840715
P_0064_0040,64,40,23.503500000000003,4.711500000000001,23.971081421162463,20,0.783,1.0,107.2469208237231,112.74291902323866,35.25245764382847,34.9543693748513,35.538076124649535,35.23440300718338,0.21918685233835752,0.5837067497982389,0.303673117466154,0.7454747762429615,35.177608140788095,34.9543693748513,35.43236824862595,35.069593147002024,35.538076124649535
P_0064_0041,64,41,23.503500000000003,5.494500000000002,24.137192100573756,16,0.783,1.0,104.53617027876021,110.078066400489,35.115365568053235,34.81665382293352,35.40276550722484,35.093727613214256,0.2245750029217953,0.5861116842913248,0.30903789401058646,0.7485462123771708,35.02097993162573,34.81665382293352,35.30617600734581,34.92206279694136,35.40276550722484
P_0064_0042,64,42,23.503500000000003,6.277500000000003,24.327382072471345,20,0.783,1.0,101.22616088218433,107.47761003244634,34.94851746704709,34.609240177761706,35.27128144508907,34.929173642532916,0.23707967749568182,0.6620412673273677,0.342107802556157,0.8455188599327812,34.86963814080406,34.609240177761706,35.11725949701025,34.77844895199951,35.27128144508907
P_0064_0043,64,43,23.503500000000003,7.060500000000005,24.5410915099553,16,0.783,1.0,97.29985058470183,103.58664494401832,34.75105514662104,34.41164654420572,35.074974733831255,34.73614920037353,0.2420698303068351,0.6633281896255312,0.33882553345772237,0.8471624388576388,34.69309254551956,34.41164654420572,34.93842245842927,34.562609719881834,35.074974733831255
P_0064_0044,64,44,23.503500000000003,7.843499999999999,24.777711849563513,16,0.783,1.0,93.19335034032308,99.90704137947452,34.545210921230776,34.182700212491795,34.88951964599721,34.51878647119683,0.25678146600183854,0.7068194335054159,0.37073317480037815,0.9027068116288836,34.43150720488512,34.182700212491795,34.732564367397345,34.357640925212706,34.88951964599721
P_0064_0045,64,45,23.503500000000003,8.6265,25.036593508303003,20,0.783,1.0,87.76477769945532,95.65847786819334,34.27407309659735,33.84302167345305,34.67643476048647,34.251156342454784,0.28328836016256737,0.8334130870334207,0.425278418031688,1.0643845300554542,34.18572275193725,33.84302167345305,34.43082991806614,34.119772608331004,34.67643476048647
P_0064_0046,64,46,23.503500000000003,9.409500000000001,25.31705359041609,16,0.783,1.0,81.36747962612955,89.41863274293725,33.956161336263605,33.51893906452142,34.36387308646488,33.93962626275162,0.2939110166040235,0.8449340219434589,0.4242468237132613,1.079098367743881,33.89985802999644,33.51893906452142,34.14841131825284,33.76704981452252,34.36387308646488
P_0064_0047,64,47,23.503500000000003,10.192500000000003,25.6183834091849,16,0.783,1.0,74.60142087952588,83.53468956123432,33.62235441852165,33.135720038541706,34.071003387487565,33.58608567571217,0.3255874070362018,0.935283348945859,0.48491771177539533,1.1944870356907522,33.4739036488055,33.135720038541706,33.82042992314649,33.4293713805796,34.071003387487565
P_0064_0048,64,48,23.503500000000003,10.975500000000004,25.93985567615981,20,0.783,1.0,65.3210595616413,76.65658961280941,33.170243649510745,32.53579343859309,33.73040731078595,33.13668354448949,0.39196477955514214,1.1946138721928605,0.6008901058964042,1.5256882148056967,33.060913471450874,32.53579343859309,33.32885806087933,33.027445440738234,33.73040731078595
P_0064_0049,64,49,23.503500000000003,11.758499999999998,26.280731239826643,16,0.783,1.0,53.478576360618916,66.17469664662995,32.60758572100774,31.89919584357432,33.21697428282306,32.58179002932089,0.44137543065644563,1.317778439248741,0.6825941857465736,1.6829865124504995,32.55357408278957,31.89919584357432,32.8443380563283,32.394867881089226,33.21697428282306
P_0064_0050,64,50,23.503500000000003,12.5415,26.640265285841284,16,0.783,1.0,38.032207138667104,55.53105882151053,31.930370984354045,30.870461763317792,32.705870832267635,31.83910996394591,0.6139792283219672,1.8354090689498435,0.9686482006281167,2.3440728849934143,31.68842732156145,30.870461763317792,32.23062849917568,31.70016140340698,32.705870832267635
P_0065_0019,65,19,24.286500000000004,-11.731499999999999,26.971506715421,10,0.783,1.0,19.753608860975305,35.15645427768034,31.225646809117894,30.772728843871164,31.781864913028528,31.11257939058361,0.37427918264504706,1.009136069157364,0.6692855224449197,1.288807240303147,30.772728843871164,30.998378889029084,31.781864913028528,30.78048683841581,31.22943746857345
P_0065_0020,65,20,24.286500000000004,-10.9485,26.640265285841284,23,0.783,0.9565217391304348,29.611176649673144,50.845819231864986,31.60572755507958,30.709177027331293,32.48709672359905,31.571436447098176,0.6114514033171642,1.7432625336782621,0.9156602765008763,2.226388931900718,31.570305653417165,31.11431512247128,32.48709672359905,30.74383418992079,31.941630546082592
P_0065_0021,65,21,24.286500000000004,-10.165499999999998,26.328149811561012,20,0.783,1.0,44.18993019467112,60.239228610823744,32.18741940382111,31.30252180506011,32.93336157652794,32.17961635415291,0.5828709105523054,1.6308397714678335,0.8770945490928028,2.0828094143905918,32.28393680045451,31.770680093036844,32.93336157652794,31.30252180506011,32.60758149568517
P_0065_0022,65,22,24.286500000000004,-9.3825,26.035848142513046,25,0.783,1.0,55.53517337026485,69.7166301550431,32.70439068247517,31.909678963098827,33.39291629504652,32.68974252140278,0.5130813833246688,1.4832373319476915,0.7800635583039508,1.8943005516573326,32.729091385747154,32.38366145765838,33.39291629504652,31.909678963098827,33.033364505463
P_0065_0023,65,23,24.286500000000004,-8.599499999999999,25.7640346704471,20,0.783,1.0,64.39737310926894,76.01603868546886,33.125354534123645,32.486667665522305,33.70160854231375,33.107043558105445,0.4440404617057834,1.2149408767914451,0.6203758925831409,1.551648629363276,33.100314606374695,32.771951004691914,33.70160854231375,32.486667665522305,33.47467597162455
P_0065_0024,65,24,24.286500000000004,-7.816499999999998,25.513364233279784,20,0.783,1.0,70.85148441404179,81.4366207411425,33.43771299937349,32.85828648684969,33.96891178319157,33.436696765102354,0.4117743622336118,1.1106252963418797,0.5784102782526617,1.418423111547739,33.487145231805016,33.097357129150964,33.96891178319157,32.85828648684969,33.77178319451451
P_0065_0025,65,25,24.286500000000004,-7.0335,25.284465675588248,25,0.783,1.0,76.9411153182277,87.19937394904086,33.73525392376744,33.17087385012701,34.25347513201052,33.727613425936866,0.3907397227024497,1.0826012818835125,0.556739575809857,1.3826325439125318,33.74778397172241,33.43595362778797,34.25347513201052,33.17087385012701,34.029980548036406
P_0065_0026,65,26,24.286500000000004,-6.250499999999999,25.07793517217875,20,0.783,1.0,82.0888579581065,91.11907446162506,33.98814719582127,33.496388304191385,34.44790469488197,33.97704386017904,0.362889524602719,0.9515163906905855,0.48065555598765286,1.2152188897708627,33.972603864320035,33.66354983481102,34.44790469488197,33.496388304191385,34.304772602690775
P_0065_0027,65,27,24.286500000000004,-5.467499999999998,24.894329444674746,20,0.783,1.0,85.95882233189624,94.4998605028226,34.17884983720088,33.71486709147047,34.615420109684976,34.17780251039035,0.34894114029666523,0.9005530182145094,0.46293541891988355,1.150131568600906,34.20983652219917,33.856692545599515,34.615420109684976,33.71486709147047,34.49219628299761
P_0065_0028,65,28,24.286500000000004,-4.6845,24.734159021482824,25,0.783,1.0,89.62386191619845,98.04290322791148,34.359666043837585,33.900185668244546,34.790826378719885,34.35413118262729,0.3389525583976647,0.8906407104753384,0.45394551438274533,1.1374721717437273,34.3685940690753,34.05764749093703,34.790826378719885,33.900185668244546,34.653402306159705
P_0065_0029,65,29,24.286500000000004,-3.9014999999999986,24.597881707577997,20,0.783,1.0,92.6697082547686,100.3752460920153,34.51005147855654,34.09276747732042,34.90641970119566,34.50247008387648,0.3260446887891508,0.8136522238752377,0.40970260655605983,1.0391471569287838,34.502876634074255,34.18853651351412,34.90641970119566,34.09276747732042,34.82175009327796
P_0065_0030,65,30,24.286500000000004,-3.1184999999999974,24.48589644060434,20,0.783,1.0,94.87147877507182,102.2904337942305,34.6186478652178,34.21736648317193,35.00111419551297,34.61673451074137,0.3195772208258715,0.7837477123410395,0.39936802756943734,1.0009549327471767,34.63823342906153,34.2949497584417,35.00111419551297,34.21736648317193,34.9320086875187
P_0065_0031,65,31,24.286500000000004,-2.3354999999999997,24.398537712330224,25,0.783,1.0,96.81775892260168,104.1272779494209,34.71444369828197,34.317917239965595,35.09157711995056,34.70982694744148,0.3147415853064727,0.7736598799849617,0.3919097074758824,0.9880713665197467,34.722177872783845,34.395817551587754,35.09157711995056,34.317917239965595,35.021644952919644
P_0065_0032,65,32,24.286500000000004,-1.5524999999999984,24.33607072844752,20,0.783,1.0,98.25854721442522,105.16771503118396,34.78503785967409,34.41187631745555,35.142462543843806,34.7796135296695,0.31007704933332014,0.7305862263882545,0.36773721221394595,0.9330603146721003,34.785533231811144,34.45213199698668,35.142462543843806,34.41187631745555,35.1060635582503
P_0065_0033,65,33,24.286500000000004,-0.7695000000000007,24.298687464552486,20,0.783,1.0,99.10502283158021,105.83642053308112,34.826148598441875,34.46293350619152,35.17473537189221,34.82282944879823,0.3080732075633624,0.7118018657006928,0.35989594260671254,0.9090700711375387,34.83673997885052,34.48747514363464,35.17473537189221,34.46293350619152,35.15226324342228
P_0065_0034,65,34,24.286500000000004,0.013500000000000512,24.286503752084204,25,0.783,1.0,99.57904046082741,106.15628304962952,34.848513901006655,34.49305067217688,35.189241426521164,34.84407459137516,0.3072585419876722,0.6961907543442862,0.35102391919828335,0.8891325087411063,34.85576285579623,34.50239100880475,35.189241426521164,34.49305067217688,35.17992699357677
P_0065_0035,65,35,24.286500000000004,0.7965000000000018,24.299557495970994,20,0.783,1.0,99.57784048879951,106.15163230456064,34.84714013064304,34.49095490246856,35.18870704785593,34.84335413681847,0.3078776254220306,0.6977521453873692,0.3523992343499103,0.8911266224615187,34.85541617253301,34.49095490246856,35.18020688252494,34.50148567870991,35.18870704785593
P_0065_0036,65,36,24.286500000000004,1.5794999999999995,24.337808087418228,20,0.783,1.0,99.15164723361718,105.90320916463614,34.8246980621322,34.45865463701102,35.175063617774015,34.8197470533748,0.3097380028849639,0.7164089807629921,0.36109241636377476,0.9149539984201687,34.8275557725288,34.45865463701102,35.152637429904246,34.48482380965589,35.175063617774015
P_0065_0037,65,37,24.286500000000004,2.3625000000000007,24.40113703293353,25,0.783,1.0,98.18367659901294,105.2830544448458,34.77511119429313,34.38808852978974,35.142808791979235,34.77051198041378,0.31385583183902666,0.754720262189494,0.3824234506240387,0.9638828380453307,34.78287927839256,34.38808852978974,35.091509132683825,34.44727416922353,35.142808791979235
P_0065_0038,65,38,24.286500000000004,3.145500000000002,24.4893497769949,20,0.783,1.0,96.71021410870233,103.97156324212123,34.700353125560234,34.306255464980154,35.07563688671536,34.69796333179644,0.31880550559640475,0.7693814217352042,0.391707866816283,0.9826071797384472,34.71761612642297,34.306255464980154,35.020508027684286,34.369800153179426,35.07563688671536
P_0065_0039,65,39,24.286500000000004,3.9284999999999997,24.602178653525794,20,0.783,1.0,94.92872595037176,102.47665790187872,34.61047298831833,34.200378105459265,34.99957833746129,34.60331893179459,0.32514007288140384,0.799200232002022,0.4029408263353247,1.0206899514712924,34.605615623724646,34.200378105459265,34.92891709476885,34.28210549755892,34.99957833746129
P_0065_0040,65,40,24.286500000000004,4.711500000000001,24.739286863206065,25,0.783,1.0,92.3556972690209,100.56459739974758,34.481184108361155,34.0312055223996,34.90277570494658,34.47561781515297,0.33728398922597297,0.871570182546975,0.4444122927533698,1.113116452805843,34.490022944452164,34.0312055223996,34.78414563598449,34.169939267982045,34.90277570494658
P_0065_0041,65,41,24.286500000000004,5.494500000000002,24.90027334187318,20,0.783,1.0,89.16347534193798,97.54690762712455,34.32145058345666,33.8646106911454,34.75083605236176,34.312104234124355,0.34743222716194005,0.8862253612163613,0.44749354297895394,1.131833156087307,34.311056250031186,33.8646106911454,34.64163230824988,33.99238586883354,34.75083605236176
P_0065_0042,65,42,24.286500000000004,6.277500000000003,25.08467836150187,25,0.783,1.0,85.22376932723463,94.58640394789973,34.125155410232104,33.60912451014457,34.60201488914231,34.11839397132292,0.3684392778042634,0.9928903789977426,0.5092694611783486,1.2680592324364528,34.13636778799287,33.60912451014457,34.42648486554481,33.81797780379003,34.60201488914231
P_0065_0043,65,43,24.286500000000004,7.060500000000005,25.291989690413846,20,0.783,1.0,80.48266710540443,90.1204950413523,33.89013714784604,33.36215425464928,34.378293531049906,33.888674400659205,0.3856919024053903,1.0161392764006223,0.526520146009922,1.297751310856478,33.93027681382574,33.36215425464928,34.22180771682207,33.55083968694902,34.378293531049906
P_0065_0044,65,44,24.286500000000004,7.843499999999999,25.52164913362771,20,0.783,1.0,75.42205510049476,85.8495855418557,33.64090101710319,33.06632561644909,34.16542526866448,33.625738062777984,0.41034398706767067,1.0990996522153864,0.5594124463288921,1.4037032595343377,33.621268166302855,33.06632561644909,33.98235971675763,33.29331154571588,34.16542526866448
P_0065_0045,65,45,24.286500000000004,8.6265,25.773059277082343,25,0.783,1.0,68.52162977763001,80.84928584815476,33.30462275221105,32.61039388291641,33.916859045539184,33.29261291944154,0.4610276472958163,1.3064651626227715,0.6822190365251259,1.6685378832985587,33.32425868724374,32.61039388291641,33.626929417154656,32.98462356435368,33.916859045539184
P_0065_0046,65,46,24.286500000000004,9.409500000000001,26.04559026975584,20,0.783,1.0,59.98474403054432,73.33850792838253,32.895551405073775,32.14568189450597,33.54647952710752,32.890520144183064,0.5089809069049618,1.4007976326015523,0.7448382496770947,1.7890135793123272,32.96950656201784,32.14568189450597,33.28530819763495,32.505624539649034,33.54647952710752
P_0065_0047,65,47,24.286500000000004,10.192500000000003,26.33858649396357,20,0.783,1.0,50.12641855753537,66.0181110879482,32.43928043309156,31.526558995639448,33.189986401286205,32.4036887755983,0.5940951468587844,1.6634274056467575,0.8771297799588496,2.124428359702117,32.415078401943504,31.526558995639448,32.87575210861229,32.011067970510055,33.189986401286205
P_0065_0048,65,48,24.286500000000004,10.975500000000004,26.651372994650767,23,0.783,1.0,35.911782453743555,57.04498407096212,31.84244461346916,30.778714686973444,32.759909594459884,31.796999521714405,0.666124878924739,1.9070095588040203,0.9629100727454798,2.435516677910626,31.823907226592667,30.852900035655864,32.22041552545738,31.32786522640623,32.759909594459884
P_0065_0049,65,49,24.286500000000004,11.758499999999998,26.983261561568128,10,0.783,1.0,26.614718420179578,41.880972069243526,31.455138715489092,30.90784316776461,32.061583562603914,31.31728763238491,0.4273890809545287,1.1537403948393035,0.7442959302190033,1.4734870943030696,30.90784316776461,30.927339539515287,31.482873254285263,31.20679863775547,32.061583562603914
P_0066_0022,66,22,25.069500000000005,-9.3825,26.76772565049187,16,0.783,0.9375,24.900096475311607,42.37331599936254,31.401746996272845,30.709177027331293,32.07765290445002,31.36809682666159,0.4557019955694975,1.2325248593948004,0.7095560777884309,1.574105822981865,31.462313442984225,30.901310755953205,32.07765290445002,30.84512804505522,31.55407898486527
P_0066_0023,66,23,25.069500000000005,-8.599499999999999,26.50341922280973,16,0.783,1.0,36.622394431218325,51.599979461322135,31.842553613690445,31.071525537894274,32.49783364204751,31.850387500096225,0.5054314249343621,1.426308104153236,0.778861962201951,1.821594002749982,31.98461242548484,31.507316525756096,32.49783364204751,31.071525537894274,32.1906493692984
P_0066_0024,66,24,25.069500000000005,-7.816499999999998,26.2598077392048,16,0.783,1.0,46.72304374331611,58.98926316088874,32.27511241924617,31.63334310101601,32.84619993564252,32.30475443402501,0.4416552937357842,1.212856834626507,0.6714113330089972,1.5489870174029463,32.489072354048346,31.964616401044,32.84619993564252,31.63334310101601,32.59054037837416
P_0066_0025,66,25,25.069500000000005,-7.0335,26.037472083518406,20,0.783,1.0,55.22859595240095,66.46572651642377,32.66427889052677,32.062710741194394,33.204727055488775,32.68339295280064,0.4016762576056293,1.1420163142943807,0.620682211606244,1.4585138113593623,32.81563663058131,32.410377462244924,33.204727055488775,32.062710741194394,32.92351287449378
P_0066_0026,66,26,25.069500000000005,-6.250499999999999,25.836961518336484,16,0.783,1.0,61.99887944491331,71.3819215025568,32.9832082070291,32.48674743316445,33.44219517986073,32.996434121453376,0.3551872464324311,0.9554477466962794,0.509686688288923,1.2202397786670234,33.08891229965235,32.6963724196753,33.44219517986073,32.48674743316445,33.267943274914046
P_0066_0027,66,27,25.069500000000005,-5.467499999999998,25.65878770518982,16,0.783,1.0,66.89795916505598,75.53249225118036,33.21778182071583,32.76055667823897,33.64526275589674,33.24190910900982,0.33768332143165886,0.8847060776577678,0.48135243077084766,1.1298928194862934,33.37227352012491,32.93520014540411,33.64526275589674,32.76055667823897,33.49625244538436
P_0066_0028,66,28,25.069500000000005,-4.6845,25.503418800231476,20,0.783,1.0,71.42049628811124,79.80427432229614,33.43603188236094,32.98796324543429,33.85401408863726,33.45385189082333,0.3226977602925366,0.8660508432029701,0.4658886453890432,1.1060674881263985,33.558871997942106,33.17760616268288,33.85401408863726,32.98796324543429,33.69080395942012
P_0066_0029,66,29,25.069500000000005,-3.9014999999999986,25.371273765816337,16,0.783,1.0,75.1078870054132,82.57578695462196,33.614973898731954,33.21967570133711,33.98973494331875,33.629652141093096,0.30354431871145066,0.7700592419816417,0.40997643975598663,0.9834728505512664,33.7150198454479,33.33349221724171,33.98973494331875,33.21967570133711,33.89033799812
P_0066_0030,66,30,25.069500000000005,-3.1184999999999974,25.262717045084447,16,0.783,1.0,77.73344191168628,84.82720537903411,33.74278419181791,33.36750213617853,34.10034371054189,33.763308724951855,0.29679710640939,0.7328415743633627,0.39580658877332553,0.935940707999186,33.87052260698664,33.45844632791619,34.10034371054189,33.36750213617853,34.01972884313602
P_0066_0031,66,31,25.069500000000005,-2.3354999999999997,25.17805374726173,20,0.783,1.0,80.02537407343728,86.96225863699587,33.85421944318917,33.48520369076982,34.204905494677575,33.87121539100538,0.29002677899294627,0.7197018039077534,0.38601170023555653,0.9191593919639252,33.96596401768494,33.575824728871055,34.204905494677575,33.48520369076982,34.12417902302349
P_0066_0032,66,32,25.069500000000005,-1.5524999999999984,25.117525485206546,16,0.783,1.0,81.70072071639545,88.15551276980175,33.935683125227186,33.59450490258399,34.26301912612877,33.95156060559458,0.2833055057629701,0.6685142235447756,0.3570557030105874,0.8537857261108245,34.037833584905,33.64092581111322,34.26301912612877,33.59450490258399,34.22151960324192
P_0066_0033,66,33,25.069500000000005,-0.7695000000000007,25.08130699345631,16,0.783,1.0,82.66808670827179,88.90734155070857,33.982421327456635,33.653246244587365,34.29923934608013,34.00054397422299,0.2813525497799441,0.6459931014927633,0.34729772963562766,0.8250231181261345,34.09521351128507,33.68091450260681,34.29923934608013,33.653246244587365,34.27410626655558
P_0066_0034,66,34,25.069500000000005,0.013500000000000512,25.069503634894733,20,0.783,1.0,83.18674147130221,89.23750750417234,34.00688176430164,33.687066425672526,34.31428186325229,34.02368869520184,0.2801527873001178,0.6272154375797641,0.3366222695293146,0.8010414273049349,34.11574366930438,33.696426132130114,34.31428186325229,33.687066425672526,34.30492538564988
P_0066_0035,66,35,25.069500000000005,0.7965000000000018,25.082149877951057,16,0.783,1.0,83.14090436549105,89.22255332218809,34.003477181533654,33.681325807016094,34.313274093474945,34.02113183317736,0.28099977116537744,0.6319482864588508,0.33980602616126276,0.8070859341747775,34.11392907176412,33.681325807016094,34.30217609681279,33.69495409681883,34.313274093474945
P_0066_0036,66,36,25.069500000000005,1.5794999999999995,25.119208795262647,16,0.783,1.0,82.59382073558743,88.89100690325395,33.9754562638075,33.64130566374979,34.29576745040987,33.991801495345634,0.28307712396958445,0.6544617866600788,0.3504958315958433,0.8358388079949921,34.07994486339862,33.64130566374979,34.268303987669015,33.67368551150088,34.29576745040987
P_0066_0037,66,37,25.069500000000005,2.3625000000000007,25.180572600717408,20,0.783,1.0,81.3912917498485,88.11803513242076,33.91502554174142,33.55517424670484,34.25636880201745,33.93199968185364,0.28909125231198096,0.7011945553126111,0.3768254351488025,0.8955230591476514,34.02678968948965,33.55517424670484,34.19435956249691,33.62730610855937,34.25636880201745
P_0066_0038,66,38,25.069500000000005,3.145500000000002,25.266064206757655,16,0.783,1.0,79.5721772453168,86.50833482692488,33.82460920904644,33.45613746212916,34.17520401328102,33.8446244503747,0.2960001514123947,0.7190665511518546,0.38848698824553907,0.9183480857622663,33.95006829464916,33.45613746212916,34.10862976372965,33.53308271808453,34.17520401328102
P_0066_0039,66,39,25.069500000000005,3.9284999999999997,25.375439749884144,16,0.783,1.0,77.36690470101641,84.6771987644854,33.71547841681587,33.32698030239101,34.08331656444096,33.73060360411122,0.3028955330512248,0.7563362620499561,0.4036233017202093,0.96594669482753,33.817970882819054,33.32698030239101,33.99795587894528,33.42679439195979,34.08331656444096
P_0066_0040,66,40,25.069500000000005,4.711500000000001,25.508392001457096,20,0.783,1.0,74.15233164093372,82.32596849413225,33.557445285375294,33.117404458355736,33.966313473425544,33.57513654415415,0.321264040300295,0.8489090150698075,0.45773208579841196,1.0841749873177617,33.68055292832412,33.117404458355736,33.82183292448053,33.2895789361848,33.966313473425544
P_0066_0041,66,41,25.069500000000005,5.494500000000002,25.664554554871984,16,0.783,1.0,70.10261217509775,78.57953937548236,33.359858066680914,32.9085081670882,33.78097511028761,33.37397796329397,0.3339070179694038,0.872466943199413,0.4654697962057668,1.1142617409954187,33.4651206414369,32.9085081670882,33.64601772341109,33.06926817424602,33.78097511028761
P_0066_0042,66,42,25.069500000000005,6.277500000000003,25.84350666028123,20,0.783,1.0,64.97356919766526,74.84925098883146,33.112064964982004,32.578161103994546,33.596645771478165,33.130662970817866,0.3680718234565371,1.0184846674836194,0.5525018668233201,1.3007467017670746,33.25221122500676,32.578161103994546,33.3773439035038,32.84895285010606,33.596645771478165
P_0066_0043,66,43,25.069500000000005,7.060500000000005,26.044778565002243,16,0.783,1.0,58.56478954688953,69.09246587930573,32.80730758704752,32.242926577617595,33.3160093920626,32.83409425043574,0.3990767311874017,1.0730828144450015,0.5911676728181448,1.370476135945085,32.99594409117515,32.242926577617595,33.113582413827885,32.50200877749546,33.3160093920626
P_0066_0044,66,44,25.069500000000005,7.843499999999999,26.267857211809268,16,0.783,1.0,51.293614429769086,63.40222796160196,32.470284287949625,31.817943397105864,33.04037245778528,32.480622757956574,0.4422407167213647,1.222429060679417,0.66267936085071,1.5612120826046194,32.59801267797212,31.817943397105864,32.798612287312835,32.148172969606776,33.04037245778528
P_0066_0045,66,45,25.069500000000005,8.6265,26.512192148141963,20,0.783,1.0,39.96980561035427,56.43322662400804,31.97815793283374,31.045153932773133,32.70892988287591,31.989042315473238,0.5718742689369648,1.6637759501027745,0.9438883827001057,2.1248734994926877,32.19438768591766,31.045153932773133,32.30143502654863,31.695305049250862,32.70892988287591
P_0066_0046,66,46,25.069500000000005,9.409500000000001,26.777201506132048,12,0.783,1.0,29.303963251960138,45.01748962648488,31.555229852868475,30.79634393644432,32.18221499019734,31.483837744404276,0.5146508852460808,1.385871053753018,0.6983772457930613,1.7699502602209678,31.674824242744364,30.99104975739056,31.7747557952448,30.79634393644432,32.18221499019734
P_0067_0025,67,25,25.8525,-7.0335,26.79219809011571,17,0.783,1.0,26.20496216751733,43.22088960782859,31.440501477130987,30.75204374893252,32.09916070007978,31.332691151957977,0.4936677341358223,1.2567704173470133,0.7664695481218011,1.6050707756666835,31.119239379089493,30.88712243616584,32.09916070007978,30.842390282732765,31.715542961722008
P_0067_0026,67,26,25.8525,-6.250499999999999,26.597377812483696,16,0.783,1.0,35.08702689902593,50.11603756825338,31.768888082215142,31.023519859261285,32.41075598267668,31.70749510972387,0.5159960204774333,1.3872361234153985,0.7032608729528143,1.7716936442086826,31.568638637303536,31.35349813229516,32.41075598267668,31.023519859261285,32.181062937082686
P_0067_0027,67,27,25.8525,-5.467499999999998,26.424331826935568,16,0.783,1.0,42.97080194862036,55.64141422551309,32.093182099151576,31.44472508186328,32.66551320379887,32.05574967195613,0.4591601379631711,1.2207881219355876,0.6110245900928497,1.5591163753966635,31.987080044587003,31.702245660189533,32.66551320379887,31.44472508186328,32.479184369341965
P_0067_0028,67,28,25.8525,-4.6845,26.273490375281316,20,0.783,1.0,49.50224451650124,61.11592017950472,32.38144634676665,31.77490332465408,32.924414975266984,32.3408348695634,0.42627443575532276,1.1495116506129044,0.5835801057035823,1.4680863992501971,32.245906180800205,32.036176481354744,32.924414975266984,31.77490332465408,32.72277338574099
P_0067_0029,67,29,25.8525,-3.9014999999999986,26.145237778608937,16,0.783,1.0,54.52434107681118,64.572662931372,32.61027943216007,32.091889962762764,33.08798270948563,32.56925640779468,0.39432631068142904,0.9960927467228657,0.5187263016909469,1.2721491018171975,32.45829715395297,32.2395176972214,33.08798270948563,32.091889962762764,32.96859451555065
P_0067_0030,67,30,25.8525,-3.1184999999999974,26.03990780513633,16,0.783,1.0,57.96693660373852,67.330775657738,32.76988534543864,32.284708919138154,33.2208439314507,32.738895109752285,0.37565157540179633,0.9361350123125476,0.4819488216984169,1.1955747283685154,32.66123827720958,32.403470549055385,33.2208439314507,32.284708919138154,33.124213871907614
P_0067_0031,67,31,25.8525,-2.3354999999999997,25.95777949863971,20,0.783,1.0,60.8939468577561,69.90320195152641,32.90717613054178,32.43786041015062,33.344477638082935,32.87383372523842,0.36438839100491055,0.9066172279323155,0.47064391284451546,1.157876408598104,32.785748063737515,32.551879239498874,33.344477638082935,32.43786041015062,33.24920327472216
P_0067_0032,67,32,25.8525,-1.5524999999999984,25.899073583817625,16,0.783,1.0,62.98655357402052,71.31644594285642,33.00544291451353,32.57484242859624,33.412127030133604,32.97178471453299,0.35502610896924,0.8372846015373625,0.440342315600617,1.0693289930234515,32.87678114964086,32.63125601848776,33.412127030133604,32.57484242859624,33.363916945806466
P_0067_0033,67,33,25.8525,-0.7695000000000007,25.863949553384145,16,0.783,1.0,64.16463374129353,72.18680059281849,33.060657047491745,32.64602659781991,33.453458906901005,33.030074987464296,0.3501392346341348,0.8074323090810935,0.4233839194367093,1.0312034598736826,32.94738155275627,32.67861713443273,33.453458906901005,32.64602659781991,33.424890745411574
P_0067_0034,67,34,25.8525,0.013500000000000512,25.852503524803936,20,0.783,1.0,64.76040225878862,72.53160347460977,33.088191397561516,32.6857511717962,33.46915585648907,33.05612319455808,0.3488029075682449,0.7833507211919937,0.41297869843010915,1.0004479197854326,32.97099176444067,32.694999011300865,33.46910189298819,32.6857511717962,33.459772132264504
P_0067_0035,67,35,25.8525,0.7965000000000018,25.864766933030733,16,0.783,1.0,64.63745139851284,72.50201236429801,33.08146765751492,32.67323264452449,33.46745358252463,33.05036853717013,0.35028183895679327,0.7942209380001373,0.4170850453544972,1.0143306998724613,32.96587433435832,32.67323264452449,33.45288047093777,32.69240165350544,33.46745358252463
P_0067_0036,67,36,25.8525,1.5794999999999995,25.900706100413554,16,0.783,1.0,63.8796535932125,72.05194007630864,33.044731171329765,32.62018730481293,33.444781921055494,33.011385029927155,0.3550317934345496,0.8245946162425639,0.43339689112833923,1.0531221152523167,32.91839132948053,32.62018730481293,33.41056798151726,32.662996612769575,33.444781921055494
P_0067_0037,67,37,25.8525,2.3625000000000007,25.96022269742692,20,0.783,1.0,62.259864534167335,71.05897844695129,32.96714285942287,32.50588216741215,33.39579432132746,32.933694884796125,0.36415902244093823,0.8899121539153043,0.46209943653133223,1.1365417035955354,32.84585449945104,32.50588216741215,33.31918429562853,32.60175914016145,33.39579432132746
P_0067_0038,67,38,25.8525,3.145500000000002,26.043155079598172,16,0.783,1.0,59.80567193736903,69.01190510562877,32.85042835964963,32.370876260489354,33.29549155682622,32.81902064018503,0.3760005983029264,0.9246152963368672,0.47647091664119046,1.180862447428949,32.73984423682947,32.370876260489354,33.21286284555424,32.47602830122588,33.29549155682622
P_0067_0039,67,39,25.8525,3.9284999999999997,26.149280458551818,16,0.783,1.0,56.783358772414374,66.67407474123543,32.70823432911189,32.19240580853534,33.18129937599355,32.66738221887594,0.39533060495345806,0.9888935674582058,0.5139171571176036,1.2629547477116294,32.558060306292816,32.19240580853534,33.07492342047294,32.330222183085084,33.18129937599355
P_0067_0040,67,40,25.8525,4.711500000000001,26.278317839998817,20,0.783,1.0,52.23407986932371,63.63761435134085,32.498566615210684,31.89408949704034,33.0353695647085,32.457315895534485,0.4280390032829893,1.1412800676681627,0.5780536691740181,1.4575735219261337,32.36382054168541,31.89408949704034,32.85223481194163,32.14106506229655,33.0353695647085
P_0067_0041,67,41,25.8525,5.494500000000002,26.42993164009321,16,0.783,1.0,46.175454958662144,58.68846134981506,32.227069545366426,31.57550426547749,32.79960251060976,32.1734870907805,0.46758432545684075,1.224098245132268,0.6261154198292616,1.5633438635150292,32.04728413935737,31.57550426547749,32.62429051483855,31.820754023619315,32.79960251060976
P_0067_0042,67,42,25.8525,6.277500000000003,26.60373587487291,20,0.783,1.0,37.448938735416036,53.58336705452803,31.86240684644114,30.99356681597078,32.56040184188191,31.800856022811352,0.5576891981568171,1.566835025911132,0.8072892068405721,2.001066444330948,31.711671835850893,30.99356681597078,32.26246869698065,31.476170923372536,32.56040184188191
P_0067_0043,67,43,25.8525,7.060500000000005,26.799298806125506,13,0.783,1.0,29.634120630893502,45.21043285793559,31.55913262248756,30.81776691664845,32.17794238795466,31.418788379307195,0.5299709025149115,1.36017547130621,0.7591540086474637,1.7371334244012897,31.26040103312971,30.948959613227714,31.88887194557543,30.81776691664845,32.17794238795466
P_0068_0029,68,29,26.6355,-3.9014999999999986,26.919724413522513,12,0.783,1.0,25.647848031588836,39.087587384001374,31.400732340544895,30.83189277592669,31.902917362955804,31.29155581059597,0.4412422090404349,1.0710245870291146,0.6113615523598348,1.3678474930129176,30.91673662482384,31.06917038275037,31.902917362955804,30.83189277592669,31.737061906523135
P_0068_0030,68,30,26.6355,-3.1184999999999974,26.817436538565726,14,0.783,0.9285714285714286,27.932245941473667,43.20303223826495,31.50570218583644,30.709177027331293,32.082054471676315,31.44318938397016,0.4941475491302228,1.2870754707885794,0.6482103830824251,1.6437745476227068,31.25596767012246,30.794979000887736,32.082054471676315,31.130247624379138,31.95269815278516
P_0068_0031,68,31,26.6355,-2.3354999999999997,26.73769661919291,20,0.783,1.0,30.862170092590276,46.8596729311773,31.602394660802663,30.849213764156275,32.24105362663124,31.539895441288195,0.5572743080355723,1.391839862474967,0.7011581853430471,1.7775732598658582,31.43827311396194,31.05178847751296,32.24105362663124,30.849213764156275,32.11914822417856
P_0068_0032,68,32,26.6355,-1.5524999999999984,26.68070682159676,16,0.783,1.0,34.8004868516759,48.79182554565623,31.74483502275344,31.086712705637296,32.32912020186376,31.686335744657754,0.5258378732461207,1.2424074962264626,0.6427844572060053,1.5867273259597223,31.573172447964964,31.17610662506712,32.32912020186376,31.086712705637296,32.26656674275563
P_0068_0033,68,33,26.6355,-0.7695000000000007,26.646613114990807,16,0.783,1.0,36.76846103050509,49.935069294461904,31.822607934043752,31.200528473531108,32.38104382859666,31.770032142695687,0.5113732102021996,1.1805153550655518,0.6110116859009729,1.5076824458053024,31.6719911227525,31.25120036279668,32.38104382859666,31.200528473531108,32.34539692580148
P_0068_0034,68,34,26.6355,0.013500000000000512,26.635503421185792,21,0.783,0.9523809523809523,35.84551687683112,50.329915119560894,31.80265817947331,30.709177027331293,32.39859634937915,31.803409792204604,0.5072205114433858,1.1365326792568453,0.5942764705741297,1.4515104460496109,31.701200277935754,31.268392531589768,32.397686262778734,31.26115358352189,32.38861630519688
P_0068_0035,68,35,26.6355,0.7965000000000018,26.647406487311294,16,0.783,1.0,37.24127868772438,50.25028106594143,31.8412960143878,31.222245586042845,32.394648802458335,31.787979615918687,0.5131107542853516,1.1724032164154892,0.6066691865396479,1.4973221154731662,31.688337604571643,31.222245586042845,32.37260728115609,31.26205880536452,32.394648802458335
P_0068_0036,68,36,26.6355,1.5794999999999995,26.682291515160387,16,0.783,1.0,35.693586870867875,49.52731967910843,31.779498127164146,31.115480967261647,32.36086584739303,31.719932467354557,0.530571694591761,1.2453848801313825,0.6409333800384722,1.5905298596824808,31.609953155561925,31.115480967261647,32.311918977665016,31.201443388891164,32.36086584739303
P_0068_0037,68,37,26.6355,2.3625000000000007,26.74006855825168,20,0.783,1.0,32.22808776900152,48.0154494266022,31.651852787072425,30.881753156503294,32.290849942802254,31.58588979190347,0.568024486404169,1.40909678629896,0.7049601508987848,1.7996127538939464,31.48871033150931,30.881753156503294,32.18470184816954,31.08343368053295,32.290849942802254
P_0068_0038,68,38,26.6355,3.145500000000002,26.82058967472565,14,0.783,1.0,29.740029025229013,44.884161686155686,31.56989920440762,30.734905582411443,32.15197941602855,31.505377489368776,0.5088506763462107,1.329327502418323,0.6827255757585462,1.6977362738420474,31.31749839136853,31.19901919713078,32.03573852870579,30.82265191361023,32.15197941602855
P_0068_0039,68,39,26.6355,3.9284999999999997,26.92365080185078,12,0.783,1.0,27.906865727192027,41.18899919386481,31.4778958475495,30.876523761537896,31.990330121910237,31.360936462104974,0.4586358239718578,1.1138063603723403,0.6293936598052632,1.4224857731447513,30.98002784400336,30.876523761537896,31.831050647368897,31.12674993570448,31.990330121910237
